0	[[[1885 1075 350]]]
1	[[[1885 1075 350]]]
2	[[[1885 1075 350]]]
3	[[[1885 1075 350]]]
4	[[[1885 1075 350]]]
5	[[[1885 1075 350]]]
6	[[[1885 1075 350]]]
7	[[[1885 1075 350]]]
8	[[[1885 1075 350]]]
9	[[[1885 1075 350]]]
10	[[[1885 1075 350]]]
11	[[[1885 1075 350]]]
12	[[[1885 1075 350]]]
13	[[[1885 1075 350]]]
14	[[[1885 1075 350]]]
15	[[[1885 1075 350]]]
16	[[[1885 1075 350]]]
17	[[[1885 1075 350]]]
18	[[[1885 1075 350]]]
19	[[[1885 1075 350]]]
20	[[[1885 1075 350]]]
21	[[[1885 1075 350]]]
22	[[[1885 1075 350]]]
23	[[[1885 1075 350]]]
24	[[[1885 1075 350]]]
25	[[[1885 1075 350]]]
26	[[[1885 1075 350]]]
27	[[[1885 1075 350]]]
28	[[[1885 1075 350]]]
29	[[[1885 1075 350]]]
30	[[[1885 1075 350]]]
31	[[[1885 1075 350]]]
32	[[[1885 1075 350]]]
33	[[[1885 1075 350]]]
34	[[[1885 1075 350]]]
35	[[[1885 1075 350]]]
36	[[[1885 1075 350]]]
37	[[[1885 1075 350]]]
38	[[[1885 1075 350]]]
39	[[[1885 1075 350]]]
40	[[[1885 1075 350]]]
41	[[[1885 1075 350]]]
42	[[[1885 1075 350]]]
43	[[[1885 1075 350]]]
44	[[[1885 1075 350]]]
45	[[[1885 1075 350]]]
46	[[[1885 1075 350]]]
47	[[[1885 1075 350]]]
48	[[[1885 1075 350]]]
49	[[[1885 1075 350]]]
50	[[[1885 1075 350]]]
51	[[[1885 1075 350]]]
52	[[[1885 1075 350]]]
53	[[[1885 1075 350]]]
54	[[[1885 1075 350]]]
55	[[[1885 1075 350]]]
56	[[[1885 1075 350]]]
57	[[[1885 1075 350]]]
58	[[[1885 1075 350]]]
59	[[[1885 1075 350]]]
60	[[[1885 1075 350]]]
61	[[[1885 1075 350]]]
62	[[[1885 1075 350]]]
63	[[[1885 1075 350]]]
64	[[[1885 1075 350]]]
65	[[[1885 1075 350]]]
66	[[[1885 1075 350]]]
67	[[[1885 1075 350]]]
68	[[[1885 1075 350]]]
69	[[[1885 1075 350]]]
70	[[[1885 1075 350]]]
71	[[[1885 1075 350]]]
72	[[[1885 1075 350]]]
73	[[[1885 1075 350]]]
74	[[[1885 1075 350]]]
75	[[[1885 1075 350]]]
76	[[[1885 1075 350]]]
77	[[[1885 1075 350]]]
78	[[[1885 1075 350]]]
79	[[[1885 1075 350]]]
80	[[[1885 1075 350]]]
81	[[[1885 1075 350]]]
82	[[[1885 1075 350]]]
83	[[[1885 1075 350]]]
84	[[[1885 1075 350]]]
85	[[[1885 1075 350]]]
86	[[[1885 1075 350]]]
87	[[[1885 1075 350]]]
88	[[[1885 1075 350]]]
89	[[[1885 1075 350]]]
90	[[[1885 1075 350]]]
91	[[[1885 1075 350]]]
92	[[[1885 1075 350]]]
93	[[[1885 1075 350]]]
94	[[[1885 1075 350]]]
95	[[[1885 1075 350]]]
96	[[[1885 1075 350]]]
97	[[[1885 1075 350]]]
98	[[[1885 1075 350]]]
99	[[[1885 1075 350]]]
100	[[[1885 1075 350]]]
101	[[[1885 1075 350]]]
102	[[[1885 1075 350]]]
103	[[[1885 1075 350]]]
104	[[[1885 1075 350]]]
105	[[[1885 1075 350]]]
106	[[[1885 1075 350]]]
107	[[[1885 1075 350]]]
108	[[[1885 1075 350]]]
109	[[[1885 1075 350]]]
110	[[[1885 1075 350]]]
111	[[[1885 1075 350]]]
112	[[[1885 1075 350]]]
113	[[[1885 1075 350]]]
114	[[[1885 1075 350]]]
115	[[[1885 1075 350]]]
116	[[[1885 1075 350]]]
117	[[[1885 1075 350]]]
118	[[[1885 1075 350]]]
119	[[[1885 1075 350]]]
120	[[[1885 1075 350]]]
121	[[[1885 1075 350]]]
122	[[[1885 1075 350]]]
123	[[[1885 1075 350]]]
124	[[[1885 1075 350]]]
125	[[[1885 1075 350]]]
126	[[[1885 1075 350]]]
127	[[[1885 1075 350]]]
128	[[[1885 1075 350]]]
129	[[[1885 1075 350]]]
130	[[[1885 1075 350]]]
131	[[[1885 1075 350]]]
132	[[[1885 1075 350]]]
133	[[[1885 1075 350]]]
134	[[[1885 1075 350]]]
135	[[[1885 1075 350]]]
136	[[[1885 1075 350]]]
137	[[[1885 1075 350]]]
138	[[[1885 1075 350]]]
139	[[[1885 1075 350]]]
140	[[[1885 1075 350]]]
141	[[[1885 1075 350]]]
142	[[[1885 1075 350]]]
143	[[[1885 1075 350]]]
144	[[[1885 1075 350]]]
145	[[[1885 1075 350]]]
146	[[[1885 1075 350]]]
147	[[[1885 1075 350]]]
148	[[[1885 1075 350]]]
149	[[[1885 1075 350]]]
150	[[[1885 1075 350]]]
151	[[[1885 1075 350]]]
152	[[[1885 1075 350]]]
153	[[[1885 1075 350]]]
154	[[[1885 1075 350]]]
155	[[[1885 1075 350]]]
156	[[[1885 1075 350]]]
157	[[[1885 1075 350]]]
158	[[[1885 1075 350]]]
159	[[[1885 1075 350]]]
160	[[[1885 1075 350]]]
161	[[[1885 1075 350]]]
162	[[[1885 1075 350]]]
163	[[[1885 1075 350]]]
164	[[[1885 1075 350]]]
165	[[[1885 1075 350]]]
166	[[[1885 1075 350]]]
167	[[[1885 1075 350]]]
168	[[[1885 1075 350]]]
169	[[[1885 1075 350]]]
170	[[[1885 1075 350]]]
171	[[[1885 1075 350]]]
172	[[[1885 1075 350]]]
173	[[[1885 1075 350]]]
174	[[[1885 1075 350]]]
175	[[[1885 1075 350]]]
176	[[[1885 1075 350]]]
177	[[[1885 1075 350]]]
178	[[[1885 1075 350]]]
179	[[[1885 1075 350]]]
180	[[[1885 1075 350]]]
181	[[[1885 1075 350]]]
182	[[[1885 1075 350]]]
183	[[[1885 1075 350]]]
184	[[[1885 1075 350]]]
185	[[[1885 1075 350]]]
186	[[[1885 1075 350]]]
187	[[[1885 1075 350]]]
188	[[[1885 1075 350]]]
189	[[[1885 1075 350]]]
190	[[[1885 1075 350]]]
191	[[[1885 1075 350]]]
192	[[[1885 1075 350]]]
193	[[[1885 1075 350]]]
194	[[[1885 1075 350]]]
195	[[[1885 1075 350]]]
196	[[[1885 1075 350]]]
197	[[[1885 1075 350]]]
198	[[[1885 1075 350]]]
199	[[[1885 1075 350]]]
200	[[[1885 1075 350]]]
201	[[[1885 1075 350]]]
202	[[[1885 1075 350]]]
203	[[[1885 1075 350]]]
204	[[[1886 1075 350]]]
205	[[[1887 1075 350]]]
206	[[[1887 1075 350]]]
207	[[[1887 1075 350]]]
208	[[[1887 1075 350]]]
209	[[[1887 1075 350]]]
210	[[[1887 1075 350]]]
211	[[[1887 1075 350]]]
212	[[[1887 1075 350]]]
213	[[[1887 1075 350]]]
214	[[[1886 1075 350]]]
215	[[[1885 1075 350]]]
216	[[[1885 1075 350]]]
217	[[[1885 1075 350]]]
218	[[[1885 1075 350]]]
219	[[[1885 1075 350]]]
220	[[[1885 1075 350]]]
221	[[[1885 1075 350]]]
222	[[[1885 1075 350]]]
223	[[[1885 1075 350]]]
224	[[[1885 1075 350]]]
225	[[[1885 1075 350]]]
226	[[[1885 1075 350]]]
227	[[[1885 1075 350]]]
228	[[[1885 1075 350]]]
229	[[[1885 1075 350]]]
230	[[[1885 1075 350]]]
231	[[[1885 1075 350]]]
232	[[[1885 1075 350]]]
233	[[[1885 1075 350]]]
234	[[[1885 1075 350]]]
235	[[[1885 1075 350]]]
236	[[[1885 1075 350]]]
237	[[[1885 1075 350]]]
238	[[[1885 1075 350]]]
239	[[[1885 1075 350]]]
240	[[[1885 1075 350]]]
241	[[[1885 1075 350]]]
242	[[[1885 1075 350]]]
243	[[[1885 1075 350]]]
244	[[[1885 1075 350]]]
245	[[[1885 1075 350]]]
246	[[[1885 1075 350]]]
247	[[[1885 1075 350]]]
248	[[[1885 1075 350]]]
249	[[[1885 1075 350]]]
250	[[[1885 1075 350]]]
251	[[[1885 1075 350]]]
252	[[[1885 1075 350]]]
253	[[[1885 1075 350]]]
254	[[[1885 1075 350]]]
255	[[[1885 1075 350]]]
256	[[[1885 1075 350]]]
257	[[[1885 1075 350]]]
258	[[[1885 1075 350]]]
259	[[[1885 1075 350]]]
260	[[[1885 1075 350]]]
261	[[[1885 1075 350]]]
262	[[[1885 1075 350]]]
263	[[[1885 1075 350]]]
264	[[[1885 1075 350]]]
265	[[[1885 1075 350]]]
266	[[[1885 1075 350]]]
267	[[[1885 1075 350]]]
268	[[[1885 1075 350]]]
269	[[[1885 1075 350]]]
270	[[[1885 1075 350]]]
271	[[[1885 1075 350]]]
272	[[[1885 1075 350]]]
273	[[[1885 1075 350]]]
274	[[[1885 1075 350]]]
275	[[[1885 1075 350]]]
276	[[[1885 1075 350]]]
277	[[[1885 1075 350]]]
278	[[[1885 1075 350]]]
279	[[[1885 1075 350]]]
280	[[[1885 1075 350]]]
281	[[[1885 1075 350]]]
282	[[[1885 1075 350]]]
283	[[[1885 1075 350]]]
284	[[[1885 1074 350]]]
285	[[[1885 1073 350]]]
286	[[[1885 1072 350]]]
287	[[[1885 1071 350]]]
288	[[[1885 1070 350]]]
289	[[[1885 1069 350]]]
290	[[[1885 1069 350]]]
291	[[[1885 1069 350]]]
292	[[[1885 1069 350]]]
293	[[[1885 1069 350]]]
294	[[[1885 1069 350]]]
295	[[[1885 1070 350]]]
296	[[[1885 1071 350]]]
297	[[[1885 1072 350]]]
298	[[[1885 1073 350]]]
299	[[[1885 1074 350]]]
300	[[[1885 1075 350]]]
301	[[[1885 1075 350]]]
302	[[[1885 1075 350]]]
303	[[[1885 1075 350]]]
304	[[[1885 1075 350]]]
305	[[[1885 1075 350]]]
306	[[[1885 1075 350]]]
307	[[[1885 1075 350]]]
308	[[[1885 1075 350]]]
309	[[[1885 1075 350]]]
310	[[[1885 1075 350]]]
311	[[[1885 1075 350]]]
312	[[[1885 1075 350]]]
313	[[[1885 1075 350]]]
314	[[[1885 1075 350]]]
315	[[[1885 1075 350]]]
316	[[[1885 1075 350]]]
317	[[[1885 1075 350]]]
318	[[[1885 1075 350]]]
319	[[[1885 1075 350]]]
320	[[[1885 1075 350]]]
321	[[[1885 1075 350]]]
322	[[[1885 1075 350]]]
323	[[[1885 1075 350]]]
324	[[[1885 1075 350]]]
325	[[[1885 1075 350]]]
326	[[[1885 1075 350]]]
327	[[[1885 1075 350]]]
328	[[[1885 1075 350]]]
329	[[[1885 1075 350]]]
330	[[[1885 1075 350]]]
331	[[[1885 1075 350]]]
332	[[[1885 1075 350]]]
333	[[[1885 1075 350]]]
334	[[[1885 1075 350]]]
335	[[[1885 1075 350]]]
336	[[[1885 1075 350]]]
337	[[[1885 1075 350]]]
338	[[[1885 1075 350]]]
339	[[[1885 1075 350]]]
340	[[[1885 1075 350]]]
341	[[[1885 1075 350]]]
342	[[[1885 1075 350]]]
343	[[[1885 1075 350]]]
344	[[[1885 1075 350]]]
345	[[[1885 1075 350]]]
346	[[[1885 1075 350]]]
347	[[[1885 1075 350]]]
348	[[[1885 1075 350]]]
349	[[[1885 1075 350]]]
350	[[[1885 1075 350]]]
351	[[[1885 1075 350]]]
352	[[[1885 1075 350]]]
353	[[[1885 1075 350]]]
354	[[[1885 1075 350]]]
355	[[[1885 1075 350]]]
356	[[[1885 1075 350]]]
357	[[[1885 1075 350]]]
358	[[[1885 1075 350]]]
359	[[[1885 1075 350]]]
360	[[[1885 1075 350]]]
361	[[[1885 1075 350]]]
362	[[[1885 1075 350]]]
363	[[[1885 1075 350]]]
364	[[[1885 1075 350]]]
365	[[[1885 1075 350]]]
366	[[[1885 1075 350]]]
367	[[[1885 1075 350]]]
368	[[[1885 1075 350]]]
369	[[[1885 1075 350]]]
370	[[[1885 1075 350]]]
371	[[[1885 1075 350]]]
372	[[[1885 1075 350]]]
373	[[[1885 1075 350]]]
374	[[[1885 1075 350]]]
375	[[[1885 1075 350]]]
376	[[[1885 1075 350]]]
377	[[[1885 1075 350]]]
378	[[[1885 1075 350]]]
379	[[[1885 1075 350]]]
380	[[[1885 1075 350]]]
381	[[[1885 1075 350]]]
382	[[[1885 1075 350]]]
383	[[[1885 1075 350]]]
384	[[[1885 1075 350]]]
385	[[[1885 1075 350]]]
386	[[[1885 1075 350]]]
387	[[[1885 1075 350]]]
388	[[[1885 1075 350]]]
389	[[[1885 1075 350]]]
390	[[[1885 1075 350]]]
391	[[[1885 1075 350]]]
392	[[[1885 1075 350]]]
393	[[[1885 1075 350]]]
394	[[[1885 1075 350]]]
395	[[[1885 1075 350]]]
396	[[[1885 1075 350]]]
397	[[[1885 1075 350]]]
398	[[[1885 1075 350]]]
399	[[[1885 1075 350]]]
400	[[[1885 1075 350]]]
401	[[[1885 1075 350]]]
402	[[[1885 1075 350]]]
403	[[[1885 1075 350]]]
404	[[[1885 1075 350]]]
405	[[[1885 1075 350]]]
406	[[[1885 1075 350]]]
407	[[[1885 1075 350]]]
408	[[[1885 1075 350]]]
409	[[[1885 1075 350]]]
410	[[[1885 1075 350]]]
411	[[[1885 1075 350]]]
412	[[[1885 1075 350]]]
413	[[[1885 1075 350]]]
414	[[[1885 1075 350]]]
415	[[[1885 1075 350]]]
416	[[[1885 1075 350]]]
417	[[[1885 1075 350]]]
418	[[[1885 1075 350]]]
419	[[[1885 1075 350]]]
420	[[[1885 1075 350]]]
421	[[[1885 1075 350]]]
422	[[[1885 1075 350]]]
423	[[[1885 1075 350]]]
424	[[[1885 1075 350]]]
425	[[[1885 1074 350]]]
426	[[[1885 1074 350]]]
427	[[[1885 1074 350]]]
428	[[[1885 1074 350]]]
429	[[[1885 1074 350]]]
430	[[[1885 1074 350]]]
431	[[[1885 1074 350]]]
432	[[[1885 1074 350]]]
433	[[[1885 1074 350]]]
434	[[[1885 1074 350]]]
435	[[[1885 1073 350]]]
436	[[[1885 1073 350]]]
437	[[[1885 1072 350]]]
438	[[[1885 1071 350]]]
439	[[[1885 1070 350]]]
440	[[[1885 1069 350]]]
441	[[[1885 1068 350]]]
442	[[[1885 1068 350]]]
443	[[[1885 1068 350]]]
444	[[[1885 1067 350]]]
445	[[[1885 1066 350]]]
446	[[[1885 1066 350]]]
447	[[[1885 1066 350]]]
448	[[[1885 1066 350]]]
449	[[[1885 1066 350]]]
450	[[[1885 1066 350]]]
451	[[[1885 1066 350]]]
452	[[[1885 1066 350]]]
453	[[[1885 1066 350]]]
454	[[[1885 1066 350]]]
455	[[[1885 1067 350]]]
456	[[[1885 1068 350]]]
457	[[[1885 1069 350]]]
458	[[[1885 1069 350]]]
459	[[[1885 1069 350]]]
460	[[[1885 1069 350]]]
461	[[[1885 1069 350]]]
462	[[[1885 1069 350]]]
463	[[[1885 1069 350]]]
464	[[[1885 1068 350]]]
465	[[[1885 1067 350]]]
466	[[[1885 1066 350]]]
467	[[[1885 1065 350]]]
468	[[[1885 1065 350]]]
469	[[[1885 1065 350]]]
470	[[[1885 1066 350]]]
471	[[[1885 1067 350]]]
472	[[[1885 1068 350]]]
473	[[[1885 1069 350]]]
474	[[[1885 1070 350]]]
475	[[[1885 1071 350]]]
476	[[[1885 1072 350]]]
477	[[[1885 1072 350]]]
478	[[[1885 1072 350]]]
479	[[[1885 1072 350]]]
480	[[[1885 1071 350]]]
481	[[[1885 1070 350]]]
482	[[[1885 1069 350]]]
483	[[[1885 1069 350]]]
484	[[[1885 1069 350]]]
485	[[[1885 1069 350]]]
486	[[[1885 1069 350]]]
487	[[[1885 1068 350]]]
488	[[[1885 1068 350]]]
489	[[[1885 1068 350]]]
490	[[[1885 1068 350]]]
491	[[[1885 1068 350]]]
492	[[[1885 1068 350]]]
493	[[[1885 1068 350]]]
494	[[[1885 1068 350]]]
495	[[[1885 1067 350]]]
496	[[[1885 1066 350]]]
497	[[[1885 1065 350]]]
498	[[[1885 1065 350]]]
499	[[[1885 1065 350]]]
500	[[[1885 1065 350]]]
501	[[[1885 1065 350]]]
502	[[[1885 1066 350]]]
503	[[[1885 1067 350]]]
504	[[[1885 1068 350]]]
505	[[[1885 1068 350]]]
506	[[[1885 1069 350]]]
507	[[[1885 1070 350]]]
508	[[[1885 1071 350]]]
509	[[[1885 1072 350]]]
510	[[[1885 1073 350]]]
511	[[[1885 1074 350]]]
512	[[[1885 1074 350]]]
513	[[[1885 1074 350]]]
514	[[[1885 1073 350]]]
515	[[[1885 1072 350]]]
516	[[[1885 1071 350]]]
517	[[[1885 1070 350]]]
518	[[[1885 1069 350]]]
519	[[[1885 1068 350]]]
520	[[[1885 1067 350]]]
521	[[[1885 1066 350]]]
522	[[[1885 1065 350]]]
523	[[[1885 1066 350]]]
524	[[[1885 1066 350]]]
525	[[[1885 1067 350]]]
526	[[[1885 1068 350]]]
527	[[[1885 1069 350]]]
528	[[[1885 1070 350]]]
529	[[[1885 1071 350]]]
530	[[[1885 1072 350]]]
531	[[[1885 1073 350]]]
532	[[[1885 1074 350]]]
533	[[[1885 1075 350]]]
534	[[[1885 1075 350]]]
535	[[[1885 1075 350]]]
536	[[[1885 1075 350]]]
537	[[[1885 1075 350]]]
538	[[[1885 1074 350]]]
539	[[[1885 1073 350]]]
540	[[[1885 1073 350]]]
541	[[[1885 1073 350]]]
542	[[[1885 1073 350]]]
543	[[[1885 1073 350]]]
544	[[[1885 1073 350]]]
545	[[[1885 1073 350]]]
546	[[[1885 1073 350]]]
547	[[[1885 1073 350]]]
548	[[[1885 1073 350]]]
549	[[[1885 1074 350]]]
550	[[[1885 1075 350]]]
551	[[[1885 1075 350]]]
552	[[[1885 1075 350]]]
553	[[[1885 1075 350]]]
554	[[[1885 1075 350]]]
555	[[[1885 1075 350]]]
556	[[[1885 1075 350]]]
557	[[[1885 1075 350]]]
558	[[[1885 1075 350]]]
559	[[[1885 1075 350]]]
560	[[[1885 1075 350]]]
561	[[[1885 1075 350]]]
562	[[[1886 1075 350]]]
563	[[[1887 1075 350]]]
564	[[[1887 1075 350]]]
565	[[[1887 1075 350]]]
566	[[[1887 1075 350]]]
567	[[[1887 1075 350]]]
568	[[[1887 1075 350]]]
569	[[[1887 1075 350]]]
570	[[[1887 1075 350]]]
571	[[[1887 1075 350]]]
572	[[[1886 1075 350]]]
573	[[[1885 1075 350]]]
574	[[[1885 1075 350]]]
575	[[[1886 1075 350]]]
576	[[[1887 1075 350]]]
577	[[[1888 1075 350]]]
578	[[[1888 1075 350]]]
579	[[[1888 1075 350]]]
580	[[[1888 1075 350]]]
581	[[[1888 1075 350]]]
582	[[[1888 1075 350]]]
583	[[[1888 1075 350]]]
584	[[[1888 1075 350]]]
585	[[[1887 1075 350]]]
586	[[[1886 1075 350]]]
587	[[[1885 1075 350]]]
588	[[[1885 1075 350]]]
589	[[[1885 1075 350]]]
590	[[[1885 1075 350]]]
591	[[[1885 1075 350]]]
592	[[[1885 1075 350]]]
593	[[[1885 1075 350]]]
594	[[[1885 1075 350]]]
595	[[[1885 1075 350]]]
596	[[[1885 1075 350]]]
597	[[[1885 1075 350]]]
598	[[[1885 1075 350]]]
599	[[[1885 1075 350]]]
600	[[[1885 1075 350]]]
601	[[[1885 1075 350]]]
602	[[[1885 1074 350]]]
603	[[[1885 1073 350]]]
604	[[[1885 1073 350]]]
605	[[[1885 1072 350]]]
606	[[[1885 1072 350]]]
607	[[[1885 1072 350]]]
608	[[[1885 1072 350]]]
609	[[[1885 1072 350]]]
610	[[[1885 1072 350]]]
611	[[[1885 1072 350]]]
612	[[[1885 1072 350]]]
613	[[[1885 1073 350]]]
614	[[[1885 1074 350]]]
615	[[[1885 1074 350]]]
616	[[[1885 1075 350]]]
617	[[[1885 1075 350]]]
618	[[[1885 1075 350]]]
619	[[[1885 1075 350]]]
620	[[[1885 1075 350]]]
621	[[[1885 1075 350]]]
622	[[[1885 1075 350]]]
623	[[[1885 1075 350]]]
624	[[[1885 1075 350]]]
625	[[[1885 1074 350]]]
626	[[[1885 1074 350]]]
627	[[[1885 1074 350]]]
628	[[[1885 1073 350]]]
629	[[[1885 1073 350]]]
630	[[[1885 1073 350]]]
631	[[[1885 1073 350]]]
632	[[[1885 1072 350]]]
633	[[[1885 1072 350]]]
634	[[[1885 1071 350]]]
635	[[[1885 1070 350]]]
636	[[[1885 1070 350]]]
637	[[[1885 1069 350]]]
638	[[[1885 1068 350]]]
639	[[[1885 1068 350]]]
640	[[[1885 1067 350]]]
641	[[[1885 1066 350]]]
642	[[[1885 1065 350]]]
643	[[[1885 1065 350]]]
644	[[[1885 1065 350]]]
645	[[[1885 1066 350]]]
646	[[[1885 1067 350]]]
647	[[[1885 1068 350]]]
648	[[[1885 1068 350]]]
649	[[[1885 1068 350]]]
650	[[[1885 1068 350]]]
651	[[[1885 1068 350]]]
652	[[[1885 1068 350]]]
653	[[[1885 1068 350]]]
654	[[[1885 1068 350]]]
655	[[[1885 1067 350]]]
656	[[[1885 1066 350]]]
657	[[[1885 1065 350]]]
658	[[[1885 1065 350]]]
659	[[[1885 1065 350]]]
660	[[[1885 1065 350]]]
661	[[[1885 1065 350]]]
662	[[[1885 1065 350]]]
663	[[[1885 1065 350]]]
664	[[[1885 1065 350]]]
665	[[[1885 1065 350]]]
666	[[[1885 1065 350]]]
667	[[[1885 1065 350]]]
668	[[[1885 1065 350]]]
669	[[[1885 1065 350]]]
670	[[[1885 1065 350]]]
671	[[[1885 1065 350]]]
672	[[[1885 1065 350]]]
673	[[[1885 1065 350]]]
674	[[[1885 1065 350]]]
675	[[[1885 1065 350]]]
676	[[[1885 1065 350]]]
677	[[[1885 1065 350]]]
678	[[[1885 1065 350]]]
679	[[[1885 1065 350]]]
680	[[[1885 1065 350]]]
681	[[[1885 1065 350]]]
682	[[[1885 1065 350]]]
683	[[[1885 1065 350]]]
684	[[[1885 1065 350]]]
685	[[[1885 1065 350]]]
686	[[[1885 1065 350]]]
687	[[[1885 1065 350]]]
688	[[[1885 1065 350]]]
689	[[[1885 1065 350]]]
690	[[[1885 1065 350]]]
691	[[[1885 1065 350]]]
692	[[[1885 1065 350]]]
693	[[[1886 1065 350]]]
694	[[[1887 1065 350]]]
695	[[[1888 1065 350]]]
696	[[[1889 1065 350]]]
697	[[[1890 1065 350]]]
698	[[[1891 1065 350]]]
699	[[[1892 1065 350]]]
700	[[[1893 1065 350]]]
701	[[[1894 1065 350]]]
702	[[[1895 1065 350]]]
703	[[[1895 1065 350]]]
704	[[[1895 1065 350]]]
705	[[[1895 1065 350]]]
706	[[[1895 1065 350]]]
707	[[[1895 1065 350]]]
708	[[[1895 1065 350]]]
709	[[[1895 1065 350]]]
710	[[[1895 1065 350]]]
711	[[[1895 1065 350]]]
712	[[[1895 1065 350]]]
713	[[[1895 1065 350]]]
714	[[[1895 1065 350]]]
715	[[[1895 1065 350]]]
716	[[[1895 1065 350]]]
717	[[[1895 1065 350]]]
718	[[[1895 1065 350]]]
719	[[[1895 1065 350]]]
720	[[[1895 1065 350]]]
721	[[[1895 1065 350]]]
722	[[[1895 1065 350]]]
