frame_nr,time,measurement_available,x,y,state1,state2,state3,state4,state5
0.0,0.0,0.0,-7.861146375510458,29.65160548946923,-7.861146375510458,29.65160548946923,6.031850569282495,-2.0049240486119793,-0.2745749813605369
1.0,0.04,0.0,-7.823848909409162,29.661409158386267,-7.823848909409162,29.661409158386267,6.032914628284073,-2.012013480208894,-0.26960761856592613
2.0,0.08,0.0,-7.788883061029154,29.672901359140383,-7.788883061029154,29.672901359140383,6.034064611666609,-2.0186246277645474,-0.26359536893894725
3.0,0.12,0.0,-7.75013879374335,29.682425760809497,-7.75013879374335,29.682425760809497,6.035301095143223,-2.0246236717846076,-0.2568361371923931
4.0,0.16,0.0,-7.713208444742989,29.693001193053853,-7.713208444742989,29.693001193053853,6.036611221179066,-2.0299341534402275,-0.24959240766795301
5.0,0.2,0.0,-7.679203958838977,29.701836308939352,-7.679203958838977,29.701836308939352,6.037992525790292,-2.03452564975183,-0.24199595330196197
6.0,0.24,0.0,-7.640865769901503,29.71197738400067,-7.640865769901503,29.71197738400067,6.039427341499075,-2.038403130012086,-0.2342397698496543
7.0,0.28,0.0,-7.6024451494456535,29.721177982473783,-7.6024451494456535,29.721177982473783,6.040912272115314,-2.0415868630770815,-0.2263720003155191
8.0,0.32,0.0,-7.563040432983587,29.73170665817557,-7.563040432983587,29.73170665817557,6.042430003538065,-2.044128061388312,-0.21859993054601543
9.0,0.36,0.0,-7.522140110367321,29.741824992437287,-7.522140110367321,29.741824992437287,6.04398032530115,-2.046080563868157,-0.21091498077716256
10.0,0.4,1.0,-7.48135646703295,29.751645030874855,-7.48135646703295,29.751645030874855,6.045546005078033,-2.0475001223653035,-0.203617281883678
11.0,0.44,1.0,-7.44016445481878,29.761593542636064,-7.44016445481878,29.761593542636064,6.047125613306305,-2.048442548509119,-0.19664434931788025
12.0,0.48,1.0,-7.360015580469238,29.78150718675989,-7.360015580469238,29.78150718675989,6.049808500954798,-2.0541135570667253,-0.1856225851339021
13.0,0.52,1.0,-7.279934228453189,29.801816501265343,-7.279934228453189,29.801816501265343,6.052623294312236,-2.0587720200976856,-0.17482543699795647
14.0,0.56,1.0,-7.197544608472515,29.82249310908541,-7.197544608472515,29.82249310908541,6.05556028369061,-2.0624683340066836,-0.16422745513995457
15.0,0.6,1.0,-7.118908343994818,29.842811329149733,-7.118908343994818,29.842811329149733,6.058597549250206,-2.065146893954273,-0.15387633275119056
16.0,0.64,1.0,-7.0389452677252695,29.86344794822066,-7.0389452677252695,29.86344794822066,6.061723582653327,-2.0669137156998696,-0.1437432825381993
17.0,0.68,1.0,-6.960960077619613,29.884558188086174,-6.960960077619613,29.884558188086174,6.064911493155586,-2.06762019243873,-0.13394980088271818
18.0,0.72,1.0,-6.88126036066067,29.90485481049784,-6.88126036066067,29.90485481049784,6.068149773084814,-2.0674042130965415,-0.12446518464041327
19.0,0.76,1.0,-6.801046213393795,29.924450559292893,-6.801046213393795,29.924450559292893,6.071409879391778,-2.066399571833005,-0.11555972004918971
20.0,0.8,1.0,-6.720145535769132,29.943925182949318,-6.720145535769132,29.943925182949318,6.074680643360924,-2.064727652490183,-0.10719869722292408
21.0,0.84,1.0,-6.637938176789078,29.963331889944687,-6.637938176789078,29.963331889944687,6.077950737917604,-2.0625299257778367,-0.09994900095912082
22.0,0.88,1.0,-6.5539529007610735,29.981190713324203,-6.5539529007610735,29.981190713324203,6.081213592715955,-2.0599409609484525,-0.09376273192530055
23.0,0.92,1.0,-6.4723577020242,30.000469092228695,-6.4723577020242,30.000469092228695,6.08445984783969,-2.057127849594635,-0.08861637277100128
24.0,0.96,1.0,-6.3889814201576245,30.017360698379367,-6.3889814201576245,30.017360698379367,6.087689613655782,-2.054239618722338,-0.08445488447368468
25.0,1.0,1.0,-6.304462129860417,30.035448100882412,-6.304462129860417,30.035448100882412,6.090899881234922,-2.05139358831885,-0.08126699533658839
26.0,1.04,1.0,-6.222320116151925,30.052789209819167,-6.222320116151925,30.052789209819167,6.0940993559758585,-2.0486782363764378,-0.07897347094797576
27.0,1.08,1.0,-6.1413233237823865,30.070903362908297,-6.1413233237823865,30.070903362908297,6.097291787991128,-2.0461571366818903,-0.07757486586111312
28.0,1.12,1.0,-6.060485190840042,30.088270349022963,-6.060485190840042,30.088270349022963,6.1004937158054995,-2.0438603464145615,-0.07692877831125548
29.0,1.16,1.0,-5.981533400396023,30.105401332906673,-5.981533400396023,30.105401332906673,6.10371147649971,-2.0418016344053855,-0.07704703120135067
30.0,1.2,1.0,-5.901272546657781,30.123040941879147,-5.901272546657781,30.123040941879147,6.106968706209496,-2.039983261717811,-0.07765055931274646
31.0,1.24,1.0,-5.822191729697931,30.139471694635013,-5.822191729697931,30.139471694635013,6.110276456959362,-2.038395830702399,-0.07876143396601845
32.0,1.28,1.0,-5.7415652680910565,30.15606288950405,-5.7415652680910565,30.15606288950405,6.113645374423188,-2.0370076072422867,-0.07981403260733289
33.0,1.32,1.0,-5.662018869136268,30.171868540244343,-5.662018869136268,30.171868540244343,6.117086310168146,-2.0357797454712774,-0.08084081185732869
34.0,1.36,1.0,-5.581529401478876,30.18685546217075,-5.581529401478876,30.18685546217075,6.120610344421439,-2.0346673990089656,-0.0818707653964085
35.0,1.4000000000000001,1.0,-5.501255749156937,30.201268183097607,-5.501255749156937,30.201268183097607,6.124225818423031,-2.033624358014333,-0.08292748756438895
36.0,1.44,1.0,-5.421196334090974,30.216243952079832,-5.421196334090974,30.216243952079832,6.127937860329456,-2.032604858672521,-0.08402588966292265
37.0,1.48,1.0,-5.340553657716468,30.22971551726596,-5.340553657716468,30.22971551726596,6.131746300782499,-2.0315705941801907,-0.08517071074523293
38.0,1.52,1.0,-5.2596959406013,30.243462129224618,-5.2596959406013,30.243462129224618,6.135645583523997,-2.030489592134847,-0.08635510870705458
39.0,1.56,1.0,-5.178855235819922,30.257456240098584,-5.178855235819922,30.257456240098584,6.139624923998462,-2.0293437510401975,-0.08755995632172286
40.0,1.6,1.0,-5.099602237324435,30.270882131515577,-5.099602237324435,30.270882131515577,6.143666395420428,-2.0281258615608304,-0.08875186183989865
41.0,1.6400000000000001,1.0,-5.019563029548041,30.28458077532277,-5.019563029548041,30.28458077532277,6.147742245210836,-2.0268411547849725,-0.08988460020716268
42.0,1.68,1.0,-4.940704691800772,30.29795634069613,-4.940704691800772,30.29795634069613,6.151816465942136,-2.025503725029705,-0.09089988616383807
43.0,1.72,1.0,-4.860267471129798,30.310632531163414,-4.860267471129798,30.310632531163414,6.155847893155649,-2.024144468048514,-0.09172960119087199
44.0,1.76,1.0,-4.7803421801773816,30.324375799740807,-4.7803421801773816,30.324375799740807,6.159787630884508,-2.0227965954243907,-0.09229680862656535
45.0,1.8,1.0,-4.699194650843862,30.33766720033369,-4.699194650843862,30.33766720033369,6.163584798468943,-2.0214977537077656,-0.09251953477576787
46.0,1.84,1.0,-4.618739173544677,30.350946903777505,-4.618739173544677,30.350946903777505,6.167185602344954,-2.0202878263024107,-0.09231320895906622
47.0,1.8800000000000001,1.0,-4.537352338159447,30.36316045812136,-4.537352338159447,30.36316045812136,6.170538966028393,-2.019213238737924,-0.09159701664657746
48.0,1.92,1.0,-4.45688580043535,30.374767211210496,-4.45688580043535,30.374767211210496,6.17359165561835,-2.0183140052906023,-0.0902964568358717
49.0,1.96,1.0,-4.375330011911532,30.38562872052458,-4.375330011911532,30.38562872052458,6.176298850587137,-2.0176266566223378,-0.08835021283506014
50.0,2.0,1.0,-4.294778756195414,30.395717657058594,-4.294778756195414,30.395717657058594,6.178609300832958,-2.0171746168909075,-0.08571079359641395
51.0,2.04,1.0,-4.216973639311991,30.4056786609106,-4.216973639311991,30.4056786609106,6.179862276689386,-1.9154644648876402,-0.0796167182096543
52.0,2.08,1.0,-4.141013094504414,30.414742341584883,-4.141013094504414,30.414742341584883,6.180892151590866,-1.8140455341860953,-0.07302977669561553
53.0,2.12,1.0,-4.064308240253665,30.42409716542638,-4.064308240253665,30.42409716542638,6.181694942693586,-1.7129348494062888,-0.06595674766521001
54.0,2.16,1.0,-3.987837337387847,30.43237569940941,-3.987837337387847,30.43237569940941,6.182244942344625,-1.6121332909672657,-0.058420861044213034
55.0,2.2,1.0,-3.9116643837467606,30.440870846818086,-3.9116643837467606,30.440870846818086,6.1825497847882955,-1.5116295114605227,-0.050475307695042514
56.0,2.24,1.0,-3.835786180304937,30.448096864702705,-3.835786180304937,30.448096864702705,6.1825668795031286,-1.411398506738441,-0.04218889083240657
57.0,2.2800000000000002,1.0,-3.760491746548484,30.455653066264823,-3.760491746548484,30.455653066264823,6.182313749776965,-1.311397533697758,-0.033668164814774595
58.0,2.32,1.0,-3.685511905032765,30.46186339398026,-3.685511905032765,30.46186339398026,6.181702009788979,-1.211569834819143,-0.025025724084569746
59.0,2.36,1.0,-3.6101027129847574,30.46814141159289,-3.6101027129847574,30.46814141159289,6.180760208810975,-1.1118532475642904,-0.016422947200101703
60.0,2.4,1.0,-3.5343258954563574,30.473137054731534,-3.5343258954563574,30.473137054731534,6.1792983579701986,-1.0121857294128902,-0.008007042541699438
61.0,2.44,1.0,-3.458470654234933,30.478617743680502,-3.458470654234933,30.478617743680502,6.177358009094367,-0.9125057808407904,4.781685103868658e-06
62.0,2.48,1.0,-3.381393536229276,30.483171895855918,-3.381393536229276,30.483171895855918,6.174536030761118,-0.8127510821385773,0.007450694002947453
63.0,2.52,1.0,-3.3043444446318944,30.48780812016591,-3.3043444446318944,30.48780812016591,6.170892389172736,-0.7128623602208677,0.01405377224076693
64.0,2.56,1.0,-3.226593028341827,30.493243093886257,-3.226593028341827,30.493243093886257,6.165584702466843,-0.6127915928952382,0.019667648125731553
65.0,2.6,1.0,-3.1489654009192614,30.498790396405457,-3.1489654009192614,30.498790396405457,6.1587019357762,-0.5125086663629002,0.023931693601722155
66.0,2.64,1.0,-3.070594980531454,30.504212512462594,-3.070594980531454,30.504212512462594,6.148508196963169,-0.41199076996305317,0.02675679645456233
67.0,2.68,1.0,-2.991757080072691,30.510695862068058,-2.991757080072691,30.510695862068058,6.1351280594275845,-0.3112280830737447,0.02806678069886326
68.0,2.72,1.0,-2.9118205183745944,30.51671053013129,-2.9118205183745944,30.51671053013129,6.115035050164678,-0.21022995857148946,0.027823230903033153
69.0,2.7600000000000002,1.0,-2.831256049242682,30.525101991087276,-2.831256049242682,30.525101991087276,6.088426790737911,-0.1090178379388261,0.026003295525555758
70.0,2.8000000000000003,1.0,-2.751809784958987,30.533604451492607,-2.751809784958987,30.533604451492607,6.04820091485262,-0.007623667611542562,0.022643685952601713
71.0,2.84,1.0,-2.668717288209596,30.543338855573353,-2.668717288209596,30.543338855573353,5.995334876386136,-0.007595032390227819,0.015051503322600834
72.0,2.88,1.0,-2.5860235681198875,30.553808633832624,-2.5860235681198875,30.553808633832624,5.9289820727177425,-0.007435363592159594,0.006326679162926346
73.0,2.92,1.0,-2.5035931916256398,30.56459408453844,-2.5035931916256398,30.56459408453844,5.849798175770191,-0.0071750713782804286,-0.0034371786995951135
74.0,2.96,1.0,-2.421792239262645,30.575609090149033,-2.421792239262645,30.575609090149033,5.757794891616605,-0.006850408643252403,-0.014011124276207548
75.0,3.0,1.0,-2.3402760125242046,30.586874784887165,-2.3402760125242046,30.586874784887165,5.654285792279348,-0.006496095627798859,-0.02525728739490753
76.0,3.04,1.0,-2.2566720530461026,30.598076719623386,-2.2566720530461026,30.598076719623386,5.539293148728623,-0.006140713874602177,-0.036801052534400816
77.0,3.08,1.0,-2.1746490568944146,30.608988424583323,-2.1746490568944146,30.608988424583323,5.415459708302999,-0.005819763196483596,-0.04848376818670773
78.0,3.12,1.0,-2.0917934081932748,30.620387793757846,-2.0917934081932748,30.620387793757846,5.282848409485704,-0.005567056542294791,-0.06014456368715439
79.0,3.16,1.0,-2.0098243505384272,30.631843112112534,-2.0098243505384272,30.631843112112534,5.146766399481637,-0.005406818489518195,-0.07158317815476192
80.0,3.2,1.0,-1.9272503387732205,30.64384447362271,-1.9272503387732205,30.64384447362271,5.007364731246823,-0.005354543154979396,-0.08240305281681129
81.0,3.24,1.0,-1.8432855851857552,30.65542677490518,-1.8432855851857552,30.65542677490518,4.875279731556683,-0.005421234505981687,-0.09240310843545971
82.0,3.2800000000000002,1.0,-1.7592065049256145,30.66637291964169,-1.7592065049256145,30.66637291964169,4.750843564345587,-0.0056100367654119635,-0.10133644653488658
83.0,3.3200000000000003,1.0,-1.6766362166335376,30.676637554404568,-1.6766362166335376,30.676637554404568,4.641064025825401,-0.005914078563799985,-0.10898292919876877
84.0,3.36,1.0,-1.5937992142967834,30.684398129709063,-1.5937992142967834,30.684398129709063,4.5466195363715585,-0.006321924621111352,-0.11520125783850996
85.0,3.4,1.0,-1.51116978527799,30.69098005417652,-1.51116978527799,30.69098005417652,4.460108587349664,-0.006812542918488529,-0.11971674031357264
86.0,3.44,1.0,-1.4310581391768165,30.69645529044317,-1.4310581391768165,30.69645529044317,4.382891220780401,-0.007364095318116293,-0.12248932384346459
87.0,3.48,1.0,-1.3509929967771197,30.700862929599758,-1.3509929967771197,30.700862929599758,4.3108786744988965,-0.007954355905726818,-0.12354492301176681
88.0,3.52,1.0,-1.2720150437193156,30.704320516797033,-1.2720150437193156,30.704320516797033,4.246783408545033,-0.00855535265602273,-0.1229015969298439
89.0,3.56,1.0,-1.1944801336416293,30.705699416199945,-1.1944801336416293,30.705699416199945,4.187777645437004,-0.009136945318810864,-0.12064137557392096
90.0,3.6,1.0,-1.1165124017258774,30.70619684898302,-1.1165124017258774,30.70619684898302,4.139268790292826,-0.009676730301877679,-0.11682835659888909
91.0,3.64,1.0,-1.0368980623833943,30.705691122769178,-1.0368980623833943,30.705691122769178,4.098262526496137,-0.010158424721058424,-0.1118255708144263
92.0,3.68,1.0,-0.9575149613086594,30.70344898255555,-0.9575149613086594,30.70344898255555,4.061269818035127,-0.010566857971999032,-0.10569422501760779
93.0,3.72,1.0,-0.8770666857146658,30.700722409370336,-0.8770666857146658,30.700722409370336,4.023615120696357,-0.010897286160435681,-0.09872755583585248
94.0,3.7600000000000002,1.0,-0.7969569050073352,30.6974170936667,-0.7969569050073352,30.6974170936667,3.9782933440168344,-0.011153867716496135,-0.09097251393788507
95.0,3.8000000000000003,1.0,-0.7157341648524469,30.693505375855693,-0.7157341648524469,30.693505375855693,3.9166075605717303,-0.01134630659214918,-0.08274708152374421
96.0,3.84,1.0,-0.6362419380560016,30.68987669367238,-0.6362419380560016,30.68987669367238,3.845941001092661,-0.011498170263627427,-0.07404562991138579
97.0,3.88,1.0,-0.5547119042587265,30.686089399753712,-0.5547119042587265,30.686089399753712,3.763511991941796,-0.011640035684530193,-0.0653016009313635
98.0,3.92,1.0,-0.4742060636423721,30.68288858565735,-0.4742060636423721,30.68288858565735,3.6805006073126862,-0.011809423978630829,-0.05658296707404834
99.0,3.96,1.0,-0.3932173515399717,30.67924762527891,-0.3932173515399717,30.67924762527891,3.591506488276773,-0.012047002548248897,-0.0480015895326295
100.0,4.0,1.0,-0.31300057650373037,30.67599109892556,-0.31300057650373037,30.67599109892556,3.502817630055719,-0.012400680665829122,-0.039835503870862335
101.0,4.04,1.0,-0.23464539436257886,30.671816727968928,-0.23464539436257886,30.671816727968928,3.403724614919507,-0.012915710276731185,-0.032171508055741496
102.0,4.08,1.0,-0.15695836578817518,30.66889485403151,-0.15695836578817518,30.66889485403151,3.2987723571597756,-0.013638476012998802,-0.025119456070363606
103.0,4.12,1.0,-0.08058940201050657,30.665942812242882,-0.08058940201050657,30.665942812242882,3.1808835586070137,-0.014616252073727886,-0.01877156028523936
104.0,4.16,1.0,-0.0037714537231275493,30.664231454164423,-0.0037714537231275493,30.664231454164423,3.055154441446902,-0.01588501164959085,-0.013116107355939701
105.0,4.2,1.0,0.07222298375246383,30.663562621104084,0.07222298375246383,30.663562621104084,2.928905870662801,-0.017472642722430543,-0.00829323144171395
106.0,4.24,1.0,0.15023238795260477,30.663586554465773,0.15023238795260477,30.663586554465773,2.8103561052950745,-0.019401599081521538,-0.00416527161640178
107.0,4.28,1.0,0.2275444703487362,30.665021609524228,0.2275444703487362,30.665021609524228,2.703495235037466,-0.021677532867593007,-0.0009974493676235354
108.0,4.32,1.0,0.3052631904044164,30.66735204511175,0.3052631904044164,30.66735204511175,2.6095082082032057,-0.024290329315577796,0.0015306315309306644
109.0,4.36,1.0,0.38386942553543124,30.670405023911407,0.38386942553543124,30.670405023911407,2.523919529270668,-0.027215374126675296,0.003519587241985915
110.0,4.4,1.0,0.46383730688506136,30.673665960113233,0.46383730688506136,30.673665960113233,2.4414954047947517,-0.030419039253282043,0.0049710731021225234
111.0,4.44,1.0,0.5421173183253691,30.676882578727508,0.5421173183253691,30.676882578727508,2.361347206801505,-0.033849788422503455,0.005955085552472301
112.0,4.48,1.0,0.6225709753212583,30.680619468088445,0.6225709753212583,30.680619468088445,2.2834948998931894,-0.037446018976151116,0.006735608310916618
113.0,4.5200000000000005,1.0,0.7026448281676545,30.684539755696953,0.7026448281676545,30.684539755696953,2.210187605341038,-0.04112980170205118,0.0075267947190788085
114.0,4.5600000000000005,1.0,0.7844093931821932,30.688216356410322,0.7844093931821932,30.688216356410322,2.1467213451066063,-0.044813485662673916,0.008346726748395988
115.0,4.6000000000000005,1.0,0.865194729271443,30.691896727916664,0.865194729271443,30.691896727916664,2.0995921104114803,-0.04840673798311672,0.009660791311794686
116.0,4.64,1.0,0.9461856471332878,30.69411170044564,0.9461856471332878,30.69411170044564,2.060592224777364,-0.051814424276442304,0.011250209619986322
117.0,4.68,1.0,1.0264519745199239,30.696038148489244,1.0264519745199239,30.696038148489244,2.0294174484560283,-0.05493138966439202,0.013461845538614533
118.0,4.72,1.0,1.106649783434539,30.69574251874917,1.106649783434539,30.69574251874917,1.9945064222826563,-0.0576563224899115,0.01632628268112346
119.0,4.76,1.0,1.1864207360283854,30.6939241731533,1.1864207360283854,30.6939241731533,1.9557254537339712,-0.059899936207174966,0.01986788239463126
120.0,4.8,1.0,1.2670878510578025,30.690909417486626,1.2670878510578025,30.690909417486626,1.906636767409165,-0.061580965060208326,0.02405239835429377
121.0,4.84,1.0,1.3480657735875112,30.686607425570678,1.3480657735875112,30.686607425570678,1.8543280947817764,-0.06262540937662897,0.02890940951396364
122.0,4.88,1.0,1.430401185738231,30.680567159191035,1.430401185738231,30.680567159191035,1.7942446369084908,-0.0629774564059644,0.03464257210498462
123.0,4.92,1.0,1.5162708967579412,30.673941736516866,1.5162708967579412,30.673941736516866,1.729939985684861,-0.06259826079591499,0.04098500972739609
124.0,4.96,1.0,1.6020444821078346,30.667681088892106,1.6020444821078346,30.667681088892106,1.6564615133670162,-0.06147584262240981,0.047847892828275916
125.0,5.0,1.0,1.6896108271838628,30.660168954423444,1.6896108271838628,30.660168954423444,1.575580555080468,-0.05961606230906934,0.0551858051275094
126.0,5.04,1.0,1.778876483893205,30.653815809547417,1.778876483893205,30.653815809547417,1.4794634491805194,-0.05704290746791453,0.06258593044216923
127.0,5.08,1.0,1.8694668537770571,30.646085089345128,1.8694668537770571,30.646085089345128,1.3689785069995815,-0.05379951646537343,0.07021552470261147
128.0,5.12,1.0,1.9610006719968205,30.63648154808623,1.9610006719968205,30.63648154808623,1.2437682740184641,-0.04995706821308871,0.07774803836330162
129.0,5.16,1.0,2.0521395685611594,30.627360826414975,2.0521395685611594,30.627360826414975,1.1113856602179808,-0.04560387574699298,0.08506514858638754
130.0,5.2,1.0,2.1427773421816028,30.617416166932724,2.1427773421816028,30.617416166932724,0.9787749605029175,-0.040836445473619996,0.09185322528834941
131.0,5.24,1.0,2.233277609410233,30.6068378492575,2.233277609410233,30.6068378492575,0.8496879922140094,-0.0357664885852097,0.09829011872914233
132.0,5.28,1.0,2.32346769547221,30.597792900600325,2.32346769547221,30.597792900600325,0.7275744140965269,-0.03052022376716611,0.10387750508878854
133.0,5.32,1.0,2.4130848215159317,30.58657300132818,2.4130848215159317,30.58657300132818,0.6142962155826076,-0.025229100489003575,0.1085766977723159
134.0,5.36,1.0,2.5023715598094887,30.575990878072837,2.5023715598094887,30.575990878072837,0.5115559323789356,-0.02002418774403426,0.11212679740682303
135.0,5.4,1.0,2.5930585277992586,30.565182218043127,2.5930585277992586,30.565182218043127,0.4202793766617523,-0.015027490956567312,0.11427534974639852
136.0,5.44,1.0,2.684010214428789,30.55543359054132,2.684010214428789,30.55543359054132,0.3413072453941743,-0.010357832432667347,0.11488214427101098
137.0,5.48,1.0,2.7756153597682647,30.54545188034051,2.7756153597682647,30.54545188034051,0.2751003005964354,-0.006130267317830474,0.11396467799578251
138.0,5.5200000000000005,1.0,2.8678110680781637,30.537864330117316,2.8678110680781637,30.537864330117316,0.2220783543825668,-0.0024504737924798126,0.1114792153560622
139.0,5.5600000000000005,1.0,2.9598858428322448,30.531440702008418,2.9598858428322448,30.531440702008418,0.182479632569633,0.000598506018468592,0.10745361987718474
140.0,5.6000000000000005,1.0,3.0518824128124384,30.524654136129197,3.0518824128124384,30.524654136129197,0.15652462746875934,0.0029497746989771145,0.10191784429508437
141.0,5.64,1.0,3.1437130285064274,30.519318154869445,3.1437130285064274,30.519318154869445,0.13720620542846929,0.0045509282783049,0.0952147757841948
142.0,5.68,1.0,3.2346895415361727,30.515409739423564,3.2346895415361727,30.515409739423564,0.12465522837821781,0.005371073038472373,0.08714653795694306
143.0,5.72,1.0,3.32338790305271,30.511597063706517,3.32338790305271,30.511597063706517,0.11539199030375735,0.005405360996108555,0.07825715573909049
144.0,5.76,1.0,3.411952898550298,30.507348495261915,3.411952898550298,30.507348495261915,0.10949805885779391,0.0046713039018529525,0.06860842822652138
145.0,5.8,1.0,3.4997930115834457,30.50338368322419,3.4997930115834457,30.50338368322419,0.10526150879634921,0.003203630902113708,0.058521785850555216
146.0,5.84,1.0,3.586802226240026,30.49733784923749,3.586802226240026,30.49733784923749,0.1027354386930532,0.0010511116370703788,0.04829502080933666
147.0,5.88,1.0,3.673058862678519,30.49053611189742,3.673058862678519,30.49053611189742,0.10108490077851975,-0.001721000019132568,0.03813791840623803
148.0,5.92,1.0,3.760005812135727,30.485261023695614,3.760005812135727,30.485261023695614,0.1003511366513132,-0.0050266613633834,0.028085928178378877
149.0,5.96,1.0,3.8464415163839,30.478083495712447,3.8464415163839,30.478083495712447,0.10013358375048183,-0.00876868595156367,0.018259306436002157
150.0,6.0,1.0,3.933449779359082,30.47181569002433,3.933449779359082,30.47181569002433,0.10046205359625707,-0.012850684344942066,0.008983147086406395
151.0,6.04,1.0,4.020363160352062,30.4652608773618,4.020363160352062,30.4652608773618,0.10114799651895705,-0.01717048640341744,0.00033795865641388404
152.0,6.08,1.0,4.1070078990407675,30.45695657797239,4.1070078990407675,30.45695657797239,0.10221788487210992,-0.021618711063813124,-0.007502380990445851
153.0,6.12,1.0,4.194135522389098,30.449790716542907,4.194135522389098,30.449790716542907,0.10358068716548532,-0.02608614086072485,-0.014494085363213255
154.0,6.16,1.0,4.281550852083757,30.441908331835474,4.281550852083757,30.441908331835474,0.10525331567968514,-0.03047186206760951,-0.020554399665331895
155.0,6.2,1.0,4.367828796795743,30.434051520246335,4.367828796795743,30.434051520246335,0.10718883599901559,-0.034683982837199215,-0.025671682566348303
156.0,6.24,1.0,4.453644395212398,30.426012221084807,4.453644395212398,30.426012221084807,0.10939371006738943,-0.038638965760728006,-0.029818240330608887
157.0,6.28,1.0,4.53991508990787,30.417646852928886,4.53991508990787,30.417646852928886,0.11183869754717049,-0.04226024143659438,-0.03300439997906909
158.0,6.32,1.0,4.627012851563855,30.408317175513844,4.627012851563855,30.408317175513844,0.11452169527310277,-0.04548270588587382,-0.03523415887251364
159.0,6.36,1.0,4.7150220384236725,30.398132718536726,4.7150220384236725,30.398132718536726,0.11741847040721051,-0.04826066472677322,-0.036530933050170515
160.0,6.4,1.0,4.803570078123198,30.388766560228408,4.803570078123198,30.388766560228408,0.12051966621434133,-0.050560677251735485,-0.036914741732200565
161.0,6.44,1.0,4.892173565069014,30.37854561144605,4.892173565069014,30.37854561144605,0.12380461208876906,-0.05235429186590658,-0.036714365396954794
162.0,6.48,1.0,4.981447408009296,30.368497732130358,4.981447408009296,30.368497732130358,0.1272572228509588,-0.053625745043980565,-0.03597539688097734
163.0,6.5200000000000005,1.0,5.071788703338001,30.357338162753585,5.071788703338001,30.357338162753585,0.13085144448108693,-0.054379136080792964,-0.034892830301991036
164.0,6.5600000000000005,1.0,5.161731439538601,30.3456728799207,5.161731439538601,30.3456728799207,0.13457008571211312,-0.05462905155327613,-0.033515543975942995
165.0,6.6000000000000005,1.0,5.251683740917494,30.333775863460858,5.251683740917494,30.333775863460858,0.13838871678270434,-0.05439620835562893,-0.0319607988962249
166.0,6.640000000000001,1.0,5.341704657921186,30.321235823034897,5.341704657921186,30.321235823034897,0.14229132076542056,-0.05370692386315703,-0.03026646933411104
167.0,6.68,1.0,5.432235170234071,30.308283057759148,5.432235170234071,30.308283057759148,0.146258086644579,-0.05259520082224454,-0.028499737335728775
168.0,6.72,1.0,5.5217085759587174,30.29468745414075,5.5217085759587174,30.29468745414075,0.15027655614483473,-0.05110324765063047,-0.026683802209224627
169.0,6.76,1.0,5.612060594058152,30.281362490397193,5.612060594058152,30.281362490397193,0.1543325457098646,-0.04927644517280159,-0.024852853875167325
170.0,6.8,1.0,5.70292176272717,30.267756547925337,5.70292176272717,30.267756547925337,0.15842014839695312,-0.04715459129043664,-0.02301591232966195
171.0,6.84,1.0,5.794112194070573,30.252465824691978,5.794112194070573,30.252465824691978,0.1625297956199589,-0.04477646382624547,-0.02118591458137154
172.0,6.88,1.0,5.88572232514298,30.23793596225815,5.88572232514298,30.23793596225815,0.16665852668258457,-0.042186343101436694,-0.019363557238050246
173.0,6.92,1.0,5.977568168733244,30.22265460298571,5.977568168733244,30.22265460298571,0.17080309533635324,-0.03942714162271972,-0.017552536831522265
174.0,6.96,1.0,6.069149702490028,30.20785228862553,6.069149702490028,30.20785228862553,0.1749625988256791,-0.036530878677912194,-0.01575079185323353
175.0,7.0,1.0,6.16087282115717,30.192196633474207,6.16087282115717,30.192196633474207,0.17913592988961136,-0.03352829450642233,-0.013958214476248506
176.0,7.04,1.0,6.253612965340129,30.175645155377897,6.253612965340129,30.175645155377897,0.1833230654416555,-0.030450180175477126,-0.01217453632116818
177.0,7.08,1.0,6.345148815660599,30.158009261334676,6.345148815660599,30.158009261334676,0.1875241643358845,-0.02732664521474896,-0.010403852618779342
178.0,7.12,1.0,6.436390098601602,30.139817979664393,6.436390098601602,30.139817979664393,0.19174040033473955,-0.02417969459369986,-0.00865212703510054
179.0,7.16,1.0,6.527576867826168,30.12119803269431,6.527576867826168,30.12119803269431,0.19597265408155023,-0.02102648778001013,-0.00692814328675205
180.0,7.2,1.0,6.61896072128083,30.10193704223699,6.61896072128083,30.10193704223699,0.2002204996891142,-0.017879865849572085,-0.005242395237457245
181.0,7.24,1.0,6.710227942519831,30.081810527757096,6.710227942519831,30.081810527757096,0.20447999031899125,-0.014757442283692478,-0.0036086836741080403
182.0,7.28,1.0,6.801289380002386,30.061103865759275,6.801289380002386,30.061103865759275,0.20874844228938202,-0.011675716970332973,-0.0020420605029850968
183.0,7.32,1.0,6.892626977262365,30.040833736345768,6.892626977262365,30.040833736345768,0.21301953005874963,-0.008645681780830927,-0.0005579702606801857
184.0,7.36,1.0,6.983774795376701,30.019609481176833,6.983774795376701,30.019609481176833,0.2172872611643176,-0.005677101814250818,0.0008295672313746866
185.0,7.4,1.0,7.075805892374755,29.999048895224554,7.075805892374755,29.999048895224554,0.2215446264230331,-0.0027876332830665262,0.002107600282198405
186.0,7.44,1.0,7.167409071027409,29.977484041590277,7.167409071027409,29.977484041590277,0.2257845635753221,5.753203555647346e-06,0.003265964562229208
187.0,7.48,1.0,7.259598729917483,29.957477483342,7.259598729917483,29.957477483342,0.2299998039156283,0.0026905880035489106,0.004298894713136693
188.0,7.5200000000000005,1.0,7.351940845802636,29.93707062011139,7.351940845802636,29.93707062011139,0.23418171436646743,0.005257512615461391,0.005206724707230407
189.0,7.5600000000000005,1.0,7.443653373868903,29.915735524903802,7.443653373868903,29.915735524903802,0.23832019992791528,0.007691517608101472,0.005995321920820315
190.0,7.6000000000000005,1.0,7.534283969277757,29.892158191012175,7.534283969277757,29.892158191012175,0.24240251017795908,0.009977405608753775,0.006675555280766787
191.0,7.640000000000001,1.0,7.624530383741091,29.87139813007987,7.624530383741091,29.87139813007987,0.24641653945009895,0.012097959408819548,0.007263637538043144
192.0,7.68,1.0,7.7138956917870285,29.84748569313596,7.7138956917870285,29.84748569313596,0.2503508051511025,0.014042615741261467,0.007782680940993011
193.0,7.72,1.0,7.804197314928684,29.823924165862802,7.804197314928684,29.823924165862802,0.2541939773981201,0.015799962573742866,0.008260870942674607
194.0,7.76,1.0,7.893847305679318,29.799012466357645,7.893847305679318,29.799012466357645,0.2579361198197784,0.017356772320383206,0.008729717057560362
195.0,7.8,1.0,7.9840501862702995,29.774300486361795,7.9840501862702995,29.774300486361795,0.26156810789571877,0.018699351429610777,0.009222458115231714
196.0,7.84,1.0,8.073515720696188,29.74930538262593,8.073515720696188,29.74930538262593,0.2650815571826192,0.019824128652474616,0.009774071943321949
197.0,7.88,1.0,8.164261446041555,29.724703487431604,8.164261446041555,29.724703487431604,0.26846956051061466,0.020730221800596537,0.010419019209808584
198.0,7.92,1.0,8.254251625344464,29.69949478211968,8.254251625344464,29.69949478211968,0.2717251255379757,0.021415655961493106,0.01118921655278483
199.0,7.96,1.0,8.344042972027028,29.674338292253815,8.344042972027028,29.674338292253815,0.2748429653062825,0.021879368977489277,0.012111190657644615
200.0,8.0,1.0,8.432303387484115,29.648552552762407,8.432303387484115,29.648552552762407,0.27781893830701676,0.022128022125990087,0.013205169351567292
201.0,8.040000000000001,1.0,8.520707554532311,29.623232165244765,8.520707554532311,29.623232165244765,0.28065476631921654,0.022170651955435237,0.01448406512634973
202.0,8.08,1.0,8.608199778690008,29.597438745981634,8.608199778690008,29.597438745981634,0.2833529783034862,0.022017404178314957,0.015952125061148615
203.0,8.120000000000001,1.0,8.695578408871922,29.571137490124546,8.695578408871922,29.571137490124546,0.28592000075459223,0.021674563740077514,0.017602410951143274
204.0,8.16,1.0,8.782595138700263,29.54561238326612,8.782595138700263,29.54561238326612,0.2883631426809613,0.021149301062414527,0.019417630020853983
205.0,8.2,1.0,8.870467254155903,29.51886113449267,8.870467254155903,29.51886113449267,0.29069134357857634,0.020453119484140227,0.021371160844181857
206.0,8.24,1.0,8.958286090315847,29.49219230586305,8.958286090315847,29.49219230586305,0.2929131277807623,0.019600861724834252,0.023427228504077448
207.0,8.28,1.0,9.04588453462002,29.463145550789203,9.04588453462002,29.463145550789203,0.29503717604350677,0.01859980221442692,0.025540263605038332
208.0,8.32,1.0,9.133102407645335,29.433650686261302,9.133102407645335,29.433650686261302,0.29707024301656315,0.01745519386148995,0.02765693339816603
209.0,8.36,1.0,9.219986891010015,29.403338302622664,9.219986891010015,29.403338302622664,0.2990187304865547,0.0161739596531437,0.02971824589202794
210.0,8.4,1.0,9.306419009460587,29.37468679970188,9.306419009460587,29.37468679970188,0.30088855650813595,0.014763095349569166,0.031662253008225304
211.0,8.44,1.0,9.393201730452844,29.345076741120607,9.393201730452844,29.345076741120607,0.3026853874121823,0.013223961107967364,0.03342606989861771
212.0,8.48,1.0,9.47981356842557,29.316522563506517,9.47981356842557,29.316522563506517,0.30441009054223866,0.01155713844851397,0.03494755168335129
213.0,8.52,1.0,9.565613236325294,29.2879280815127,9.565613236325294,29.2879280815127,0.30606298757911304,0.009765932413016664,0.03616790641747244
214.0,8.56,1.0,9.65113667888572,29.259323245808325,9.65113667888572,29.259323245808325,0.3076403925714202,0.007858064854217162,0.03703496644819726
215.0,8.6,1.0,9.737065441375266,29.23055023933195,9.737065441375266,29.23055023933195,0.3091379668689358,0.005844400937286731,0.03750483074620571
216.0,8.64,1.0,9.822915431159087,29.202025006965492,9.822915431159087,29.202025006965492,0.31054992371067774,0.0037335131300777038,0.03754272405282201
217.0,8.68,1.0,9.908612548324395,29.1736291501942,9.908612548324395,29.1736291501942,0.31187112042740506,0.0015358345328691403,0.03712497405039651
218.0,8.72,1.0,9.995032889036018,29.145320370479347,9.995032889036018,29.145320370479347,0.3130978242296623,-0.0007301126605097297,0.03624083339522818
219.0,8.76,1.0,10.081241884129357,29.11701808423543,10.081241884129357,29.11701808423543,0.3142295843321126,-0.003038984425901148,0.03489188249063721
220.0,8.8,1.0,10.168892685389611,29.089514390795408,10.168892685389611,29.089514390795408,0.31526956807493534,-0.005368084313676092,0.03309154109853238
221.0,8.84,1.0,10.255989432411715,29.061698312942905,10.255989432411715,29.061698312942905,0.3162229167736198,-0.007693082492610493,0.03086477322438656
222.0,8.88,1.0,10.343254512747928,29.034517213624195,10.343254512747928,29.034517213624195,0.3170977651242456,-0.00998231136654194,0.02824701741655944
223.0,8.92,1.0,10.429594969981402,29.006992212049347,10.429594969981402,29.006992212049347,0.3179054702576951,-0.012198454425858107,0.025283416602123642
224.0,8.96,1.0,10.517470821041234,28.978856347507893,10.517470821041234,28.978856347507893,0.3186602269730828,-0.014301597521196053,0.02202640741561875
225.0,9.0,1.0,10.603198514847751,28.950637627498953,10.603198514847751,28.950637627498953,0.3193792625525127,-0.01625257087218749,0.018533256947434334
226.0,9.040000000000001,1.0,10.689287835470251,28.92342218136149,10.689287835470251,28.92342218136149,0.32008238818183665,-0.01801120457860228,0.014863328772734297
227.0,9.08,1.0,10.774724032154221,28.89531976860016,10.774724032154221,28.89531976860016,0.32079127390614015,-0.019535075650040035,0.01107688523700261
228.0,9.120000000000001,1.0,10.859903858066009,28.866714221778455,10.859903858066009,28.866714221778455,0.3215289777223278,-0.020785445686398275,0.007232094168980245
229.0,9.16,1.0,10.94578508818475,28.83890673284899,10.94578508818475,28.83890673284899,0.3223185934328077,-0.021732022825669262,0.0033829530201065967
230.0,9.200000000000001,1.0,11.032205895878796,28.81044237363248,11.032205895878796,28.81044237363248,0.3231823061686291,-0.022353333239264073,-0.000421689785580278
231.0,9.24,1.0,11.11914646398359,28.78116363839012,11.11914646398359,28.78116363839012,0.32414019817453055,-0.022626974134016143,-0.004139214199477575
232.0,9.28,1.0,11.207326323685349,28.75224752736882,11.207326323685349,28.75224752736882,0.3252116371293966,-0.022538777672013722,-0.00773487865089464
233.0,9.32,1.0,11.2957879756904,28.72290545586724,11.2957879756904,28.72290545586724,0.32641349763910965,-0.02208719427574759,-0.011182087774976026
234.0,9.36,1.0,11.384960530250344,28.694250257458556,11.384960530250344,28.694250257458556,0.3277623866417568,-0.021285967672449512,-0.014462124747402766
235.0,9.4,1.0,11.473523544575192,28.66580806314365,11.473523544575192,28.66580806314365,0.32927193826731477,-0.020157076389588857,-0.017563507407689197
236.0,9.44,1.0,11.562985385865307,28.637386570536272,11.562985385865307,28.637386570536272,0.33095509136851753,-0.018729071975302925,-0.020481196243856012
237.0,9.48,1.0,11.651540152056437,28.609071136480658,11.651540152056437,28.609071136480658,0.3328200805400132,-0.017041091105513818,-0.023214922205183768
238.0,9.52,1.0,11.740496430486171,28.5799872767659,11.740496430486171,28.5799872767659,0.33487318018454904,-0.015143559208144586,-0.02576877571315193
239.0,9.56,1.0,11.828474605544299,28.550166377703743,11.828474605544299,28.550166377703743,0.3371171325357296,-0.01309625480048172,-0.028148610518834393
240.0,9.6,1.0,11.916045610435493,28.5203890239376,11.916045610435493,28.5203890239376,0.3395525328244392,-0.010958374400177117,-0.030360483864052185
241.0,9.64,1.0,12.003821793775844,28.48977111001226,12.003821793775844,28.48977111001226,0.34217681299942965,-0.00879257115210994,-0.03240888749661666
242.0,9.68,1.0,12.09203135690523,28.458822709075626,12.09203135690523,28.458822709075626,0.3449850933932369,-0.006666421244368637,-0.03429562962654303
243.0,9.72,1.0,12.181065169184654,28.42831762583691,12.181065169184654,28.42831762583691,0.34797023694628143,-0.004644741146519882,-0.03601802244526768
244.0,9.76,1.0,12.26808999919847,28.397406197420008,12.26808999919847,28.397406197420008,0.3511227623831464,-0.002784216588215471,-0.03756838463727259
245.0,9.8,1.0,12.35709968639014,28.365777269647698,12.35709968639014,28.365777269647698,0.35443048969397145,-0.0011319508289284186,-0.038934468884750294
246.0,9.84,1.0,12.44454654326179,28.333493182608684,12.44454654326179,28.333493182608684,0.3578794799538313,0.0002661333715334946,-0.04009876935271144
247.0,9.88,1.0,12.532144535465866,28.30194456507079,12.532144535465866,28.30194456507079,0.3614530844577507,0.0013704014913052064,-0.04103899262174639
248.0,9.92,1.0,12.619794599806273,28.27111994010651,12.619794599806273,28.27111994010651,0.36513677858171634,0.0021546782474033297,-0.04172901870558972
249.0,9.96,1.0,12.707764225739702,28.239408930406245,12.707764225739702,28.239408930406245,0.3689161771736714,0.0026115556611367775,-0.042139998207401295
250.0,10.0,1.0,12.796090490276493,28.208034497620087,12.796090490276493,28.208034497620087,0.3727793333084924,0.002750842594761993,-0.04224227635358004
251.0,10.040000000000001,1.0,12.88376702833852,28.175630969061427,12.88376702833852,28.175630969061427,0.3767146097794155,0.0025908686050473253,-0.04200737248969337
252.0,10.08,1.0,12.970089168551079,28.14326303322098,12.970089168551079,28.14326303322098,0.3807131906100706,0.0021639891099270113,-0.041410270398447455
253.0,10.120000000000001,1.0,13.056005732643632,28.110568215900834,13.056005732643632,28.110568215900834,0.3847686981804376,0.0015164349422272516,-0.040430861649117744
254.0,10.16,1.0,13.141416301242051,28.07674726848186,13.141416301242051,28.07674726848186,0.3888754028705503,0.0007082082077469077,-0.03905638914673275
255.0,10.200000000000001,1.0,13.226913330503816,28.04270580223811,13.226913330503816,28.04270580223811,0.3930308845595755,-0.0001970836168191048,-0.03728264853843945
256.0,10.24,1.0,13.311765438176327,28.006255270397627,13.311765438176327,28.006255270397627,0.3972330246540404,-0.0011287327113130518,-0.035115174279733374
257.0,10.28,1.0,13.396452725773733,27.97013567170879,13.396452725773733,27.97013567170879,0.4014837693162311,-0.002007947595677362,-0.032571126290446464
258.0,10.32,1.0,13.479851784610991,27.933002350394457,13.479851784610991,27.933002350394457,0.40578581578100764,-0.0027530663203148785,-0.029679438773241806
259.0,10.36,1.0,13.564753824173533,27.89709210215158,13.564753824173533,27.89709210215158,0.41014261196255875,-0.0032886183025648717,-0.02648033064951071
260.0,10.4,1.0,13.648502922428213,27.85832177192471,13.648502922428213,27.85832177192471,0.41455582444019895,-0.0035503854109521726,-0.023024157922157635
261.0,10.44,1.0,13.732974076247109,27.82037184370399,13.732974076247109,27.82037184370399,0.41902493965627896,-0.0034803851236672734,-0.01937125822907925
262.0,10.48,1.0,13.817123317220211,27.78085144517063,13.817123317220211,27.78085144517063,0.4235486959412259,-0.003026627745109689,-0.015589776544837713
263.0,10.52,1.0,13.901767970875358,27.740780923794574,13.901767970875358,27.740780923794574,0.42812280083494125,-0.0021481856475757954,-0.011753640737241215
264.0,10.56,1.0,13.986602676825077,27.70046293721905,13.986602676825077,27.70046293721905,0.43274017105033175,-0.0008217423257317668,-0.007940554597061514
265.0,10.6,1.0,14.06938469305393,27.66036569473335,14.06938469305393,27.66036569473335,0.4373924985508776,0.0009546495009167377,-0.004229002254182197
266.0,10.64,1.0,14.153237140870354,27.619174677345036,14.153237140870354,27.619174677345036,0.44206847051184983,0.003170058063878045,-0.0006959757696462551
267.0,10.68,1.0,14.237740788911832,27.578665901464767,14.237740788911832,27.578665901464767,0.44675759271054033,0.005797920367053411,0.0025863294957471764
268.0,10.72,1.0,14.32224817103307,27.537758452748164,14.32224817103307,27.537758452748164,0.4514457792912035,0.008795421820876814,0.005553558054964082
269.0,10.76,1.0,14.406693749078851,27.496102113118944,14.406693749078851,27.496102113118944,0.4561198561564998,0.012102253748936531,0.008151542915817848
270.0,10.8,1.0,14.490310940449163,27.453905537809806,14.490310940449163,27.453905537809806,0.46076390999141614,0.015647656220645945,0.010336938045352254
271.0,10.84,1.0,14.573603757331279,27.411555377699024,14.573603757331279,27.411555377699024,0.4653648046147617,0.019350663330017105,0.0120786727737747
272.0,10.88,1.0,14.657390888317499,27.369236571684713,14.657390888317499,27.369236571684713,0.4699105146074409,0.023119177374279654,0.013360693845419911
273.0,10.92,1.0,14.740548009396383,27.32530081629802,14.740548009396383,27.32530081629802,0.47439033051043633,0.026850147805397583,0.01418180104020963
274.0,10.96,1.0,14.824176292423099,27.282699159053806,14.824176292423099,27.282699159053806,0.47879694549536495,0.030435688700462017,0.014555220899075409
275.0,11.0,1.0,14.907419833570126,27.238129624400962,14.907419833570126,27.238129624400962,0.4831252959797325,0.033770819908797454,0.01450791056645851
276.0,11.040000000000001,1.0,14.989895024632762,27.195609338108557,14.989895024632762,27.195609338108557,0.4873742923929211,0.03675636511620145,0.014079698617136127
277.0,11.08,1.0,15.072006073789325,27.150810916578678,15.072006073789325,27.150810916578678,0.4915447997734087,0.03929703372556602,0.013321819960874847
278.0,11.120000000000001,1.0,15.154673254451367,27.108125951962343,15.154673254451367,27.108125951962343,0.4956392410232806,0.04130269221762928,0.012294508079264785
279.0,11.16,1.0,15.234727289272783,27.063077002555595,15.234727289272783,27.063077002555595,0.4996601255938142,0.0426962266943419,0.011064638721983633
280.0,11.200000000000001,1.0,15.315533612740797,27.0207150740594,15.315533612740797,27.0207150740594,0.5036104833885405,0.04341832809883487,0.009702629791574593
281.0,11.24,1.0,15.395650111429228,26.977469225008853,15.395650111429228,26.977469225008853,0.5074955776444117,0.043424852973809304,0.008281674176890163
282.0,11.28,1.0,15.475829557953784,26.93432912207433,15.475829557953784,26.93432912207433,0.5113196724433144,0.04268740810775579,0.006874449827451484
283.0,11.32,1.0,15.554200022309127,26.890441030186356,15.554200022309127,26.890441030186356,0.5150873315290451,0.04119333642928075,0.005549192050714342
284.0,11.36,1.0,15.632331899108783,26.846476354157147,15.632331899108783,26.846476354157147,0.5188032849857822,0.03895169172393368,0.004367505606255947
285.0,11.4,1.0,15.710315849062377,26.802071339468846,15.710315849062377,26.802071339468846,0.5224706292246958,0.03599075746522373,0.00338349337286403
286.0,11.44,1.0,15.788361510617893,26.757646560358957,15.788361510617893,26.757646560358957,0.5260923939897577,0.032357039644112816,0.0026422705012324826
287.0,11.48,1.0,15.865192862628069,26.71263091180799,15.865192862628069,26.71263091180799,0.5296684449862444,0.02810989522500009,0.0021777132068627604
288.0,11.52,1.0,15.941883511434487,26.66643024398375,15.941883511434487,26.66643024398375,0.5331990944492568,0.02332674344534551,0.002011941254269938
289.0,11.56,1.0,16.017645104661035,26.620657313163356,16.017645104661035,26.620657313163356,0.5366825868882211,0.018098262241639775,0.0021547762897219957
290.0,11.6,1.0,16.09302986098703,26.57430768902056,16.09302986098703,26.57430768902056,0.5401215394309348,0.012523818880971793,0.0026040163076246708
291.0,11.64,1.0,16.168896082674234,26.52821571807028,16.168896082674234,26.52821571807028,0.5435177746134732,0.00670919811663534,0.0033463763405169934
292.0,11.68,1.0,16.24327804883692,26.481333581179463,16.24327804883692,26.481333581179463,0.5468737127902819,0.0007668777681838268,0.0043567728095594066
293.0,11.72,1.0,16.318611520551592,26.435163969540504,16.318611520551592,26.435163969540504,0.5501912450815263,-0.005182615966804216,0.005599941246757813
294.0,11.76,1.0,16.3933246684834,26.388177989806866,16.3933246684834,26.388177989806866,0.5534722501892316,-0.011016560548479593,0.007032676261900327
295.0,11.8,1.0,16.468014727216755,26.342143848539756,16.468014727216755,26.342143848539756,0.556718174020944,-0.01661602316131674,0.00860594573109701
296.0,11.84,1.0,16.54253490760019,26.294564308184903,16.54253490760019,26.294564308184903,0.5599297871271719,-0.02186821748306019,0.010265161813888691
297.0,11.88,1.0,16.61756566068022,26.248777090734222,16.61756566068022,26.248777090734222,0.5631083326210315,-0.026667233531677638,0.011952120082060761
298.0,11.92,1.0,16.691322351015536,26.199819282116312,16.691322351015536,26.199819282116312,0.5662552907882913,-0.030910218737159222,0.0136079575574005
299.0,11.96,1.0,16.76702688971836,26.151536575248777,16.76702688971836,26.151536575248777,0.5693723005328393,-0.03450779401452686,0.015174448816654121
300.0,12.0,1.0,16.841863025213023,26.101565694407515,16.841863025213023,26.101565694407515,0.5724615575932461,-0.037380793603177906,0.016596417537653424
301.0,12.040000000000001,1.0,16.91639701685535,26.051634157316123,16.91639701685535,26.051634157316123,0.575521410681346,-0.03946469557900632,0.017822930015589846
302.0,12.08,1.0,16.990855669290656,26.001434229523,16.990855669290656,26.001434229523,0.5785503730540392,-0.040709341405909906,0.018808894294993404
303.0,12.120000000000001,1.0,17.06639528310721,25.950315419594222,17.06639528310721,25.950315419594222,0.5815453202010479,-0.0410841723242817,0.019516984824156442
304.0,12.16,1.0,17.141923806365742,25.898671411317668,17.141923806365742,25.898671411317668,0.5845046130734214,-0.04057663232571812,0.019919204084277765
305.0,12.200000000000001,1.0,17.219020373273544,25.8458543455318,17.219020373273544,25.8458543455318,0.587426263185539,-0.039189744049812604,0.01999698276636184
306.0,12.24,1.0,17.295527272688336,25.793583567886476,17.295527272688336,25.793583567886476,0.5903084539572145,-0.036943086676415805,0.019741074163377732
307.0,12.280000000000001,1.0,17.373065279271053,25.74050976271988,17.373065279271053,25.74050976271988,0.5931513131512196,-0.03387008706534532,0.019153212452583373
308.0,12.32,1.0,17.449234319434858,25.690069709413894,17.449234319434858,25.690069709413894,0.5959528566206078,-0.030024468199410813,0.01824582591197213
309.0,12.36,1.0,17.52692024876282,25.639289109434763,17.52692024876282,25.639289109434763,0.598713364963432,-0.025475429722762087,0.01704105281533673
310.0,12.4,1.0,17.604581323822448,25.588058979869437,17.604581323822448,25.588058979869437,0.601430647541286,-0.020306105910804284,0.015570455114896149
311.0,12.44,1.0,17.682229723305806,25.536171822009962,17.682229723305806,25.536171822009962,0.604104069919184,-0.014611993056952344,0.013873496887665487
312.0,12.48,1.0,17.75994362329558,25.483671644992885,17.75994362329558,25.483671644992885,0.606733844183102,-0.008498710725374881,0.01199658243534613
313.0,12.52,1.0,17.836670992590335,25.431147327960865,17.836670992590335,25.431147327960865,0.6093217093186485,-0.0020822126510034898,0.009991398362917897
314.0,12.56,1.0,17.91351441009932,25.377400317167115,17.91351441009932,25.377400317167115,0.6118709316648154,0.0045201000473469085,0.007913718001437342
315.0,12.6,1.0,17.989822132469328,25.322876625748968,17.989822132469328,25.322876625748968,0.6143841850591294,0.011183896675700966,0.005820378927407735
316.0,12.64,1.0,18.06710160384016,25.269469315819137,18.06710160384016,25.269469315819137,0.6168656141284016,0.01778272102581615,0.003768225938724639
317.0,12.68,1.0,18.144143262477726,25.213765308661603,18.144143262477726,25.213765308661603,0.6193192690170323,0.024192198576155732,0.0018127708090514792
318.0,12.72,1.0,18.2209305658863,25.15942295763252,18.2209305658863,25.15942295763252,0.6217488679492963,0.030291417867571967,5.204657010157015e-06
319.0,12.76,1.0,18.29752625191303,25.10432782379784,18.29752625191303,25.10432782379784,0.6241611391071296,0.03596986346456197,-0.0016092952776020665
320.0,12.8,1.0,18.373954340620106,25.0493049074938,18.373954340620106,25.0493049074938,0.6265606674517491,0.041123798240324014,-0.0029930488947045504
321.0,12.84,1.0,18.449925521322857,24.994274336281492,18.449925521322857,24.994274336281492,0.628955529505315,0.045664242819732304,-0.004117249069081409
322.0,12.88,1.0,18.52549401350095,24.939238675592645,18.52549401350095,24.939238675592645,0.6313515869291648,0.04951549417208071,-0.0049633670765137
323.0,12.92,1.0,18.59990540864974,24.88752706930226,18.59990540864974,24.88752706930226,0.6337566423591416,0.05261970438456105,-0.005523698981616383
324.0,12.96,1.0,18.673945675242514,24.83391197160635,18.673945675242514,24.83391197160635,0.6361765122996637,0.05493498297531953,-0.005802031946066738
325.0,13.0,1.0,18.746378883888994,24.781806201598478,18.746378883888994,24.781806201598478,0.6386178473874837,0.05643436115363772,-0.005814297479190551
326.0,13.040000000000001,1.0,18.819083587088464,24.728240353594195,18.819083587088464,24.728240353594195,0.6410888829946957,0.057111946601980726,-0.005586923851700285
327.0,13.08,1.0,18.889868355643323,24.675257514302437,18.889868355643323,24.675257514302437,0.6435975221631047,0.05697878672114927,-0.005156316128541563
328.0,13.120000000000001,1.0,18.962082422634655,24.61940248492638,18.962082422634655,24.61940248492638,0.6461539621848715,0.05606281731738781,-0.0045682049628130985
329.0,13.16,1.0,19.03165889269552,24.564527350544516,19.03165889269552,24.564527350544516,0.6487679493111452,0.05440322314897038,-0.0038752341407593564
330.0,13.200000000000001,1.0,19.101969242993587,24.509728551411445,19.101969242993587,24.509728551411445,0.6514482529797881,0.052055135722760326,-0.0031347639255807427
331.0,13.24,1.0,19.17053184698087,24.45566447788214,19.17053184698087,24.45566447788214,0.6542039312126146,0.049083264770716395,-0.0024065962827502195
332.0,13.280000000000001,1.0,19.239963758229255,24.401342060159006,19.239963758229255,24.401342060159006,0.6570412632340731,0.04555965246812602,-0.0017509466352465496
333.0,13.32,1.0,19.309405822335332,24.346836588257325,19.309405822335332,24.346836588257325,0.6599673401607562,0.041562515590614066,-0.0012248689280493718
334.0,13.36,1.0,19.378491531219805,24.293080792561888,19.378491531219805,24.293080792561888,0.6629849452337219,0.037175805735022105,-0.000880459811720356
335.0,13.4,1.0,19.447793415706105,24.239266022328096,19.447793415706105,24.239266022328096,0.6660965136128784,0.03248761709581026,-0.000761620947429894
336.0,13.44,1.0,19.51672934004677,24.18456182880383,19.51672934004677,24.18456182880383,0.6693002509461488,0.02758503829283656,-0.0009015178999460171
337.0,13.48,1.0,19.5845542219652,24.130629356514593,19.5845542219652,24.130629356514593,0.6725897233975309,0.022548454107854898,-0.0013208895282221396
338.0,13.52,1.0,19.652710061120686,24.079064407082363,19.652710061120686,24.079064407082363,0.6759561031118291,0.01745475941477076,-0.0020266697313190856
339.0,13.56,1.0,19.720308367547855,24.024614824332488,19.720308367547855,24.024614824332488,0.6793842656826762,0.012375334536675008,-0.00301006906360307
340.0,13.6,1.0,19.78796670676346,23.97106410611071,19.78796670676346,23.97106410611071,0.6828577249396988,0.007380098251009548,-0.00424667165141849
341.0,13.64,1.0,19.85585595523693,23.915962841977883,19.85585595523693,23.915962841977883,0.6863562815775117,0.0025257100092702434,-0.005697117315270462
342.0,13.68,1.0,19.923112420457336,23.86170178953023,19.923112420457336,23.86170178953023,0.6898601037760153,-0.0021342038304679846,-0.007307914593681375
343.0,13.72,1.0,19.99036385737941,23.80411057004829,19.99036385737941,23.80411057004829,0.6933492007475045,-0.006554917396343685,-0.009012027281112835
344.0,13.76,1.0,20.057508363708166,23.749224422666835,20.057508363708166,23.749224422666835,0.6968041863267869,-0.010697693494559523,-0.010732028051565212
345.0,13.8,1.0,20.12634860303225,23.693122676592772,20.12634860303225,23.693122676592772,0.7002094026101988,-0.014537494174295573,-0.012381894273569527
346.0,13.84,1.0,20.19377000482462,23.639644768128072,20.19377000482462,23.639644768128072,0.7035506501905755,-0.018053995887086005,-0.013871115067190447
347.0,13.88,1.0,20.26257137085285,23.584052119522454,20.26257137085285,23.584052119522454,0.7068176533484372,-0.021230302704792703,-0.015108481012211048
348.0,13.92,1.0,20.330173227696413,23.529827816016148,20.330173227696413,23.529827816016148,0.710004110990816,-0.02404892578812101,-0.016006321874705864
349.0,13.96,1.0,20.398743823071214,23.473249801943524,20.398743823071214,23.473249801943524,0.7131050855919331,-0.026497986543729833,-0.016484080280809343
350.0,14.0,1.0,20.465114987691834,23.416228838229916,20.465114987691834,23.416228838229916,0.7161220223748668,-0.028569715549691545,-0.01647284784239125
351.0,14.040000000000001,1.0,20.532309552480363,23.357443216081766,20.532309552480363,23.357443216081766,0.7190578910893064,-0.030260159462084178,-0.015918498097178137
352.0,14.08,1.0,20.5991065886721,23.300003072183774,20.5991065886721,23.300003072183774,0.7219217605383793,-0.0315629152189536,-0.014784018534944246
353.0,14.120000000000001,1.0,20.665846338800804,23.24078315017909,20.665846338800804,23.24078315017909,0.724722388159128,-0.03247515253395611,-0.013052076828621556
354.0,14.16,1.0,20.731279774393077,23.181639542592574,20.731279774393077,23.181639542592574,0.7274719005488303,-0.03299666276090468,-0.010727723420658725
355.0,14.200000000000001,1.0,20.796679842133585,23.12109924181422,20.796679842133585,23.12109924181422,0.7301810937183885,-0.03312859576397766,-0.007838421312813006
356.0,14.24,1.0,20.860370969141876,23.060822936945385,20.860370969141876,23.060822936945385,0.7328588413806957,-0.03286978618575792,-0.00443422070514138
357.0,14.280000000000001,1.0,20.92586595080021,22.999287795024834,20.92586595080021,22.999287795024834,0.7355122333121009,-0.032223943824442144,-0.0005862304505704852
358.0,14.32,1.0,20.990597787843083,22.935300680700205,20.990597787843083,22.935300680700205,0.7381447964284619,-0.03119840208616389,0.0036152928594194444
359.0,14.36,1.0,21.055914206622997,22.873369227119916,21.055914206622997,22.873369227119916,0.7407577742552297,-0.029805749691939165,0.008063671988388
360.0,14.4,1.0,21.121092615505532,22.810195583629593,21.121092615505532,22.810195583629593,0.7433516737620598,-0.028059837070785677,0.012638946690263506
361.0,14.44,1.0,21.186523235877097,22.747916801566564,21.186523235877097,22.747916801566564,0.7459242066340998,-0.025978078923993675,0.01721231104793021
362.0,14.48,1.0,21.25159772716605,22.684799449768597,21.25159772716605,22.684799449768597,0.7484727030586112,-0.02358455350473281,0.021650954682312772
363.0,14.52,1.0,21.317265531653934,22.622033532539817,21.317265531653934,22.622033532539817,0.7509896230654359,-0.020907643589767554,0.02582190401881761
364.0,14.56,1.0,21.38278123460456,22.558921018543874,21.38278123460456,22.558921018543874,0.7534673650371573,-0.017980791018082365,0.029597400679681203
365.0,14.6,1.0,21.44729843285651,22.495288188454715,21.44729843285651,22.495288188454715,0.7558938175241139,-0.014836115870180033,0.03285981365812604
366.0,14.64,1.0,21.512719350483597,22.42993752401592,21.512719350483597,22.42993752401592,0.7582580555738583,-0.011513368983082773,0.03550551195381786
367.0,14.68,1.0,21.576814663740517,22.36565635334747,21.576814663740517,22.36565635334747,0.7605497989802715,-0.008053006515728201,0.037447888751500916
368.0,14.72,1.0,21.64234449529455,22.300038226337346,21.64234449529455,22.300038226337346,0.7627616513726097,-0.004498535054379848,0.03862047838005386
369.0,14.76,1.0,21.707137590753884,22.236662429868318,21.707137590753884,22.236662429868318,0.7648910537437552,-0.0008936666254251158,0.03897939059656318
370.0,14.8,1.0,21.77360834090169,22.173437393452772,21.77360834090169,22.173437393452772,0.7669381225287463,0.002712675324723246,0.03850495131632216
371.0,14.84,1.0,21.838321548046085,22.11276215545717,21.838321548046085,22.11276215545717,0.7689064649335581,0.006272951433703111,0.037202051905053504
372.0,14.88,1.0,21.905075855024233,22.04861615361683,21.905075855024233,22.04861615361683,0.7708002394314784,0.009740146283332496,0.0350994723993102
373.0,14.92,1.0,21.970593786395685,21.986443120048794,21.970593786395685,21.986443120048794,0.7726251762669769,0.013071142579391825,0.032247597343388404
374.0,14.96,1.0,22.037971689818004,21.92137293723768,22.037971689818004,21.92137293723768,0.7743900017385537,0.016221383164959368,0.02871759538727244
375.0,15.0,1.0,22.10358146936671,21.85855778549567,22.10358146936671,21.85855778549567,0.7761055493117722,0.019150629391951078,0.024597608842094214
376.0,15.040000000000001,1.0,22.17003322736739,21.794582939067944,22.17003322736739,21.794582939067944,0.7777877498329179,0.021819990618482554,0.019989853485351615
377.0,15.08,1.0,22.234979885924076,21.731661120865756,22.234979885924076,21.731661120865756,0.7794539460245672,0.024202415156489954,0.015006387184848887
378.0,15.120000000000001,1.0,22.300504558671655,21.66859398595634,22.300504558671655,21.66859398595634,0.7811243698128605,0.0262707444669825,0.009766418319282977
379.0,15.16,1.0,22.365229417308406,21.60591120466973,22.365229417308406,21.60591120466973,0.7828189320314201,0.02800572099768194,0.004391609442550053
380.0,15.200000000000001,1.0,22.429366497344645,21.543420269289342,22.429366497344645,21.543420269289342,0.7845559149925813,0.029390114149223656,-0.0009974761150494075
381.0,15.24,1.0,22.493497130478715,21.481866667321054,22.493497130478715,21.481866667321054,0.7863525098993692,0.030421212167871713,-0.0062850247029140344
382.0,15.280000000000001,1.0,22.557281922011978,21.419513698949554,22.557281922011978,21.419513698949554,0.7882226664162384,0.031098140677907848,-0.011362644646115767
383.0,15.32,1.0,22.622232080347423,21.357625525287155,22.622232080347423,21.357625525287155,0.7901817763029227,0.031427833674590476,-0.016132209758435562
384.0,15.36,1.0,22.686561241484526,21.29479977358386,22.686561241484526,21.29479977358386,0.7922432627383749,0.031424380604911664,-0.020507435289443716
385.0,15.4,1.0,22.750979405568355,21.232890823585738,22.750979405568355,21.232890823585738,0.7944208056446469,0.031114239539470234,-0.024416691141987093
386.0,15.44,1.0,22.81409178792373,21.170714116088252,22.81409178792373,21.170714116088252,0.7967254998306614,0.030527962532653597,-0.027803107076286353
387.0,15.48,1.0,22.878239737749194,21.108340720384838,22.878239737749194,21.108340720384838,0.7991651432058329,0.029699058401668234,-0.030625544729270503
388.0,15.52,1.0,22.939076315368304,21.046724285852093,22.939076315368304,21.046724285852093,0.8017440431300136,0.028658794731043026,-0.03285745560451775
389.0,15.56,1.0,23.001504137590295,20.98375505713971,23.001504137590295,20.98375505713971,0.8044617751597203,0.02744705257001271,-0.034487884396325
390.0,15.6,1.0,23.06244239273614,20.920224907360527,23.06244239273614,20.920224907360527,0.807314854289561,0.026105968023778358,-0.03551942339871482
391.0,15.64,1.0,23.124535071239272,20.854689320200283,23.124535071239272,20.854689320200283,0.8102972288079011,0.02468185979226617,-0.03596787830660795
392.0,15.68,1.0,23.184321331949313,20.790854539496145,23.184321331949313,20.790854539496145,0.8134019734293073,0.023213953310231038,-0.03586054091514287
393.0,15.72,1.0,23.24457858537433,20.72647762855411,23.24457858537433,20.72647762855411,0.8166230130015407,0.021745253289593834,-0.035235053778333816
394.0,15.76,1.0,23.304229550708925,20.663800956654846,23.304229550708925,20.663800956654846,0.8199517697454386,0.020315429089205295,-0.03413724294876102
395.0,15.8,1.0,23.364418181623634,20.600206246179937,23.364418181623634,20.600206246179937,0.8233801369018716,0.018960518463859755,-0.032619683050446935
396.0,15.84,1.0,23.424365514180014,20.536185249702122,23.424365514180014,20.536185249702122,0.826897293371079,0.017705522776996097,-0.030739800794999023
397.0,15.88,1.0,23.483945752127728,20.472649138935388,23.483945752127728,20.472649138935388,0.8304929968074626,0.016571536498583193,-0.02855888743864445
398.0,15.92,1.0,23.542481056316465,20.407826860726825,23.542481056316465,20.407826860726825,0.8341560408812679,0.015574793906163864,-0.026140280163179992
399.0,15.96,1.0,23.600892877864148,20.343423457302503,23.600892877864148,20.343423457302503,0.8378774365390502,0.014726312651859873,-0.02354850677138318
400.0,16.0,1.0,23.659401781426975,20.278130930461405,23.659401781426975,20.278130930461405,0.8416500928492823,0.014026212116086446,-0.02084684878167183
401.0,16.04,1.0,23.717502998701,20.212050422991734,23.717502998701,20.212050422991734,0.8454692596967387,0.013467768373622934,-0.018097103578159794
402.0,16.080000000000002,1.0,23.776621115982394,20.14607047365347,23.776621115982394,20.14607047365347,0.849332313933381,0.013039026764433592,-0.015357584291923155
403.0,16.12,1.0,23.83369755808189,20.079858298379655,23.83369755808189,20.079858298379655,0.8532369269293424,0.01272903151473217,-0.012682557381282714
404.0,16.16,1.0,23.891111794389897,20.013528042302315,23.891111794389897,20.013528042302315,0.8571796141638789,0.012517069840661177,-0.01012083739910477
405.0,16.2,1.0,23.946879496588036,19.947087823750742,23.946879496588036,19.947087823750742,0.8611565292094283,0.012378251727644307,-0.007715461704173927
406.0,16.240000000000002,1.0,24.003253342570808,19.87963048091025,24.003253342570808,19.87963048091025,0.8651618306561468,0.01228327206678138,-0.005502289998042179
407.0,16.28,1.0,24.058444603780174,19.812586503603114,24.058444603780174,19.812586503603114,0.8691890144928959,0.01220725543236082,-0.0035090550807625963
408.0,16.32,1.0,24.11571882010864,19.74394802583725,24.11571882010864,19.74394802583725,0.8732300827630919,0.012125267256245964,-0.0017545603253232684
409.0,16.36,1.0,24.170809762193215,19.676413257507754,24.170809762193215,19.676413257507754,0.877277514384887,0.012015868201834557,-0.00024834965066157164
410.0,16.4,1.0,24.226711878471516,19.608218334170378,24.226711878471516,19.608218334170378,0.881321627444191,0.011864004114637639,0.001009348132691646
411.0,16.44,1.0,24.282177817598246,19.541027976479754,24.282177817598246,19.541027976479754,0.8853513986461538,0.011663587005770503,0.0020278036486217777
412.0,16.48,1.0,24.337281244798394,19.473781672634647,24.337281244798394,19.473781672634647,0.8893535294987558,0.011413206724967118,0.0028260821954010436
413.0,16.52,1.0,24.392035397569035,19.40653816837675,24.392035397569035,19.40653816837675,0.8933117848539535,0.011115335641900892,0.0034321348779857005
414.0,16.56,1.0,24.446051028647197,19.33925483258208,24.446051028647197,19.33925483258208,0.8972083654216625,0.010774461243682398,0.0038820061007917733
415.0,16.6,1.0,24.49975727635918,19.27211942306496,24.49975727635918,19.27211942306496,0.9010251099321336,0.010405020846144652,0.0042185446959263516
416.0,16.64,1.0,24.55307491252656,19.20421410390992,24.55307491252656,19.20421410390992,0.9047443259517868,0.01003091606913813,0.004490419730249969
417.0,16.68,1.0,24.60646482354929,19.136649058252424,24.60646482354929,19.136649058252424,0.9083515033516308,0.009682546732815211,0.004749555413441119
418.0,16.72,1.0,24.660586638732656,19.068193737604282,24.660586638732656,19.068193737604282,0.9118351960515829,0.009390828151650866,0.005049243875693006
419.0,16.76,1.0,24.71446602445277,18.999868815210796,24.71446602445277,18.999868815210796,0.9151868750237482,0.009191389675640016,0.005442027882567288
420.0,16.8,1.0,24.767891799993134,18.931345385304574,24.767891799993134,18.931345385304574,0.9184003913812425,0.009122115365900319,0.005977573813609945
421.0,16.84,1.0,24.82043236073967,18.86279468464937,24.82043236073967,18.86279468464937,0.921472341486921,0.009217648985939863,0.006700554259193048
422.0,16.88,1.0,24.87238696420867,18.793474505707888,24.87238696420867,18.793474505707888,0.9244018296291265,0.009505884854559343,0.007647786930006124
423.0,16.92,1.0,24.92290229487508,18.72398114242824,24.92290229487508,18.72398114242824,0.9271898521313808,0.010011020785605996,0.008846122377104661
424.0,16.96,1.0,24.974222014140544,18.654266294993626,24.974222014140544,18.654266294993626,0.9298421662890961,0.010754938209727949,0.010310775307866029
425.0,17.0,1.0,25.02527263896507,18.583706107218212,25.02527263896507,18.583706107218212,0.9323666768068511,0.011752489195819582,0.012044389549465125
426.0,17.04,1.0,25.075826868720434,18.512442160670407,25.075826868720434,18.512442160670407,0.934774037525038,0.013010251071600898,0.014035363903257481
427.0,17.080000000000002,1.0,25.12647989709713,18.44202170835286,25.12647989709713,18.44202170835286,0.9370771243152545,0.014521918219812979,0.016257370157241113
428.0,17.12,1.0,25.17628397381724,18.371806487132258,25.17628397381724,18.371806487132258,0.9392873872049188,0.016275534222437694,0.0186700477015513
429.0,17.16,1.0,25.227094132267286,18.300652715306704,25.227094132267286,18.300652715306704,0.9414155020239635,0.018253717905081825,0.021219688727279674
430.0,17.2,1.0,25.27692320731861,18.229490748487624,25.27692320731861,18.229490748487624,0.9434702160170154,0.020431470013696516,0.023840515688208587
431.0,17.240000000000002,1.0,25.326627790146524,18.158600172943444,25.326627790146524,18.158600172943444,0.9454585917245337,0.02277004381635813,0.026456335253112313
432.0,17.28,1.0,25.375203437119872,18.087874343070887,25.375203437119872,18.087874343070887,0.9473864480780876,0.025227986082955567,0.02898313806524212
433.0,17.32,1.0,25.424047114795556,18.016610446091835,25.424047114795556,18.016610446091835,0.9492586380333543,0.027761543618180572,0.03133182359243945
434.0,17.36,1.0,25.47222256005739,17.945044743550067,25.47222256005739,17.945044743550067,0.9510814609446736,0.030326580815195125,0.033411395532699034
435.0,17.400000000000002,1.0,25.52177660935633,17.87122860404242,25.52177660935633,17.87122860404242,0.9528582631392648,0.032873330815543576,0.0351318051464594
436.0,17.44,1.0,25.570991403283756,17.79980738499841,25.570991403283756,17.79980738499841,0.9545942177123162,0.035355086529100875,0.03640716644146853
437.0,17.48,1.0,25.61961826897151,17.727202411622166,25.61961826897151,17.727202411622166,0.9562932011525576,0.03772736189155618,0.03716012435300966
438.0,17.52,1.0,25.667657763175548,17.65686302084214,25.667657763175548,17.65686302084214,0.9579592039064014,0.03995238208626771,0.0373246388647
439.0,17.56,1.0,25.715806244530647,17.58604336637995,25.715806244530647,17.58604336637995,0.959597268034201,0.041991542260697304,0.03684847975118385
440.0,17.6,1.0,25.764216419281855,17.517038366247487,25.764216419281855,17.517038366247487,0.9612130897835147,0.04380851827213282,0.035695422420724376
441.0,17.64,1.0,25.812607266309225,17.44733363583977,25.812607266309225,17.44733363583977,0.9628143198632954,0.045368282499638465,0.033847359407349606
442.0,17.68,1.0,25.86142942234907,17.378393448803532,25.86142942234907,17.378393448803532,0.9644095983543618,0.04664995293021401,0.03130544465088924
443.0,17.72,1.0,25.91098478088363,17.309664238573664,25.91098478088363,17.309664238573664,0.966009069356631,0.04763251138499325,0.02809046503248596
444.0,17.76,1.0,25.95930209904115,17.24062179214284,25.95930209904115,17.24062179214284,0.9676228775721347,0.048300069840431156,0.02424337536338163
445.0,17.8,1.0,26.008166806390513,17.17200018527918,26.008166806390513,17.17200018527918,0.9692598481769737,0.04863718381452953,0.019824004891192067
446.0,17.84,1.0,26.056430216444426,17.10480135747483,26.056430216444426,17.10480135747483,0.9709304682908364,0.04863844144591899,0.014910677127316266
447.0,17.88,1.0,26.104133553578766,17.03608365407028,26.104133553578766,17.03608365407028,0.9726422048050821,0.04830042193376981,0.009597938950166076
448.0,17.92,1.0,26.151249331972615,16.968431270566526,26.151249331972615,16.968431270566526,0.9744034085966888,0.04762307094167591,0.003993885795501895
449.0,17.96,1.0,26.19839974146443,16.90002100885405,26.19839974146443,16.90002100885405,0.97621992844732,0.04660645266616824,-0.0017825947993137703
450.0,18.0,1.0,26.245298479332696,16.832583877377292,26.245298479332696,16.832583877377292,0.9780971134126585,0.045255901385194086,-0.007604402679493217
451.0,18.04,1.0,26.292919719780638,16.76456088029412,26.292919719780638,16.76456088029412,0.9800387041213028,0.04358264093214294,-0.013339973258493263
452.0,18.080000000000002,1.0,26.340851908309922,16.69690702745242,26.340851908309922,16.69690702745242,0.9820470906374712,0.041603941424566214,-0.018857329846163902
453.0,18.12,1.0,26.389132736783232,16.62928407936791,26.389132736783232,16.62928407936791,0.9841239263090049,0.03933643315758147,-0.024027286724891746
454.0,18.16,1.0,26.43590728716589,16.56153202058355,26.43590728716589,16.56153202058355,0.986268414232949,0.036805112326560654,-0.028727006374302044
455.0,18.2,1.0,26.48282601646642,16.496502644298943,26.48282601646642,16.496502644298943,0.9884809825120999,0.034040346891525707,-0.032843972240234054
456.0,18.240000000000002,1.0,26.52872198372259,16.429747394099003,26.52872198372259,16.429747394099003,0.9907606459599115,0.03107994801898074,-0.03627853475643408
457.0,18.28,1.0,26.57557080798124,16.363562310730043,26.57557080798124,16.363562310730043,0.9931053806179421,0.02796136227980267,-0.0389475171571092
458.0,18.32,1.0,26.62131094570259,16.29643763086416,26.62131094570259,16.29643763086416,0.995513503428217,0.024729116831053333,-0.04078645119819629
459.0,18.36,1.0,26.666763833583218,16.229308442146753,26.666763833583218,16.229308442146753,0.9979823098555929,0.021431750847133457,-0.04175226421660744
460.0,18.400000000000002,1.0,26.710731601744136,16.161375158033334,26.710731601744136,16.161375158033334,1.0005105138337957,0.018123541551544685,-0.04182430131188792
461.0,18.44,1.0,26.754305867385863,16.094063171306473,26.754305867385863,16.094063171306473,1.0030969085567094,0.014861757914147488,-0.041006376372607005
462.0,18.48,1.0,26.796325728509686,16.026403958011592,26.796325728509686,16.026403958011592,1.0057417407100768,0.011701793061667253,-0.03932623641475724
463.0,18.52,1.0,26.8387200696379,15.958831528845954,26.8387200696379,15.958831528845954,1.008445892455577,0.008699486251024634,-0.03683539947596533
464.0,18.56,1.0,26.880163823789395,15.890793715366769,26.880163823789395,15.890793715366769,1.0112106765656832,0.00590735997680727,-0.03360867171938259
465.0,18.6,1.0,26.92165556661528,15.822774406948616,26.92165556661528,15.822774406948616,1.0140398169765004,0.0033739092886472697,-0.029742557093474665
466.0,18.64,1.0,26.96339436404005,15.753708066345109,26.96339436404005,15.753708066345109,1.0169347703171303,0.0011385832059982893,-0.025352645279259366
467.0,18.68,1.0,27.004898356294582,15.684968293467847,27.004898356294582,15.684968293467847,1.0198993229910434,-0.0007675015079459779,-0.020571082335862766
468.0,18.72,1.0,27.046748237813638,15.614157400917302,27.046748237813638,15.614157400917302,1.022936946279846,-0.0023229121162076983,-0.015543270410327867
469.0,18.76,1.0,27.087546869676515,15.544199004716422,27.087546869676515,15.544199004716422,1.0260525255036472,-0.0035200665440981217,-0.010423838648960206
470.0,18.8,1.0,27.128298869682283,15.474085233715183,27.128298869682283,15.474085233715183,1.0292503498092558,-0.004365772724864725,-0.005371571610255746
471.0,18.84,1.0,27.168521244171096,15.403873959521922,27.168521244171096,15.403873959521922,1.0325347697922334,-0.004879223765577523,-0.0005453563810047888
472.0,18.88,1.0,27.2084493278388,15.333119080681664,27.2084493278388,15.333119080681664,1.0359088436185102,-0.005092647692303454,0.0039015098645821993
473.0,18.92,1.0,27.24819571710028,15.261654273355651,27.24819571710028,15.261654273355651,1.0393741369788088,-0.00504854910568856,0.007825391117304476
474.0,18.96,1.0,27.289118141213272,15.190670708299006,27.289118141213272,15.190670708299006,1.0429298116529355,-0.004803071927857716,0.011097760974352423
475.0,19.0,1.0,27.328793861383833,15.118877365405254,27.328793861383833,15.118877365405254,1.0465728077087353,-0.004418398042607541,0.013609861132202767
476.0,19.04,1.0,27.369028349506145,15.04780952776423,27.369028349506145,15.04780952776423,1.0502964829206056,-0.003964971791336247,0.015276510489209971
477.0,19.080000000000002,1.0,27.40827591150849,14.975820374029041,27.40827591150849,14.975820374029041,1.0540935695309943,-0.0035130199713171995,0.016039026387925714
478.0,19.12,1.0,27.448410459588935,14.904402425597146,27.448410459588935,14.904402425597146,1.057953869041038,-0.003134011571511941,0.01586826943851421
479.0,19.16,1.0,27.488161453520625,14.833170878943594,27.488161453520625,14.833170878943594,1.0618666095288591,-0.0028909504781262528,0.014767146210204307
480.0,19.2,1.0,27.52855780922176,14.761760311224739,27.52855780922176,14.761760311224739,1.0658185074935211,-0.002839723237001557,0.01277080682905848
481.0,19.240000000000002,1.0,27.569329206197075,14.690745594121704,27.569329206197075,14.690745594121704,1.0697962373117735,-0.0030218721250007243,0.009946058870760045
482.0,19.28,1.0,27.61007438703291,14.619805087827388,27.61007438703291,14.619805087827388,1.0737844492268314,-0.0034681503163167316,0.006389915166807142
483.0,19.32,1.0,27.650532527511235,14.548536015113083,27.650532527511235,14.548536015113083,1.0777681177657696,-0.004193569030481392,0.0022272089692565618
484.0,19.36,1.0,27.690501247784816,14.477169956033183,27.690501247784816,14.477169956033183,1.0817320378190094,-0.0051966094167749995,-0.002392836501995431
485.0,19.400000000000002,1.0,27.73012090986296,14.40622230456098,27.73012090986296,14.40622230456098,1.085663134325896,-0.006454249692629865,-0.007301668527831174
486.0,19.44,1.0,27.769321886336797,14.335932147029121,27.769321886336797,14.335932147029121,1.0895506978198557,-0.007927943974065899,-0.012316962784742091
487.0,19.48,1.0,27.809214674844775,14.266149624789259,27.809214674844775,14.266149624789259,1.0933876729268177,-0.00956161533379063,-0.01724820551632828
488.0,19.52,1.0,27.84855680383643,14.19645004070765,27.84855680383643,14.19645004070765,1.0971696605374328,-0.011287175543667326,-0.02190255620064649
489.0,19.56,1.0,27.88781447675087,14.126637849925547,27.88781447675087,14.126637849925547,1.1008946956888244,-0.013024188367705969,-0.026092297632740548
490.0,19.6,1.0,27.926609422927253,14.055583016265095,27.926609422927253,14.055583016265095,1.1045629831736745,-0.014688448060274218,-0.029642398296920336
491.0,19.64,1.0,27.964586850781465,13.984320878574483,27.964586850781465,13.984320878574483,1.1081767603663608,-0.016191533662757284,-0.03239590967614344
492.0,19.68,1.0,28.002620789249114,13.911901373156354,28.002620789249114,13.911901373156354,1.1117396993987914,-0.01744767109319023,-0.034220020716855745
493.0,19.72,1.0,28.038657215260606,13.840093510701049,28.038657215260606,13.840093510701049,1.115256897502931,-0.018374308941061002,-0.035010965914785405
494.0,19.76,1.0,28.07462421273859,13.766874070205438,28.07462421273859,13.766874070205438,1.1187351484803858,-0.01889948295440157,-0.034699417247095105
495.0,19.8,1.0,28.109668122436073,13.69291599182399,28.109668122436073,13.69291599182399,1.122183172594219,-0.01896372101085906,-0.03325303038624242
496.0,19.84,1.0,28.14450064012408,13.618798842136451,28.14450064012408,13.618798842136451,1.1256111839877547,-0.01852772994183708,-0.03067812301213104
497.0,19.88,1.0,28.178587643285123,13.544463151715751,28.178587643285123,13.544463151715751,1.1290296259380956,-0.017569321665668502,-0.027019265228648514
498.0,19.92,1.0,28.212490171298374,13.468899271563853,28.212490171298374,13.468899271563853,1.1324470179028165,-0.016088489600442457,-0.022359066387975572
499.0,19.96,1.0,28.24516368276495,13.393200105185679,28.24516368276495,13.393200105185679,1.1358702322418162,-0.014106240423674166,-0.0168162825471954
500.0,20.0,1.0,28.279015087712743,13.315890723362926,28.279015087712743,13.315890723362926,1.139304271559738,-0.011664516230683764,-0.010541636797939711
501.0,20.04,1.0,28.310303912414014,13.238990364693782,28.310303912414014,13.238990364693782,1.142751131126741,-0.008825116537871769,-0.0037120908697368333
502.0,20.080000000000002,1.0,28.342348904731182,13.16117637021469,28.342348904731182,13.16117637021469,1.1462106861039127,-0.005667313721731837,0.0034741031654876757
503.0,20.12,1.0,28.373478127349955,13.083579582016494,28.373478127349955,13.083579582016494,1.1496802645967912,-0.0022867866557349627,0.010803954811727605
504.0,20.16,1.0,28.40567169177213,13.006473382800886,28.40567169177213,13.006473382800886,1.1531569132518622,0.0012104647235352984,0.01805710906985365
505.0,20.2,1.0,28.43749569316134,12.928214078057,28.43749569316134,12.928214078057,1.1566346053907999,0.004712388167297632,0.025014693197744166
506.0,20.240000000000002,1.0,28.470049600201076,12.85018138986751,28.470049600201076,12.85018138986751,1.1601050287778722,0.008106468273547173,0.03146622509431931
507.0,20.28,1.0,28.501131223381208,12.77125946160021,28.501131223381208,12.77125946160021,1.1635545304972572,0.011283405302327876,0.03721708505397131
508.0,20.32,1.0,28.531212295941238,12.694169279673782,28.531212295941238,12.694169279673782,1.1669669219441685,0.01414024587124917,0.04209399670777982
509.0,20.36,1.0,28.561488980074245,12.61616047831426,28.561488980074245,12.61616047831426,1.1703255060420792,0.016588209338626304,0.04595243907546467
510.0,20.400000000000002,1.0,28.591345174695864,12.539377979978891,28.591345174695864,12.539377979978891,1.1736129220927796,0.01855405367671307,0.048681633969551726
511.0,20.44,1.0,28.62197399078355,12.461984686392238,28.62197399078355,12.461984686392238,1.1768125188210914,0.019982903229519143,0.05020814186004071
512.0,20.48,1.0,28.651331095558447,12.385336466300748,28.651331095558447,12.385336466300748,1.1799090550431306,0.02084035966975122,0.05049682451401004
513.0,20.52,1.0,28.682455569856234,12.309482289129717,28.682455569856234,12.309482289129717,1.1828909206218086,0.021115747078565394,0.04955222487639837
514.0,20.56,1.0,28.71252571550833,12.233768107391237,28.71252571550833,12.233768107391237,1.185749266936152,0.020823438703871433,0.04741890530311184
515.0,20.6,1.0,28.74426198675308,12.158617543619382,28.74426198675308,12.158617543619382,1.1884773901762942,0.01999813417298969,0.044179541954006224
516.0,20.64,1.0,28.775303105657258,12.083551337194958,28.775303105657258,12.083551337194958,1.191071891382249,0.018695765731175963,0.039950885078958796
517.0,20.68,1.0,28.80705647186884,12.009023907177951,28.80705647186884,12.009023907177951,1.1935318918515079,0.016985262723427586,0.034879110293634906
518.0,20.72,1.0,28.839023673612267,11.935815976641667,28.839023673612267,11.935815976641667,1.195863735729668,0.014954223460199511,0.029134315873040346
519.0,20.76,1.0,28.871070800700807,11.861929852407101,28.871070800700807,11.861929852407101,1.1980773388223185,0.01270075493938112,0.022905284969939738
520.0,20.8,1.0,28.9016648037068,11.788975948829464,28.9016648037068,11.788975948829464,1.2001863896116944,0.010328618489126995,0.01639134100581464
521.0,20.84,1.0,28.932981666647827,11.714147210067512,28.932981666647827,11.714147210067512,1.2022074266838199,0.007942569536537625,0.009795318216297077
522.0,20.88,1.0,28.96371415100656,11.640460548461567,28.96371415100656,11.640460548461567,1.204160532112175,0.005646893657094099,0.0033165230268820773
523.0,20.92,1.0,28.9949834307429,11.565995882295462,28.9949834307429,11.565995882295462,1.2060686768682958,0.0035422672288222936,-0.0028539140364396615
524.0,20.96,1.0,29.025804038315062,11.491056209625643,29.025804038315062,11.491056209625643,1.20795345054943,0.0017168532406874326,-0.008539803880732732
525.0,21.0,1.0,29.05510547060577,11.415544757455127,29.05510547060577,11.415544757455127,1.2098367794803546,0.0002460347429908083,-0.013586148554504966
526.0,21.04,1.0,29.083447319059168,11.339613117762635,29.083447319059168,11.339613117762635,1.2117381764338633,-0.0008107519699925402,-0.017864294433312628
527.0,21.080000000000002,1.0,29.112048930506795,11.263358377282072,29.112048930506795,11.263358377282072,1.213676651270765,-0.0014099025132148335,-0.02127452152606257
528.0,21.12,1.0,29.141481333622323,11.186780590742243,29.141481333622323,11.186780590742243,1.2156688259268869,-0.0015248897475090173,-0.023746945008535733
529.0,21.16,1.0,29.16958098590873,11.11088037039817,29.16958098590873,11.11088037039817,1.217725602553704,-0.001152998207314193,-0.025243346022547748
530.0,21.2,1.0,29.198199774940072,11.033902398845717,29.198199774940072,11.033902398845717,1.2198549232148281,-0.0003124330610613124,-0.02575802984078108
531.0,21.240000000000002,1.0,29.22521932823659,10.957467106006828,29.22521932823659,10.957467106006828,1.2220599036029098,0.0009595971746758303,-0.025316490427760914
532.0,21.28,1.0,29.25380346032108,10.88017682057933,29.25380346032108,10.88017682057933,1.2243418815268101,0.0026131135052523515,-0.023972061592210783
533.0,21.32,1.0,29.28038881241949,10.80233022138928,29.28038881241949,10.80233022138928,1.22669578785294,0.00458083607074754,-0.021802548360496603
534.0,21.36,1.0,29.308804814955398,10.724237473908094,29.308804814955398,10.724237473908094,1.2291127356545664,0.006782447843372408,-0.018908167505366724
535.0,21.400000000000002,1.0,29.334845589371792,10.646211788771353,29.334845589371792,10.646211788771353,1.231580085327322,0.009130217228297165,-0.015406466557692428
536.0,21.44,1.0,29.361384062177983,10.568743752022874,29.361384062177983,10.568743752022874,1.2340827455805992,0.01152969917594559,-0.011427146930429776
537.0,21.48,1.0,29.388086746593483,10.49104535528778,29.388086746593483,10.49104535528778,1.236605458778016,0.013885818695494028,-0.007106179596567379
538.0,21.52,1.0,29.413037842712544,10.41246976027412,29.413037842712544,10.41246976027412,1.239130283944041,0.016099559619950927,-0.0025823542077731683
539.0,21.56,1.0,29.437896373880314,10.334292449717744,29.437896373880314,10.334292449717744,1.2416399059710002,0.018078495660481104,0.002005848070283858
540.0,21.6,1.0,29.461884014633917,10.256308146298034,29.461884014633917,10.256308146298034,1.2441182999608411,0.019739055045960924,0.006525512229050812
541.0,21.64,1.0,29.487360935174685,10.17887773620502,29.487360935174685,10.17887773620502,1.2465504631000168,0.021011392232886544,0.010854469163031018
542.0,21.68,1.0,29.51210508868282,10.101066181002498,29.51210508868282,10.101066181002498,1.2489232186500336,0.021836109404814147,0.014885175655395644
543.0,21.72,1.0,29.536401756277094,10.024194057339681,29.536401756277094,10.024194057339681,1.2512221208291787,0.022166652502180577,0.01852464204918348
544.0,21.76,1.0,29.56008981496771,9.947123886175168,29.56008981496771,9.947123886175168,1.2534370374306945,0.021972839938916106,0.021696308910968857
545.0,21.8,1.0,29.584348419004932,9.870908285929058,29.584348419004932,9.870908285929058,1.2555579085640556,0.021241803528303786,0.024342016978378934
546.0,21.84,1.0,29.608526110725666,9.794164403503249,29.608526110725666,9.794164403503249,1.2575799495368813,0.01997606830232341,0.0264229208933874
547.0,21.88,1.0,29.631826432847028,9.718022724610726,29.631826432847028,9.718022724610726,1.2594984547479913,0.01819410181789722,0.027918118712960675
548.0,21.92,1.0,29.655537471103703,9.64141488784748,29.655537471103703,9.64141488784748,1.2613107167369966,0.015929216476381087,0.028822860940043032
549.0,21.96,1.0,29.67949630891646,9.565127133180823,29.67949630891646,9.565127133180823,1.2630166843877833,0.013232443505980828,0.029148476895977764
550.0,22.0,1.0,29.703762975255948,9.489369944712534,29.703762975255948,9.489369944712534,1.264618490096059,0.010167345536737338,0.028921604465339583
551.0,22.04,1.0,29.728227654163327,9.413923890232672,29.728227654163327,9.413923890232672,1.266121200042291,0.006808582233913685,0.02818160535722005
552.0,22.080000000000002,1.0,29.751511519246925,9.338633657251485,29.751511519246925,9.338633657251485,1.267530805346176,0.003237110840782609,0.026976558649052622
553.0,22.12,1.0,29.77582285359722,9.263547915024455,29.77582285359722,9.263547915024455,1.2688556561315143,-0.0004542485023038001,0.025360305142214472
554.0,22.16,1.0,29.79830198951185,9.189298961874965,29.79830198951185,9.189298961874965,1.2701067882566779,-0.004173106455215614,0.0233927479496951
555.0,22.2,1.0,29.82207152286073,9.114718609519926,29.82207152286073,9.114718609519926,1.271295819604477,-0.007825840838039333,0.021136820776276842
556.0,22.240000000000002,1.0,29.845065549244406,9.039431953840923,29.845065549244406,9.039431953840923,1.2724372234991543,-0.011323162808653647,0.018655723937242484
557.0,22.28,1.0,29.86789697119358,8.964194340487426,29.86789697119358,8.964194340487426,1.2735442685030234,-0.01457798038427463,0.01600900151389776
558.0,22.32,1.0,29.891817715557504,8.887613753448889,29.891817715557504,8.887613753448889,1.2746337945081194,-0.01751146026122154,0.013252905930456324
559.0,22.36,1.0,29.915735449702517,8.811118504646158,29.915735449702517,8.811118504646158,1.2757225816716218,-0.020054365630193534,0.010439242438596567
560.0,22.400000000000002,1.0,29.939669850824156,8.73419945168712,29.939669850824156,8.73419945168712,1.2768284932418725,-0.02215076496182508,0.007613927997228482
561.0,22.44,1.0,29.96305808485271,8.657045916907355,29.96305808485271,8.657045916907355,1.2779684958646196,-0.023757411204199635,0.004814833491863901
562.0,22.48,1.0,29.986493508023546,8.579680946945187,29.986493508023546,8.579680946945187,1.2791578283071874,-0.02484543497765393,0.0020720576980966434
563.0,22.52,1.0,30.01039609833082,8.502137834143419,30.01039609833082,8.502137834143419,1.2804123124907016,-0.025399556422936814,-0.0005908156266177242
564.0,22.56,1.0,30.034169424604073,8.424932355460722,30.034169424604073,8.424932355460722,1.2817453860394747,-0.025424608721675075,-0.0031562036245779135
565.0,22.6,1.0,30.058124625300383,8.347910416468878,30.058124625300383,8.347910416468878,1.2831705395966613,-0.02493626679868562,-0.005613957189493501
566.0,22.64,1.0,30.08092969108468,8.270428360228808,30.08092969108468,8.270428360228808,1.2846990545829053,-0.023963164814508137,-0.00796003787523069
567.0,22.68,1.0,30.104881216830172,8.193094487683732,30.104881216830172,8.193094487683732,1.2863414319453796,-0.02254618954926963,-0.010194569494179167
568.0,22.72,1.0,30.127554222469332,8.114428996687474,30.127554222469332,8.114428996687474,1.288106714716562,-0.02074059014496696,-0.012318774895283777
569.0,22.76,1.0,30.15113678707393,8.035954677993614,30.15113678707393,8.035954677993614,1.2900007595402432,-0.018605796329620183,-0.014335814007221592
570.0,22.8,1.0,30.174003877498897,7.957064376409834,30.174003877498897,7.957064376409834,1.292026934257433,-0.016208133784092436,-0.016249055510392456
571.0,22.84,1.0,30.19801896395567,7.877517399337057,30.19801896395567,7.877517399337057,1.2941851565117508,-0.013614331284942226,-0.018061029581665104
572.0,22.88,1.0,30.221078760794022,7.797809322197752,30.221078760794022,7.797809322197752,1.2964723661498483,-0.01089499785530108,-0.019770093898460687
573.0,22.92,1.0,30.244638213100746,7.718180401794767,30.244638213100746,7.718180401794767,1.2988839279904478,-0.008117964383314847,-0.021370591490641005
574.0,22.96,1.0,30.267164697486066,7.637790624012392,30.267164697486066,7.637790624012392,1.3014113523482504,-0.005346640461488283,-0.02285248785232859
575.0,23.0,1.0,30.28997680739584,7.558617316698256,30.28997680739584,7.558617316698256,1.3040455688758015,-0.00263459951601287,-0.02420108639060376
576.0,23.04,1.0,30.312895832763,7.478392537180255,30.312895832763,7.478392537180255,1.3067733061194753,-2.874333857185718e-05,-0.025395148093111164
577.0,23.080000000000002,1.0,30.335305575634457,7.399447844551764,30.335305575634457,7.399447844551764,1.309580778078184,0.0024328388207652263,-0.026407267556399862
578.0,23.12,1.0,30.35684691229851,7.3207502366259,30.35684691229851,7.3207502366259,1.312450668607927,0.004724882760316795,-0.02720556257380393
579.0,23.16,1.0,30.378364075819018,7.242139472339582,30.378364075819018,7.242139472339582,1.3153649202833868,0.006836874986686248,-0.02775567742289923
580.0,23.2,1.0,30.399854239239268,7.163315028818611,30.399854239239268,7.163315028818611,1.3183047590548749,0.008763622095522328,-0.02802056405011989
581.0,23.240000000000002,1.0,30.421198054993262,7.084990278241632,30.421198054993262,7.084990278241632,1.3212524620740598,0.010509692959670035,-0.027962438153632547
582.0,23.28,1.0,30.442386953643258,7.006159276047164,30.442386953643258,7.006159276047164,1.3241914411518159,0.012086453954871079,-0.027545206107535396
583.0,23.32,1.0,30.46254321523109,6.927759460432368,30.46254321523109,6.927759460432368,1.3271083496067742,0.013512752045642906,-0.026738361747749063
584.0,23.36,1.0,30.483244749773405,6.848072057812347,30.483244749773405,6.848072057812347,1.3299916068902673,0.01481016776461247,-0.025518365599826814
585.0,23.400000000000002,1.0,30.50307924876314,6.768788528712188,30.50307924876314,6.768788528712188,1.3328343053299003,0.016001709929433523,-0.02387080877111694
586.0,23.44,1.0,30.522772942999392,6.690065175882326,30.522772942999392,6.690065175882326,1.3356313309342864,0.01710848861016484,-0.02179248040668199
587.0,23.48,1.0,30.541573128852868,6.6108088358573935,30.541573128852868,6.6108088358573935,1.3383832858697393,0.01815174673333081,-0.019294840098741398
588.0,23.52,1.0,30.560209414600603,6.531863642151853,30.560209414600603,6.531863642151853,1.3410933766150137,0.019148860976757148,-0.01640529619088196
589.0,23.56,1.0,30.57811377135646,6.453256975240573,30.57811377135646,6.453256975240573,1.3437706316318343,0.02010892084322668,-0.013167327467049853
590.0,23.6,1.0,30.59493445645932,6.373577824961044,30.59493445645932,6.373577824961044,1.3464275166134054,0.021032976051402048,-0.009640279953412116
591.0,23.64,1.0,30.61068385480951,6.294256487548585,30.61068385480951,6.294256487548585,1.34907997894954,0.02191635227409408,-0.005900079253940644
592.0,23.68,1.0,30.62715672298767,6.214847198256729,30.62715672298767,6.214847198256729,1.3517465615949127,0.022747239075568453,-0.00203824749218692
593.0,23.72,1.0,30.642619450732514,6.135566845803337,30.642619450732514,6.135566845803337,1.354446970608469,0.023501887782679948,0.001841593499952624
594.0,23.76,1.0,30.659037581338993,6.056402073967222,30.659037581338993,6.056402073967222,1.3572002948663253,0.024149957887736113,0.005627069634310205
595.0,23.8,1.0,30.67442975382617,5.976575709867086,30.67442975382617,5.976575709867086,1.360023908536061,0.02465490845145804,0.009200138656101373
596.0,23.84,1.0,30.68940844148177,5.897261056359512,30.68940844148177,5.897261056359512,1.362931156090542,0.024975431478750438,0.012440609973937481
597.0,23.88,1.0,30.704522715283275,5.816922388470434,30.704522715283275,5.816922388470434,1.3659325913980482,0.025065519826160072,0.015231448447769145
598.0,23.92,1.0,30.71900280684605,5.737477830235311,30.71900280684605,5.737477830235311,1.369032617006249,0.02487766390236552,0.017464636969000157
599.0,23.96,1.0,30.73419777765834,5.658204639011691,30.73419777765834,5.658204639011691,1.3722322553232034,0.024364925151618144,0.019046354332216554
600.0,24.0,1.0,30.748827638946675,5.579167350174893,30.748827638946675,5.579167350174893,1.37552546437929,0.02348803536028269,0.019900965934089906
601.0,24.04,1.0,30.763235151590635,5.500376947314367,30.763235151590635,5.500376947314367,1.3789014501717758,0.0222105156766489,0.019975386071018387
602.0,24.080000000000002,1.0,30.77803485446851,5.423021640467076,30.77803485446851,5.423021640467076,1.3823444698151226,0.020505193021522906,0.01924369027503715
603.0,24.12,1.0,30.792656678292143,5.3451419777986375,30.792656678292143,5.3451419777986375,1.3858329177445472,0.018354887986666873,0.017710465745690657
604.0,24.16,1.0,30.807014329875976,5.2686127308118165,30.807014329875976,5.2686127308118165,1.3893421999355822,0.015759613273333813,0.015411064841529038
605.0,24.2,1.0,30.821149888703125,5.19093202954822,30.821149888703125,5.19093202954822,1.3928440466262009,0.012728434205787408,0.012412103339996356
606.0,24.240000000000002,1.0,30.83648153541329,5.1136553467566985,30.83648153541329,5.1136553467566985,1.3963105777285856,0.00928410461813665,0.008811025603878388
607.0,24.28,1.0,30.851325858484774,5.036733587809333,30.851325858484774,5.036733587809333,1.3997146933333933,0.005459333719925391,0.004734764335760184
608.0,24.32,1.0,30.866945497422044,4.960407966057333,30.866945497422044,4.960407966057333,1.4030320278989055,0.0013030305077265214,0.0003345090613663667
609.0,24.36,1.0,30.88255591575312,4.88318446097233,30.88255591575312,4.88318446097233,1.4062425825437581,-0.0031290019312798954,-0.004219207206610167
610.0,24.400000000000002,1.0,30.898679229270215,4.807335874371878,30.898679229270215,4.807335874371878,1.4093293947119752,-0.0077722960745904126,-0.008743224487529889
611.0,24.44,1.0,30.91461818905746,4.730161390547154,30.91461818905746,4.730161390547154,1.412282132260359,-0.012560450832444604,-0.013047297914217692
612.0,24.48,1.0,30.929776944364885,4.653282714654312,30.929776944364885,4.653282714654312,1.4150949556480232,-0.017417706576736757,-0.01694221799198151
613.0,24.52,1.0,30.943976433759822,4.576022753721084,30.943976433759822,4.576022753721084,1.4177675504942508,-0.022268147345694395,-0.020248213662909423
614.0,24.560000000000002,1.0,30.957301636215902,4.498172663067901,30.957301636215902,4.498172663067901,1.4203064120695164,-0.027036357301833652,-0.02280343687249261
615.0,24.6,1.0,30.97038978816501,4.420186966203149,30.97038978816501,4.420186966203149,1.4227233928777916,-0.03165330870629066,-0.024470294354023484
616.0,24.64,1.0,30.982402569705215,4.342806437554444,30.982402569705215,4.342806437554444,1.4250376537947846,-0.036046981729953756,-0.025142090538096275
617.0,24.68,1.0,30.99326065186317,4.264724609929428,30.99326065186317,4.264724609929428,1.4272713046050647,-0.04015313454346283,-0.02474905136007707
618.0,24.72,1.0,31.00455012779654,4.186997976729742,31.00455012779654,4.186997976729742,1.4294507554151508,-0.04391310547465726,-0.02326307357698929
619.0,24.76,1.0,31.013810476250672,4.108294349266157,31.013810476250672,4.108294349266157,1.4316022858338662,-0.04728360189206174,-0.02069863067381299
620.0,24.8,1.0,31.023558721793485,4.030633475835421,31.023558721793485,4.030633475835421,1.4337526239111196,-0.05022823556562237,-0.01711390005468869
621.0,24.84,1.0,31.032464470942795,3.950686944520304,31.032464470942795,3.950686944520304,1.435927152724379,-0.05271956125866404,-0.01260923722159395
622.0,24.88,1.0,31.040511770228438,3.870287125212086,31.040511770228438,3.870287125212086,1.438147699314037,-0.05473767967379863,-0.007325753563750849
623.0,24.92,1.0,31.048420286432552,3.7888096818699983,31.048420286432552,3.7888096818699983,1.4404328304422733,-0.056277962051349696,-0.00143979985632975
624.0,24.96,1.0,31.05605428604185,3.7076320873452198,31.05605428604185,3.7076320873452198,1.4427965899591966,-0.05734310470728758,0.004843372400547486
625.0,25.0,1.0,31.063511473034474,3.6256713625186356,31.063511473034474,3.6256713625186356,1.4452478774104291,-0.05794287263911733,0.0112980935491334
626.0,25.04,1.0,31.07074224450713,3.543557693141879,31.07074224450713,3.543557693141879,1.4477898414286285,-0.05809229002277021,0.017685820860674294
627.0,25.080000000000002,1.0,31.07806263311297,3.460427719138555,31.07806263311297,3.460427719138555,1.4504191016123573,-0.057816982286890826,0.023764735888516818
628.0,25.12,1.0,31.084993417963567,3.377519039782368,31.084993417963567,3.377519039782368,1.453128165861774,-0.0571439780976893,0.029299820045318642
629.0,25.16,1.0,31.09182356892031,3.2940609972180956,31.09182356892031,3.2940609972180956,1.4559034154934918,-0.0560998324708452,0.034072529940651505
630.0,25.2,1.0,31.098622711457626,3.2104948485471523,31.098622711457626,3.2104948485471523,1.458728740687207,-0.054705527602103766,0.037888789205978615
631.0,25.240000000000002,1.0,31.10567905031066,3.1272097764164086,31.10567905031066,3.1272097764164086,1.4615837628188955,-0.05298180404402728,0.04058698828173894
632.0,25.28,1.0,31.113074329509438,3.044286990070421,31.113074329509438,3.044286990070421,1.4644469974409489,-0.05095122987943871,0.042044610316422856
633.0,25.32,1.0,31.12125547383541,2.961385979652986,31.12125547383541,2.961385979652986,1.4672967188182453,-0.048634351375458046,0.042183965295163224
634.0,25.36,1.0,31.12970523279493,2.8781085606663313,31.12970523279493,2.8781085606663313,1.4701124246111046,-0.046042065409452854,0.04097469587411219
635.0,25.400000000000002,1.0,31.1385577975308,2.794828246668657,31.1385577975308,2.794828246668657,1.4728760030783097,-0.0431820948700475,0.03843511910945915
636.0,25.44,1.0,31.148560685253862,2.7100693697070333,31.148560685253862,2.7100693697070333,1.4755723333828747,-0.04006283705483937,0.03463062676678845
637.0,25.48,1.0,31.15891991667276,2.6254497295295587,31.15891991667276,2.6254497295295587,1.4781913421732191,-0.03668910955379097,0.02967223744008593
638.0,25.52,1.0,31.168992862853106,2.5406807375691285,31.168992862853106,2.5406807375691285,1.4807273763334616,-0.03306267391685826,0.023711865815016265
639.0,25.560000000000002,1.0,31.180165188052626,2.455595070772466,31.180165188052626,2.455595070772466,1.4831793102614286,-0.029186051054117756,0.016935959906113976
640.0,25.6,1.0,31.190708233506882,2.3692359151976814,31.190708233506882,2.3692359151976814,1.4855521041934732,-0.025063602600204425,0.009557985569778469
641.0,25.64,1.0,31.201133499271528,2.2840760146172148,31.201133499271528,2.2840760146172148,1.4878562954619596,-0.020700110806529882,0.001810451040468395
642.0,25.68,1.0,31.211388722852043,2.1981731048330557,31.211388722852043,2.1981731048330557,1.4901087164703177,-0.016100672645873237,-0.006064197952603193
643.0,25.72,1.0,31.2210074926956,2.1127045834964227,31.2210074926956,2.1127045834964227,1.4923310733067714,-0.011264327918490413,-0.013822910240654806
644.0,25.76,1.0,31.230073418061256,2.026821990977587,31.230073418061256,2.026821990977587,1.4945493278183921,-0.006193857093049204,-0.021230990953308788
645.0,25.8,1.0,31.238992148521163,1.9417011566673454,31.238992148521163,1.9417011566673454,1.496792334715216,-0.0009024321805794821,-0.02807023328363075
646.0,25.84,1.0,31.24735363951627,1.8564768334017874,31.24735363951627,1.8564768334017874,1.4990906379368183,0.004589586616211528,-0.03414630644631377
647.0,25.88,1.0,31.25597619790069,1.7714732647780504,31.25597619790069,1.7714732647780504,1.5014749720769556,0.010263747627158648,-0.03929434824436989
648.0,25.92,1.0,31.264174559695288,1.6854577610406871,31.264174559695288,1.6854577610406871,1.5039730499935249,0.01609491679062284,-0.043384870800696876
649.0,25.96,1.0,31.271384887470578,1.5986438500864417,31.271384887470578,1.5986438500864417,1.5066098902266647,0.022051426304387566,-0.046327378229180566
650.0,26.0,1.0,31.27812797208265,1.5118825223047363,31.27812797208265,1.5118825223047363,1.5094058455954424,0.02809906780139358,-0.04807207209434937
651.0,26.04,1.0,31.283491641382575,1.4255029506040071,31.283491641382575,1.4255029506040071,1.5123757540769982,0.034198223958428656,-0.048609466771589595
652.0,26.080000000000002,1.0,31.288126014524334,1.3389727036403019,31.288126014524334,1.3389727036403019,1.5155270123414506,0.04030253729023295,-0.04796928779160553
653.0,26.12,1.0,31.29202899635775,1.2525391097841576,31.29202899635775,1.2525391097841576,1.5188606718599644,0.0463612264815774,-0.04621715185813899
654.0,26.16,1.0,31.295625411467892,1.166728221225163,31.295625411467892,1.166728221225163,1.522370889771611,0.052314198153396295,-0.04345027601765912
655.0,26.2,1.0,31.298434568774127,1.0809926255760738,31.298434568774127,1.0809926255760738,1.526045990238154,0.05809869261872561,-0.039792368966095566
656.0,26.240000000000002,1.0,31.30098581516565,0.9956946624315719,31.30098581516565,0.9956946624315719,1.5298680969147793,0.06365409934020813,-0.03538738520263744
657.0,26.28,1.0,31.301895928467438,0.911700676033654,31.301895928467438,0.911700676033654,1.5338135994787088,0.06892088519503307,-0.03039301785134114
658.0,26.32,1.0,31.302673545832402,0.8275377516641201,31.302673545832402,0.8275377516641201,1.5378542753836764,0.07382832026333871,-0.024974872258752293
659.0,26.36,1.0,31.30351026074925,0.7437730196788086,31.30351026074925,0.7437730196788086,1.5419598073215195,0.07830624512214397,-0.019299414347238815
660.0,26.400000000000002,1.0,31.30469593529461,0.6604841083389148,31.30469593529461,0.6604841083389148,1.546097729157116,0.0822853911535574,-0.013527445252673007
661.0,26.44,1.0,31.305638040110885,0.5777050854881053,31.305638040110885,0.5777050854881053,1.5502353027900528,0.08569356756642779,-0.007808647077834531
662.0,26.48,1.0,31.30664819000507,0.4933326510192497,31.30664819000507,0.4933326510192497,1.5543407668349771,0.08845950021447198,-0.002278178685800247
663.0,26.52,1.0,31.30793549176168,0.41151440449548077,31.30793549176168,0.41151440449548077,1.5583858123924261,0.09051184665470302,0.0029476180334553205
664.0,26.560000000000002,1.0,31.308380809678987,0.3295085222052952,31.308380809678987,0.3295085222052952,1.5623441636040465,0.09178325181245862,0.007773736528678818
665.0,26.6,1.0,31.309090019602092,0.2486334056540273,31.309090019602092,0.2486334056540273,1.5661931051875548,0.09220965379477478,0.012128356768965417
666.0,26.64,1.0,31.309383376044526,0.1678641217116214,31.309383376044526,0.1678641217116214,1.5699116896052077,0.09173829550780126,0.015962958177355546
667.0,26.68,1.0,31.30833718517054,0.08741009703838931,31.30833718517054,0.08741009703838931,1.5734827083792549,0.0903207578777443,0.019251236355851322
668.0,26.72,1.0,31.306415502392902,0.008324977253336141,31.306415502392902,0.008324977253336141,1.576893120220389,0.08792038555913192,0.02198711640390271
669.0,26.76,1.0,31.304712366148827,-0.07160493935049465,31.304712366148827,-0.07160493935049465,1.5801350191148331,0.08452153269745866,0.02418347684665719
670.0,26.8,1.0,31.302219181581716,-0.14897556658864425,31.302219181581716,-0.14897556658864425,1.5832047439462469,0.08012444769939427,0.025868958929880004
671.0,26.84,1.0,31.29924538223209,-0.2269087213021117,31.29924538223209,-0.2269087213021117,1.5861036120171108,0.07474781007604306,0.02708414712719756
672.0,26.88,1.0,31.297590315627865,-0.30305795171299343,31.297590315627865,-0.30305795171299343,1.5888380752955311,0.06843129747689321,0.027877931476227365
673.0,26.92,1.0,31.295318031046964,-0.37939345501622856,31.295318031046964,-0.37939345501622856,1.5914172333438827,0.061236293179593296,0.028305708315510582
674.0,26.96,1.0,31.294094679178663,-0.45491975490708086,31.294094679178663,-0.45491975490708086,1.5938516539198968,0.05324660541171393,0.02842517491583707
675.0,27.0,1.0,31.291994159008397,-0.5304792057212889,31.291994159008397,-0.5304792057212889,1.5961534859816278,0.044566332306297855,0.028293011028932946
676.0,27.04,1.0,31.28974083994151,-0.6055619531623122,31.28974083994151,-0.6055619531623122,1.5983347705091315,0.03532249346593996,0.02796124454547641
677.0,27.080000000000002,1.0,31.288014061777666,-0.6807347130606533,31.288014061777666,-0.6807347130606533,1.6004090468078882,0.025654888452020956,0.027476074762179892
678.0,27.12,1.0,31.286934626528904,-0.7560140415364548,31.286934626528904,-0.7560140415364548,1.602389987324821,0.01572873946039622,0.026876366230805682
679.0,27.16,1.0,31.28405801743791,-0.8303374203911297,31.28405801743791,-0.8303374203911297,1.6042914117361189,0.005720617062955097,0.02619303611766848
680.0,27.2,1.0,31.281235266714567,-0.9038839318242052,31.281235266714567,-0.9038839318242052,1.6061254571105708,-0.004182823832099053,0.025447190449673397
681.0,27.240000000000002,1.0,31.27777030191739,-0.9780280442251422,31.27777030191739,-0.9780280442251422,1.6079037909743736,-0.013794803642170044,0.024650603949235534
682.0,27.28,1.0,31.273999842690756,-1.0497941009568508,31.273999842690756,-1.0497941009568508,1.6096367652577341,-0.022927524742652507,0.02380715417890865
683.0,27.32,1.0,31.269891495999378,-1.1240093823021033,31.269891495999378,-1.1240093823021033,1.6113313716162665,-0.03140023075942179,0.02291402350172408
684.0,27.36,1.0,31.265663167416108,-1.197784546984299,31.265663167416108,-1.197784546984299,1.6129941127421847,-0.039042322380636055,0.021961108561915202
685.0,27.400000000000002,1.0,31.260817515348673,-1.2733879203491287,31.260817515348673,-1.2733879203491287,1.6146298709342435,-0.04569839513370012,0.020933004611571014
686.0,27.44,1.0,31.256410385762372,-1.3487948814161368,31.256410385762372,-1.3487948814161368,1.616244649927112,-0.05123854312809593,0.019810741267893967
687.0,27.48,1.0,31.251586787637876,-1.425185271027545,31.251586787637876,-1.425185271027545,1.6178454113807033,-0.055558140486185646,0.018574308442951326
688.0,27.52,1.0,31.247695301107974,-1.5020294584319613,31.247695301107974,-1.5020294584319613,1.6194408921121854,-0.058581606551864215,0.017202672652901842
689.0,27.560000000000002,1.0,31.244130047707312,-1.5798025574247536,31.244130047707312,-1.5798025574247536,1.6210409922029103,-0.06027530963315773,0.01567531456785403
690.0,27.6,1.0,31.241348592139623,-1.6599339185564959,31.241348592139623,-1.6599339185564959,1.6226567862950112,-0.0606427023061525,0.013973157651798792
691.0,27.64,1.0,31.23909827964983,-1.7396003420668755,31.23909827964983,-1.7396003420668755,1.6243007980285262,-0.05972615140654847,0.012081361141964153
692.0,27.68,1.0,31.235759510749453,-1.820855389486922,31.235759510749453,-1.820855389486922,1.6259855578543891,-0.05759645018778046,0.00998956037402051
693.0,27.72,1.0,31.232288880441935,-1.9023006483105807,31.232288880441935,-1.9023006483105807,1.627723774395714,-0.05436237439625411,0.0076915228014099975
694.0,27.76,1.0,31.228540308841218,-1.9833702877264063,31.228540308841218,-1.9833702877264063,1.6295300395791874,-0.050162153435269904,0.005185495900316804
695.0,27.8,1.0,31.223680217158556,-2.0643418400390106,31.223680217158556,-2.0643418400390106,1.6314183074542548,-0.045163515504240324,0.0024761968577071735
696.0,27.84,1.0,31.21988793629538,-2.1453702624780093,31.21988793629538,-2.1453702624780093,1.6334047402639935,-0.039553406335043784,-0.0004251725498694124
697.0,27.88,1.0,31.21432201832002,-2.2275170474855646,31.21432201832002,-2.2275170474855646,1.6355027356871576,-0.033527874761360335,-0.003501567065965279
698.0,27.92,1.0,31.20854605702717,-2.309178290748653,31.20854605702717,-2.309178290748653,1.6377255800730375,-0.027293897079988437,-0.006730472256574161
699.0,27.96,1.0,31.202617178067992,-2.3913816330728412,31.202617178067992,-2.3913816330728412,1.6400828362112514,-0.021060875581864435,-0.01008266773179755
700.0,28.0,1.0,31.197956674293145,-2.473771462592834,31.197956674293145,-2.473771462592834,1.642582556006921,-0.015031007701494303,-0.013522398237112227
701.0,28.04,1.0,31.192177580190464,-2.5557508649702183,31.192177580190464,-2.5557508649702183,1.645228462261447,-0.009390128120687213,-0.017007611428248696
702.0,28.080000000000002,1.0,31.187115597622302,-2.6389000872861113,31.187115597622302,-2.6389000872861113,1.6480215058976058,-0.004308786381665636,-0.020491967919444288
703.0,28.12,1.0,31.181483432174645,-2.721844667265498,31.181483432174645,-2.721844667265498,1.6509600813855319,6.106794463899833e-05,-0.023924874347992432
704.0,28.16,1.0,31.17658343989417,-2.8045761262907387,31.17658343989417,-2.8045761262907387,1.6540403839348703,0.003597403132838334,-0.027251303211607802
705.0,28.2,1.0,31.172130593619965,-2.886398446850168,31.172130593619965,-2.886398446850168,1.6572564460815369,0.0062136307518876445,-0.03041253577600438
706.0,28.240000000000002,1.0,31.1665831523098,-2.9685478388553057,31.1665831523098,-2.9685478388553057,1.6606015051284153,0.007859124355864644,-0.033348474312858686
707.0,28.28,1.0,31.162810519771135,-3.0492904621883388,31.162810519771135,-3.0492904621883388,1.664065877976038,0.008512532659205591,-0.03599896999609515
708.0,28.32,1.0,31.158106920169274,-3.1298213349663144,31.158106920169274,-3.1298213349663144,1.6676403699684925,0.008183112002284238,-0.038303691545316154
709.0,28.36,1.0,31.152207319713604,-3.2072048423890025,31.152207319713604,-3.2072048423890025,1.6713134946832118,0.00691427287820926,-0.04020381600714898
710.0,28.400000000000002,1.0,31.14542450907057,-3.2845573113639346,31.14542450907057,-3.2845573113639346,1.6750747955705276,0.004780967447223755,-0.041644415792994535
711.0,28.44,1.0,31.13841365426083,-3.3623459211342483,31.13841365426083,-3.3623459211342483,1.6789126342797807,0.0018828910194662817,-0.04257652798489243
712.0,28.48,1.0,31.130066920327398,-3.439914485051723,31.130066920327398,-3.439914485051723,1.6828179358405584,-0.001664176981151111,-0.04295811353213953
713.0,28.52,1.0,31.122400570271488,-3.5179633155243897,31.122400570271488,-3.5179633155243897,1.6867824651498673,-0.005724780033400762,-0.04275507321335357
714.0,28.560000000000002,1.0,31.1131148350617,-3.595876538800354,31.1131148350617,-3.595876538800354,1.6907990274260978,-0.010150524207912936,-0.04194313150598096
715.0,28.6,1.0,31.104374967826015,-3.6746938825924524,31.104374967826015,-3.6746938825924524,1.6948611253388968,-0.014788496796325096,-0.04051006035957411
716.0,28.64,1.0,31.093355411019225,-3.753125691426251,31.093355411019225,-3.753125691426251,1.6989615426343065,-0.019493628235880838,-0.03845670087615109
717.0,28.68,1.0,31.083116309506245,-3.831934222113791,31.083116309506245,-3.831934222113791,1.7030933547944276,-0.024127714068666394,-0.035796588806534656
718.0,28.72,1.0,31.071896780365392,-3.910889467268767,31.071896780365392,-3.910889467268767,1.7072486507410711,-0.028557243855459068,-0.032555810184593484
719.0,28.76,1.0,31.06073840224069,-3.990573870133182,31.06073840224069,-3.990573870133182,1.7114188077608226,-0.03266134053757298,-0.028774413382705068
720.0,28.8,1.0,31.048042489078693,-4.070518453620271,31.048042489078693,-4.070518453620271,1.715594799747293,-0.03633971909428522,-0.02450569518231078
721.0,28.84,1.0,31.03647833674979,-4.150896510871801,31.03647833674979,-4.150896510871801,1.7197671056129498,-0.03951307842970252,-0.019814923955681848
722.0,28.88,1.0,31.02329312079588,-4.230525109044653,31.02329312079588,-4.230525109044653,1.7239253961931962,-0.042120967699248155,-0.014777054060576797
723.0,28.92,1.0,31.009980640332003,-4.310357831994703,31.009980640332003,-4.310357831994703,1.7280579999996923,-0.044122420015928955,-0.009476222880633026
724.0,28.96,1.0,30.995964836955647,-4.3907244513656085,30.995964836955647,-4.3907244513656085,1.7321516304671025,-0.04550055133989728,-0.0040031481327833076
725.0,29.0,1.0,30.981612961186606,-4.469363470414984,30.981612961186606,-4.469363470414984,1.7361919267563835,-0.04626583818871681,0.001547595296185505
726.0,29.04,1.0,30.967127275840074,-4.549417132948183,30.967127275840074,-4.549417132948183,1.740163098602021,-0.04644781014445666,0.007081143116290355
727.0,29.080000000000002,1.0,30.951060729642677,-4.6294982445603035,30.951060729642677,-4.6294982445603035,1.7440498300627507,-0.04609209530698121,0.012504525203929287
728.0,29.12,1.0,30.93391296711038,-4.710838853164404,30.93391296711038,-4.710838853164404,1.7478346956202127,-0.04526223799957917,0.01772853192708993
729.0,29.16,1.0,30.91672178813395,-4.79239293824361,30.91672178813395,-4.79239293824361,1.751501428264562,-0.04404453421592414,0.022669883348515534
730.0,29.2,1.0,30.899099519497288,-4.8751136052828254,30.899099519497288,-4.8751136052828254,1.7550330091081552,-0.04253801114494367,0.02725463342913944
731.0,29.240000000000002,1.0,30.881244476359974,-4.957366878811964,30.881244476359974,-4.957366878811964,1.7584135512542995,-0.04084844985006776,0.03142015227053202
732.0,29.28,1.0,30.863534002617502,-5.040217709664832,30.863534002617502,-5.040217709664832,1.7616265046456738,-0.03908675822255541,0.035116025175270085
733.0,29.32,1.0,30.84528882189362,-5.123361823474761,30.84528882189362,-5.123361823474761,1.7646575112355194,-0.03736973334026487,0.038303997575758544
734.0,29.36,1.0,30.827541049371387,-5.206363574655737,30.827541049371387,-5.206363574655737,1.767493168539912,-0.03581448841062564,0.04095939706638605
735.0,29.400000000000002,1.0,30.81012824321531,-5.289514373428146,30.81012824321531,-5.289514373428146,1.7701237951930882,-0.03453542785654964,0.04307060950427753
736.0,29.44,1.0,30.793318057516757,-5.371753750175167,30.793318057516757,-5.371753750175167,1.7725424514055004,-0.03363402147565917,0.04463834183603722
737.0,29.48,1.0,30.77641286099081,-5.454173915464361,30.77641286099081,-5.454173915464361,1.7747466300847112,-0.033208226906285575,0.04567368121396077
738.0,29.52,1.0,30.75960597576944,-5.535940904065734,30.75960597576944,-5.535940904065734,1.7767373259418076,-0.033348827040303154,0.04619724292912646
739.0,29.560000000000002,1.0,30.742249169470018,-5.617737214375389,30.742249169470018,-5.617737214375389,1.778521237434757,-0.03413499377909614,0.04623740981729223
740.0,29.6,1.0,30.72514503433253,-5.698231895331797,30.72514503433253,-5.698231895331797,1.7801090909175543,-0.03562397488945327,0.045828163350729714
741.0,29.64,1.0,30.70615326072496,-5.780292372444359,30.70615326072496,-5.780292372444359,1.7815166127202366,-0.03786153900011091,0.04500607992619119
742.0,29.68,1.0,30.68767181438965,-5.862130854492938,30.68767181438965,-5.862130854492938,1.782763292153819,-0.04087934959630759,0.04380810731463645
743.0,29.72,1.0,30.668513911958666,-5.944987353177239,30.668513911958666,-5.944987353177239,1.7838729073042603,-0.04469512706482598,0.042270739631786014
744.0,29.76,1.0,30.649607561414058,-6.02646061560253,30.649607561414058,-6.02646061560253,1.7848716928152508,-0.049307976858868764,0.04042878023761563
745.0,29.8,1.0,30.630389900013956,-6.111257669312988,30.630389900013956,-6.111257669312988,1.7857881087595744,-0.0547014596908863,0.03831346294551715
746.0,29.84,1.0,30.61184384182219,-6.193867930639312,30.61184384182219,-6.193867930639312,1.7866504049537042,-0.060842337349215646,0.03595112456626312
747.0,29.88,1.0,30.593199827358927,-6.276343693824286,30.593199827358927,-6.276343693824286,1.7874865098287913,-0.06768790007057543,0.03336309807728124
748.0,29.92,1.0,30.575293576482647,-6.357420493774963,30.575293576482647,-6.357420493774963,1.7883220639606958,-0.07517697458134874,0.030566187710415343
749.0,29.96,1.0,30.556807666304564,-6.439546885456474,30.556807666304564,-6.439546885456474,1.7891803442011778,-0.08322922877924852,0.027572888063714385
750.0,30.0,1.0,30.53863778837868,-6.520513754667076,30.53863778837868,-6.520513754667076,1.790081224870756,-0.09175219750416622,0.024392368155909186
751.0,30.04,1.0,30.52067727696997,-6.602751109450294,30.52067727696997,-6.602751109450294,1.7910411503878483,-0.10065195271644356,0.021031818940962947
752.0,30.080000000000002,1.0,30.502559773211345,-6.685184628193085,30.502559773211345,-6.685184628193085,1.792073385784234,-0.1098229697639966,0.017498351413135455
753.0,30.12,1.0,30.48431570101037,-6.767739736882201,30.48431570101037,-6.767739736882201,1.7931875906380565,-0.11915344645609052,0.013800441522735015
754.0,30.16,1.0,30.46599597733321,-6.8513192772717115,30.46599597733321,-6.8513192772717115,1.794391123123776,-0.12852845166440616,0.009948632030335072
755.0,30.2,1.0,30.446329713510163,-6.936289560358174,30.446329713510163,-6.936289560358174,1.7956878013788569,-0.13783539735469583,0.005957092488990233
756.0,30.240000000000002,1.0,30.427523389308305,-7.0220935935171465,30.427523389308305,-7.0220935935171465,1.7970802348464168,-0.14696651128501542,0.001845417005277275
757.0,30.28,1.0,30.40857018317385,-7.108783883068182,30.40857018317385,-7.108783883068182,1.7985690549079725,-0.15581854624495878,-0.0023597496221722616
758.0,30.32,1.0,30.38992468584714,-7.196260964427344,30.38992468584714,-7.196260964427344,1.8001551581717483,-0.1642923815591428,-0.006625249339643832
759.0,30.36,1.0,30.371267871341665,-7.28421205441842,30.371267871341665,-7.28421205441842,1.8018396347709342,-0.17229739543868067,-0.010911398695930542
760.0,30.400000000000002,1.0,30.352409646529406,-7.374502494792965,30.352409646529406,-7.374502494792965,1.8036246868799153,-0.1797605392261336,-0.015172461303862777
761.0,30.44,1.0,30.33344463156549,-7.463785944193509,30.33344463156549,-7.463785944193509,1.805513385435836,-0.18661729168517885,-0.01935710297548622
762.0,30.48,1.0,30.314171631381168,-7.554293210888292,30.314171631381168,-7.554293210888292,1.8075098659439912,-0.19280838576224602,-0.023409826028101433
763.0,30.52,1.0,30.29497461280173,-7.643967583475847,30.29497461280173,-7.643967583475847,1.8096190056749641,-0.1982893304802824,-0.027272703025113077
764.0,30.560000000000002,1.0,30.27505152027634,-7.735994223567969,30.27505152027634,-7.735994223567969,1.811846810567785,-0.20303165256499978,-0.030887052571114272
765.0,30.6,1.0,30.254801319625972,-7.827227004610111,30.254801319625972,-7.827227004610111,1.8141993848754345,-0.20701690838522913,-0.0341953520066498
766.0,30.64,1.0,30.233449424398987,-7.920487735060758,30.233449424398987,-7.920487735060758,1.8166846972774056,-0.2102379442513746,-0.03714330156152032
767.0,30.68,1.0,30.210209173089147,-8.015898544638006,30.210209173089147,-8.015898544638006,1.8193099131394728,-0.21269349228753165,-0.03968255326904556
768.0,30.72,1.0,30.187066809554835,-8.112763029228372,30.187066809554835,-8.112763029228372,1.822083711668954,-0.2143934742683598,-0.04177264811449561
769.0,30.76,1.0,30.16301984394646,-8.209753436245958,30.16301984394646,-8.209753436245958,1.8250124460390176,-0.21535815010779552,-0.04338161995378555
770.0,30.8,1.0,30.138842961450326,-8.308361688545684,30.138842961450326,-8.308361688545684,1.8281022722238789,-0.21561841513699997,-0.044487153619670206
771.0,30.84,1.0,30.113422258991818,-8.407011357766617,30.113422258991818,-8.407011357766617,1.8313562306167435,-0.21520266596522025,-0.04507778952338577
772.0,30.88,1.0,30.087686764902735,-8.50734910891337,30.087686764902735,-8.50734910891337,1.8347755437450524,-0.21414918429639246,-0.04515385720796778
773.0,30.92,1.0,30.06132961449672,-8.608414915958413,30.06132961449672,-8.608414915958413,1.8383589834858465,-0.21250325611593085,-0.044726736607764356
774.0,30.96,1.0,30.033745287583947,-8.710413316980777,30.033745287583947,-8.710413316980777,1.8421026135901422,-0.21031365206638425,-0.04381825160881858
775.0,31.0,1.0,30.006576784312408,-8.812917838348676,30.006576784312408,-8.812917838348676,1.8459999555404907,-0.20762273618698762,-0.04245975509875284
776.0,31.04,1.0,29.977187527341222,-8.916798422265154,29.977187527341222,-8.916798422265154,1.8500413249768033,-0.20447701273550623,-0.040690673113075296
777.0,31.080000000000002,1.0,29.94818399321519,-9.020804151715021,29.94818399321519,-9.020804151715021,1.8542138680341858,-0.2009198945682305,-0.038557161151700325
778.0,31.12,1.0,29.917499646616015,-9.125472414729261,29.917499646616015,-9.125472414729261,1.85850216393619,-0.19699647637206613,-0.03610966072134086
779.0,31.16,1.0,29.88668414870505,-9.229461507479984,29.88668414870505,-9.229461507479984,1.8628878667933457,-0.19275065586025525,-0.03340158177107118
780.0,31.2,1.0,29.853240842824924,-9.334090344036008,29.853240842824924,-9.334090344036008,1.8673520213439456,-0.1882231611669576,-0.030487465981243533
781.0,31.240000000000002,1.0,29.820396618048495,-9.438887995124292,29.820396618048495,-9.438887995124292,1.8718735561914286,-0.18345039982282582,-0.027421894970703853
782.0,31.28,1.0,29.78642662062624,-9.54448307737292,29.78642662062624,-9.54448307737292,1.8764330795514712,-0.17847769176389758,-0.02425681393889572
783.0,31.32,1.0,29.751811294850633,-9.65190484261885,29.751811294850633,-9.65190484261885,1.881011104516682,-0.1733471093297156,-0.02104042895896119
784.0,31.36,1.0,29.716749866320317,-9.759843014716765,29.716749866320317,-9.759843014716765,1.885589842652705,-0.16809807204289556,-0.017817035689016773
785.0,31.400000000000002,1.0,29.68090754532123,-9.869108778131197,29.68090754532123,-9.869108778131197,1.8901533312640038,-0.1627646318012816,-0.014626740027993648
786.0,31.44,1.0,29.643992199210384,-9.980058757705764,29.643992199210384,-9.980058757705764,1.8946879845572593,-0.15738676056338785,-0.011504920334205467
787.0,31.48,1.0,29.60742977822789,-10.090472764820161,29.60742977822789,-10.090472764820161,1.8991833402052538,-0.15200056712059135,-0.008482434481029895
788.0,31.52,1.0,29.56925180098208,-10.201327483709552,29.56925180098208,-10.201327483709552,1.9036317591987182,-0.14664270873802718,-0.005586019677752472
789.0,31.560000000000002,1.0,29.531499279820036,-10.312711215945727,29.531499279820036,-10.312711215945727,1.9080298624523124,-0.14134704811027138,-0.002839315901307311
790.0,31.6,1.0,29.491382867560752,-10.424306033268962,29.491382867560752,-10.424306033268962,1.912376612519847,-0.13614456082844612,-0.00026321866278090076
791.0,31.64,1.0,29.451044883629596,-10.536032389284738,29.451044883629596,-10.536032389284738,1.9166750302649418,-0.13106614347379236,0.002122880782476161
792.0,31.68,1.0,29.40958549825881,-10.646882858050144,29.40958549825881,-10.646882858050144,1.9209311321434164,-0.1261445688067817,0.004301480010866587
793.0,31.720000000000002,1.0,29.36751079807944,-10.757674791061225,29.36751079807944,-10.757674791061225,1.925152275691715,-0.1214017287614757,0.006255082131423247
794.0,31.76,1.0,29.3243584208916,-10.868904919621757,29.3243584208916,-10.868904919621757,1.9293479326380818,-0.11685215688315065,0.00796660071511684
795.0,31.8,1.0,29.280660790616245,-10.979477514664273,29.280660790616245,-10.979477514664273,1.9335283047094918,-0.1125087176452761,0.009419305946755349
796.0,31.84,1.0,29.23627893314484,-11.091825473727173,29.23627893314484,-11.091825473727173,1.9377036917222892,-0.10838342849428548,0.01059768096070562
797.0,31.88,1.0,29.190843345837333,-11.203047879470025,29.190843345837333,-11.203047879470025,1.9418830925211714,-0.1044809005559009,0.011486676902103348
798.0,31.92,1.0,29.146069466855323,-11.315049483166627,29.146069466855323,-11.315049483166627,1.9460745652620655,-0.10080110861830138,0.012072873127490892
799.0,31.96,1.0,29.100761000872787,-11.428145904903337,29.100761000872787,-11.428145904903337,1.9502844582658039,-0.09733921860754068,0.012345661018073486
800.0,32.0,1.0,29.055237103544027,-11.541418993709952,29.055237103544027,-11.541418993709952,1.9545161214356512,-0.09408979517813171,0.012298489913413197
801.0,32.04,1.0,29.009655848051302,-11.655361306563211,29.009655848051302,-11.655361306563211,1.9587720728700375,-0.09104556474408722,0.011930134215073532
802.0,32.08,1.0,28.96318683685177,-11.76893853855936,28.96318683685177,-11.76893853855936,1.9630505700401588,-0.08819368868558299,0.01124601276282173
803.0,32.12,1.0,28.91593498325443,-11.88382607565521,28.91593498325443,-11.88382607565521,1.9673482715113235,-0.08551191526603058,0.010258356481513155
804.0,32.160000000000004,1.0,28.86780338893535,-11.998261081377994,28.86780338893535,-11.998261081377994,1.9716588687040422,-0.08297841352020541,0.00898777531946418
805.0,32.2,1.0,28.820043750712507,-12.11322782092986,28.820043750712507,-12.11322782092986,1.9759745073825656,-0.08057667135529334,0.007463500563344608
806.0,32.24,1.0,28.77049263851647,-12.225571297974563,28.77049263851647,-12.225571297974563,1.9802845415701544,-0.07828475876452036,0.005723718482607795
807.0,32.28,1.0,28.722677910452454,-12.339801287713252,28.722677910452454,-12.339801287713252,1.9845786752050834,-0.07607903896080961,0.003814237973292855
808.0,32.32,1.0,28.673021104022723,-12.453308529344607,28.673021104022723,-12.453308529344607,1.988847477585315,-0.07393851552887035,0.0017890984643670568
809.0,32.36,1.0,28.622710748677832,-12.567746383444334,28.622710748677832,-12.567746383444334,1.993082816061976,-0.07184687078623082,-0.000291605620796688
810.0,32.4,1.0,28.573669864917644,-12.681395018454948,28.573669864917644,-12.681395018454948,1.997278604177621,-0.06979118030560064,-0.0023636886872432264
811.0,32.44,1.0,28.523086420429934,-12.796270557361426,28.523086420429934,-12.796270557361426,2.0014314185929387,-0.06775620214568646,-0.004361153946155819
812.0,32.480000000000004,1.0,28.471537995917203,-12.91094576300147,28.471537995917203,-12.91094576300147,2.005539337371368,-0.06572311601765825,-0.006218733959359501
813.0,32.52,1.0,28.419494792492277,-13.027272230131635,28.419494792492277,-13.027272230131635,2.009604636785528,-0.06367241889172913,-0.007874757817110088
814.0,32.56,1.0,28.36726188365095,-13.143710204788448,28.36726188365095,-13.143710204788448,2.013631501383062,-0.061591031725662146,-0.00927356512784192
815.0,32.6,1.0,28.31342696714732,-13.258700296016238,28.31342696714732,-13.258700296016238,2.0176281686793094,-0.059465053365708086,-0.010368405816677152
816.0,32.64,1.0,28.259262649948074,-13.372488399359904,28.259262649948074,-13.372488399359904,2.0216052468881367,-0.057275044252526476,-0.01112488533316996
817.0,32.68,1.0,28.20524253161211,-13.486113090716476,28.20524253161211,-13.486113090716476,2.025579281139815,-0.05500559876629947,-0.011522678902595932
818.0,32.72,1.0,28.148523791655833,-13.601183295410015,28.148523791655833,-13.601183295410015,2.029567872405011,-0.052643515798562066,-0.011556258566034927
819.0,32.76,1.0,28.09087454149124,-13.715440298367565,28.09087454149124,-13.715440298367565,2.0335907863173284,-0.05017312963719469,-0.01123633125416649
820.0,32.8,1.0,28.03330462860138,-13.829897895460963,28.03330462860138,-13.829897895460963,2.0376677819955864,-0.04757508608562393,-0.010589728861153192
821.0,32.84,1.0,27.97512478052395,-13.944015583876274,27.97512478052395,-13.944015583876274,2.0418179134267556,-0.044830542492572754,-0.0096585119180773
822.0,32.88,1.0,27.91560336088087,-14.05833354298536,27.91560336088087,-14.05833354298536,2.0460582643914043,-0.04192218673699268,-0.008498505864051455
823.0,32.92,1.0,27.855868280761676,-14.171291786522499,27.855868280761676,-14.171291786522499,2.0504040057804533,-0.03884045761112607,-0.007177122791583028
824.0,32.96,1.0,27.794851718058887,-14.283873619480328,27.794851718058887,-14.283873619480328,2.054866135129904,-0.03558288839634316,-0.0057700686813115035
825.0,33.0,1.0,27.7318047750778,-14.395971816809148,27.7318047750778,-14.395971816809148,2.0594520125359654,-0.032147692366751454,-0.004357983743839847
826.0,33.04,1.0,27.67077555371344,-14.508727639140906,27.67077555371344,-14.508727639140906,2.064164663452792,-0.02854126499925942,-0.003022632704533525
827.0,33.08,1.0,27.607756885090787,-14.62121233565301,27.607756885090787,-14.62121233565301,2.0690023945063674,-0.024781076847115835,-0.0018412235732774736
828.0,33.12,1.0,27.546211822742908,-14.734598734197515,27.546211822742908,-14.734598734197515,2.0739553240909663,-0.020894008928819076,-0.0008829725067823195
829.0,33.160000000000004,1.0,27.48289185530944,-14.847666860859448,27.48289185530944,-14.847666860859448,2.0790087708368916,-0.016912554147836954,-0.00020567005296257823
830.0,33.2,1.0,27.418397631641255,-14.961332247111471,27.418397631641255,-14.961332247111471,2.0841421271747107,-0.012880103606326066,0.0001476909529511381
831.0,33.24,1.0,27.353502320219718,-15.074052134210984,27.353502320219718,-15.074052134210984,2.089330397968026,-0.008848028957462417,0.00015275223854443847
832.0,33.28,1.0,27.289590281908012,-15.188288065786722,27.289590281908012,-15.188288065786722,2.0945462386887854,-0.004873307745469913,-0.0001947091564799306
833.0,33.32,1.0,27.22441725466448,-15.300563297062165,27.22441725466448,-15.300563297062165,2.0997606816255745,-0.001024312677439465,-0.0008774857039027011
834.0,33.36,1.0,27.159504643165896,-15.413460195549309,27.159504643165896,-15.413460195549309,2.1049450048163973,0.002626013406601002,-0.0018574856767339866
835.0,33.4,1.0,27.094749167566544,-15.525738517801349,27.094749167566544,-15.525738517801349,2.110072163640195,0.006001286639319525,-0.003076705609972336
836.0,33.44,1.0,27.030568579045656,-15.638184785191072,27.030568579045656,-15.638184785191072,2.1151188694721528,0.0090208675745574,-0.00445926169405728
837.0,33.480000000000004,1.0,26.96468241598448,-15.751134189819481,26.96468241598448,-15.751134189819481,2.120064244731297,0.011605533748629803,-0.005914060066415516
838.0,33.52,1.0,26.89900533978129,-15.862785049350993,26.89900533978129,-15.862785049350993,2.124892128516944,0.013683300576789981,-0.007340231901729145
839.0,33.56,1.0,26.833111461034044,-15.973926083915842,26.833111461034044,-15.973926083915842,2.129592166559898,0.0151927342952503,-0.00863137938957862
840.0,33.6,1.0,26.766317371477736,-16.0848026731036,26.766317371477736,-16.0848026731036,2.134159382653194,0.016083471125822223,-0.009680351421292322
841.0,33.64,1.0,26.698065904377707,-16.19451191785411,26.698065904377707,-16.19451191785411,2.138594780250102,0.01632259800147725,-0.010384552113240571
842.0,33.68,1.0,26.630264690873805,-16.303307749503723,26.630264690873805,-16.303307749503723,2.1429056595187697,0.015891662818412478,-0.010652677240179995
843.0,33.72,1.0,26.561457101751635,-16.410573483995442,26.561457101751635,-16.410573483995442,2.147102828237004,0.014790706763254936,-0.010409124540891334
844.0,33.76,1.0,26.492818794440883,-16.51816053665847,26.492818794440883,-16.51816053665847,2.151202248662435,0.01304590029728898,-0.00959840817729614
845.0,33.8,1.0,26.423076618936825,-16.62421918638256,26.423076618936825,-16.62421918638256,2.1552212740738605,0.010705561545429542,-0.008187884318250774
846.0,33.84,1.0,26.35185377267759,-16.7303130922057,26.35185377267759,-16.7303130922057,2.1591791052323273,0.007838172293354605,-0.006170850665824075
847.0,33.88,1.0,26.27841108454536,-16.834342386386037,26.27841108454536,-16.834342386386037,2.1630927080329867,0.004534571211108585,-0.003568033337106849
848.0,33.92,1.0,26.204845618256513,-16.937795565816643,26.204845618256513,-16.937795565816643,2.1669796235657843,0.0009069585503110988,-0.00042823365183184347
849.0,33.96,1.0,26.13008660256126,-17.040897576713515,26.13008660256126,-17.040897576713515,2.170854422313199,-0.0029172699066582486,0.003174350821793634
850.0,34.0,1.0,26.05519227702423,-17.143768055662374,26.05519227702423,-17.143768055662374,2.174729656949172,-0.00679690442292763,0.007142274833022463
851.0,34.04,1.0,25.980431183078956,-17.246290361260076,25.980431183078956,-17.246290361260076,2.1786144008738235,-0.010585420451705652,0.011358091853698554
852.0,34.08,1.0,25.904726560493422,-17.347673678214836,25.904726560493422,-17.347673678214836,2.182513245339318,-0.014136643574947715,0.01568879571609858
853.0,34.12,1.0,25.83008177993893,-17.449261001120895,25.83008177993893,-17.449261001120895,2.186426109691289,-0.017305622560383517,0.01999232419653696
854.0,34.160000000000004,1.0,25.753887125954783,-17.54942399761789,25.753887125954783,-17.54942399761789,2.1903489771796636,-0.01995400638378525,0.02412331469985494
855.0,34.2,1.0,25.677692182692784,-17.651321611475083,25.677692182692784,-17.651321611475083,2.194272015427521,-0.021960700739736272,0.027938820196001208
856.0,34.24,1.0,25.59982959884405,-17.752561967895307,25.59982959884405,-17.752561967895307,2.198182177866492,-0.023220476834027327,0.03130417243176786
857.0,34.28,1.0,25.522617294775337,-17.85487571277161,25.522617294775337,-17.85487571277161,2.202062281961042,-0.02364644111590395,0.034098995473170204
858.0,34.32,1.0,25.445275562757523,-17.95645705365127,25.445275562757523,-17.95645705365127,2.2058948471201765,-0.023178164662094814,0.036222529525615575
859.0,34.36,1.0,25.366784681806518,-18.05938398814181,25.366784681806518,-18.05938398814181,2.2096601349005836,-0.02178498233595555,0.03759782643433148
860.0,34.4,1.0,25.28856947482487,-18.162405576534507,25.28856947482487,-18.162405576534507,2.2133402072533173,-0.019464871379647662,0.038173756629501246
861.0,34.44,1.0,25.209539348143768,-18.266133440155023,25.209539348143768,-18.266133440155023,2.2169179955679237,-0.016248360582885868,0.037927092245072215
862.0,34.480000000000004,1.0,25.12985060204078,-18.370574800168963,25.12985060204078,-18.370574800168963,2.2203792919781,-0.01219478218956943,0.036863469156663456
863.0,34.52,1.0,25.05083504908699,-18.47568807362881,25.05083504908699,-18.47568807362881,2.223714657049148,-0.007390472035185313,0.035016898031335966
864.0,34.56,1.0,24.971864965378533,-18.580436418107315,24.971864965378533,-18.580436418107315,2.2269184292395265,-0.0019496083693330446,0.032446804048134215
865.0,34.6,1.0,24.89316299034468,-18.685762886023646,24.89316299034468,-18.685762886023646,2.2299915294106993,0.0039902592077962875,0.029234708715658263
866.0,34.64,1.0,24.81370118941312,-18.791425737489206,24.81370118941312,-18.791425737489206,2.232940758694978,0.010277388910790752,0.025480644073515236
867.0,34.68,1.0,24.735576376724474,-18.896587238188257,24.735576376724474,-18.896587238188257,2.2357807770874087,0.0167457917134894,0.021298280239087773
868.0,34.72,1.0,24.656058929823462,-19.001594140821403,24.656058929823462,-19.001594140821403,2.2385328182576627,0.023220387449529388,0.016809528300414857
869.0,34.76,1.0,24.57707094410738,-19.105878964360098,24.57707094410738,-19.105878964360098,2.2412233093987712,0.029525430508951366,0.01213865864258847
870.0,34.800000000000004,1.0,24.49774387588628,-19.209066182705048,24.49774387588628,-19.209066182705048,2.243883513698889,0.03548932525743598,0.0074074640952999215
871.0,34.84,1.0,24.41785730934829,-19.312162988518693,24.41785730934829,-19.312162988518693,2.246546860649727,0.04094572443673265,0.002730591701716033
872.0,34.88,1.0,24.337642105413288,-19.414449573303987,24.337642105413288,-19.414449573303987,2.249248703102144,0.04574307543967478,-0.0017886505998660255
873.0,34.92,1.0,24.25644664696333,-19.515788371469377,24.25644664696333,-19.515788371469377,2.2520246425571555,0.049748096323428984,-0.006061962541665314
874.0,34.96,1.0,24.175858228046927,-19.616155185441976,24.175858228046927,-19.616155185441976,2.2549077140525506,0.05284974265831599,-0.010018440774957702
875.0,35.0,1.0,24.095328771404567,-19.71669961843517,24.095328771404567,-19.71669961843517,2.257929673915977,0.0549658901415392,-0.013605273453712385
876.0,35.04,1.0,24.01489368782057,-19.815328142739485,24.01489368782057,-19.815328142739485,2.261115671928043,0.05604004564130468,-0.016787966084174773
877.0,35.08,1.0,23.93338756600765,-19.913180666547508,23.93338756600765,-19.913180666547508,2.26448719569299,0.05604265120507511,-0.019549784525976346
878.0,35.12,1.0,23.851910331773446,-20.010436684854035,23.851910331773446,-20.010436684854035,2.268055978011832,0.05497425189467982,-0.021890133471297764
879.0,35.160000000000004,1.0,23.771420316175277,-20.10722039711263,23.771420316175277,-20.10722039711263,2.271826805066719,0.05286569617958451,-0.023821546872190576
880.0,35.2,1.0,23.689772947625034,-20.20320934238011,23.689772947625034,-20.20320934238011,2.275795804172014,0.04977204640765305,-0.02536612027040957
881.0,35.24,1.0,23.60968916316792,-20.299550902126487,23.60968916316792,-20.299550902126487,2.2799519702301687,0.04577358021273316,-0.026552460219379476
882.0,35.28,1.0,23.52943901322109,-20.394881099438514,23.52943901322109,-20.394881099438514,2.2842778386827187,0.040977739282788264,-0.02741208182659759
883.0,35.32,1.0,23.447998709851454,-20.489763517595552,23.447998709851454,-20.489763517595552,2.2887498885777,0.035512615624958374,-0.027975729672230838
884.0,35.36,1.0,23.365887853525145,-20.584620345701367,23.365887853525145,-20.584620345701367,2.2933404017404837,0.029523404019554233,-0.02827021594139687
885.0,35.4,1.0,23.284235159002773,-20.678238322992037,23.284235159002773,-20.678238322992037,2.298019057322763,0.023167843673997168,-0.028315911656291336
886.0,35.44,1.0,23.202944315605386,-20.771422596195855,23.202944315605386,-20.771422596195855,2.3027528002229536,0.016609697898694275,-0.0281252075139317
887.0,35.480000000000004,1.0,23.121403090257967,-20.864278002211055,23.121403090257967,-20.864278002211055,2.30750990615118,0.010018059728395746,-0.027701074549736266
888.0,35.52,1.0,23.039609969755315,-20.956508235409643,23.039609969755315,-20.956508235409643,2.3122577470404093,0.003563727773934566,-0.02703729077154393
889.0,35.56,1.0,22.957770800296586,-21.04724569000014,22.957770800296586,-21.04724569000014,2.316968619168737,-0.002590640895690122,-0.02611912089345239
890.0,35.6,1.0,22.87476957711802,-21.138691360110634,22.87476957711802,-21.138691360110634,2.32161806757738,-0.008294771934726464,-0.024925566057779954
891.0,35.64,1.0,22.791147239216137,-21.228515687982647,22.791147239216137,-21.228515687982647,2.3261880319995036,-0.013406575837009027,-0.02343183533700808
892.0,35.68,1.0,22.707714778569777,-21.319458706278468,22.707714778569777,-21.319458706278468,2.3306659192649724,-0.017799932914286797,-0.021612028825748694
893.0,35.72,1.0,22.62131482860493,-21.410887221697852,22.62131482860493,-21.410887221697852,2.3350438899292887,-0.021370071433511627,-0.01944234027695425
894.0,35.76,1.0,22.535248527327518,-21.502905225643392,22.535248527327518,-21.502905225643392,2.339320654136535,-0.02403899821183577,-0.016905228749899047
895.0,35.800000000000004,1.0,22.44704371693447,-21.592829673134336,22.44704371693447,-21.592829673134336,2.3434982735634415,-0.025752038648083765,-0.013992772034612508
896.0,35.84,1.0,22.359433354250775,-21.685151326246707,22.359433354250775,-21.685151326246707,2.3475847477580207,-0.026479947065898846,-0.010709707530220557
897.0,35.88,1.0,22.2684065577001,-21.77284778618832,22.2684065577001,-21.77284778618832,2.35159004468325,-0.026220142311466334,-0.00707552634742757
898.0,35.92,1.0,22.177299871574327,-21.862283085069038,22.177299871574327,-21.862283085069038,2.355527437130475,-0.024996731980874886,-0.0031271853246410326
899.0,35.96,1.0,22.084963162075134,-21.949382410942977,22.084963162075134,-21.949382410942977,2.359412111730683,-0.022862781981903023,0.0010806667703807233
900.0,36.0,1.0,21.992358973303276,-22.03673500316167,21.992358973303276,-22.03673500316167,2.363259089148906,-0.01989177575946236,0.005475670470482872
901.0,36.04,1.0,21.898366914799702,-22.122817797482647,21.898366914799702,-22.122817797482647,2.36708312462065,-0.01617513879365249,0.009969533860183925
902.0,36.08,1.0,21.803837152879247,-22.20884412989827,21.803837152879247,-22.20884412989827,2.370896488780992,-0.011826549436525858,0.01445986648419408
903.0,36.12,1.0,21.70945970513569,-22.29510987669091,21.70945970513569,-22.29510987669091,2.374708657369962,-0.00697777313208221,0.018833341920792435
904.0,36.160000000000004,1.0,21.614650050063,-22.380828630138165,21.614650050063,-22.380828630138165,2.3785271269643387,-0.0017726461930821168,0.02296952445689424
905.0,36.2,1.0,21.51918296881808,-22.467120225603516,21.51918296881808,-22.467120225603516,2.3823543612061115,0.0036430887279426004,0.02674602735401002
906.0,36.24,1.0,21.425149872708907,-22.553713396069934,21.425149872708907,-22.553713396069934,2.386191012992861,0.009119449065359431,0.03004353000847535
907.0,36.28,1.0,21.32826072289988,-22.639894619972317,21.32826072289988,-22.639894619972317,2.3900306481645113,0.014507658544897207,0.03275038123039454
908.0,36.32,1.0,21.231801553510245,-22.72624169563691,21.231801553510245,-22.72624169563691,2.3938670961440778,0.01966667508449177,0.034767520773220754
909.0,36.36,1.0,21.13620316257653,-22.813013395100647,21.13620316257653,-22.813013395100647,2.3976901871966323,0.02446889371917498,0.03601410728621989
910.0,36.4,1.0,21.04088917352986,-22.89929941605857,21.04088917352986,-22.89929941605857,2.401489664572727,0.02880172956436212,0.03643138956340085
911.0,36.44,1.0,20.9455249927544,-22.98641353132256,20.9455249927544,-22.98641353132256,2.405254274273144,0.03256869478500549,0.03598597582423045
912.0,36.480000000000004,1.0,20.850615869246028,-23.07040676490734,20.850615869246028,-23.07040676490734,2.408972441403103,0.03568979415022734,0.0346712972097851
913.0,36.52,1.0,20.75736346262845,-23.153700092499506,20.75736346262845,-23.153700092499506,2.4126336624497187,0.038107954082703066,0.03250936996249061
914.0,36.56,1.0,20.663856212524273,-23.2369610495795,20.663856212524273,-23.2369610495795,2.4162284688898246,0.03979305001008373,0.029550496869297966
915.0,36.6,1.0,20.571131735751678,-23.32108079413928,20.571131735751678,-23.32108079413928,2.4197498839919467,0.040736483166859204,0.025872267832646532
916.0,36.64,1.0,20.476837095829154,-23.40283708029819,20.476837095829154,-23.40283708029819,2.4231939250735954,0.040946637622245464,0.021576642151059276
917.0,36.68,1.0,20.386083160218313,-23.489378925138737,20.386083160218313,-23.489378925138737,2.4265601975667064,0.04045258581859597,0.01678611931036339
918.0,36.72,1.0,20.29350656802041,-23.572861194826356,20.29350656802041,-23.572861194826356,2.429854842855035,0.03930090717624625,0.011640167365408871
919.0,36.76,1.0,20.201316505599763,-23.657592267801625,20.201316505599763,-23.657592267801625,2.4330867478873017,0.03755480770386138,0.006289732838087042
920.0,36.800000000000004,1.0,20.108848938279458,-23.740738811909964,20.108848938279458,-23.740738811909964,2.4362689658120034,0.03528763373181374,0.0008913060263163755
921.0,36.84,1.0,20.01698871851039,-23.82332376603021,20.01698871851039,-23.82332376603021,2.4394163193024707,0.03258550745027324,-0.004399090338741798
922.0,36.88,1.0,19.92387149228754,-23.90512695611521,19.92387149228754,-23.90512695611521,2.4425453515719786,0.029540143848991663,-0.009431061248566484
923.0,36.92,1.0,19.832019874619487,-23.985731834153402,19.832019874619487,-23.985731834153402,2.445675064867564,0.02624675624284185,-0.014064945296925452
924.0,36.96,1.0,19.738825416252187,-24.06627398731177,19.738825416252187,-24.06627398731177,2.4488248376103234,0.022803075333647838,-0.01817719096810217
925.0,37.0,1.0,19.64592023514015,-24.145690516037444,19.64592023514015,-24.145690516037444,2.4520157881338585,0.019300974831745532,-0.02166460515110718
926.0,37.04,1.0,19.549192002239025,-24.224747510250488,19.549192002239025,-24.224747510250488,2.4552676299468446,0.015831176471892038,-0.024447921069501027
927.0,37.08,1.0,19.454188223591558,-24.303541146614336,19.454188223591558,-24.303541146614336,2.4586008995003397,0.012482608697008003,-0.026473255560686887
928.0,37.12,1.0,19.35934124434645,-24.38185060433701,19.35934124434645,-24.38185060433701,2.4620319322094892,0.009333455555878178,-0.0277128730378848
929.0,37.160000000000004,1.0,19.263460526977088,-24.459740559546876,19.263460526977088,-24.459740559546876,2.465573109653467,0.006452709781055344,-0.028165650835770772
930.0,37.2,1.0,19.167800314981342,-24.537001444843522,19.167800314981342,-24.537001444843522,2.469230763658462,0.003897079923493918,-0.027856192219898622
931.0,37.24,1.0,19.07191814833834,-24.611964600958622,19.07191814833834,-24.611964600958622,2.4730065587817927,0.0017136424574393128,-0.026832787631370945
932.0,37.28,1.0,18.973134336793336,-24.68888285473805,18.973134336793336,-24.68888285473805,2.4768971172289023,-6.463672435951251e-05,-0.025164309355400993
933.0,37.32,1.0,18.87407530233136,-24.764063622828626,18.87407530233136,-24.764063622828626,2.480896452324565,-0.0014109461514200338,-0.022937485116778837
934.0,37.36,1.0,18.77360959549576,-24.838859474190613,18.77360959549576,-24.838859474190613,2.4849940317635992,-0.0023050163883962084,-0.020252542567054936
935.0,37.4,1.0,18.673792132448423,-24.912776914809985,18.673792132448423,-24.912776914809985,2.4891768399160767,-0.0027401305454077484,-0.017218914556759668
936.0,37.44,1.0,18.574813946330632,-24.98726444182668,18.574813946330632,-24.98726444182668,2.493428625258065,-0.0027167710981050976,-0.013950578763023993
937.0,37.480000000000004,1.0,18.4748817478778,-25.059480646291394,18.4748817478778,-25.059480646291394,2.497731892067901,-0.002244096523799799,-0.010561744218484648
938.0,37.52,1.0,18.376231393918477,-25.132908718739365,18.376231393918477,-25.132908718739365,2.502066343339915,-0.0013370053897081902,-0.007163577970664034
939.0,37.56,1.0,18.275233899219486,-25.205957855411267,18.275233899219486,-25.205957855411267,2.5064128479206422,-1.496186784579745e-05,-0.003860744441835556
940.0,37.6,1.0,18.174822996215845,-25.279323362326753,18.174822996215845,-25.279323362326753,2.5107537874414936,0.0017004775939006844,-0.0007484086824423017
941.0,37.64,1.0,18.072766190486824,-25.352656089581252,18.072766190486824,-25.352656089581252,2.5150751853050037,0.003780218570682492,0.0020908089528279216
942.0,37.68,1.0,17.97288181920633,-25.425789952438638,17.97288181920633,-25.425789952438638,2.519367286689225,0.00619152404919363,0.004588134494372386
943.0,37.72,1.0,17.86985117132648,-25.498827271338786,17.86985117132648,-25.498827271338786,2.5236247001458145,0.008902786755278957,0.006689594985717161
944.0,37.76,1.0,17.768801531026497,-25.570970635164297,17.768801531026497,-25.570970635164297,2.5278452183948374,0.011875066235335241,0.008356605540573093
945.0,37.800000000000004,1.0,17.665519581271326,-25.642638530640134,17.665519581271326,-25.642638530640134,2.5320304603869848,0.01506621169682596,0.00956580513247288
946.0,37.84,1.0,17.564238342031967,-25.71319927010045,17.564238342031967,-25.71319927010045,2.536184693297548,0.01843431304823808,0.010308579573004512
947.0,37.88,1.0,17.461696529131444,-25.783248727874913,17.461696529131444,-25.783248727874913,2.5403138656401127,0.021937885183742224,0.010589863786569165
948.0,37.92,1.0,17.35811396684841,-25.852956898028264,17.35811396684841,-25.852956898028264,2.544425543439188,0.02553215075581534,0.010426725411379371
949.0,37.96,1.0,17.254276691111322,-25.92166795780065,17.254276691111322,-25.92166795780065,2.5485281816530683,0.029166015132136524,0.009846918840346412
950.0,38.0,1.0,17.149400751076172,-25.99069553614165,17.149400751076172,-25.99069553614165,2.5526314452921586,0.03279301107939601,0.008887258729050232
951.0,38.04,1.0,17.04545955529231,-26.059061322135953,17.04545955529231,-26.059061322135953,2.5567440447447534,0.03636369198959316,0.007592012774566293
952.0,38.08,1.0,16.942302050246806,-26.128368948719764,16.942302050246806,-26.128368948719764,2.5608754524619757,0.03983583185650784,0.006010805257793439
953.0,38.12,1.0,16.83940224651341,-26.196929980182688,16.83940224651341,-26.196929980182688,2.5650316450758948,0.04316453342875718,0.004197663691706194
954.0,38.160000000000004,1.0,16.737847781149423,-26.26510858745006,16.737847781149423,-26.26510858745006,2.5692174758374917,0.04630191579588459,0.0022093947182830285
955.0,38.2,1.0,16.63502859479827,-26.332556606290886,16.63502859479827,-26.332556606290886,2.573434525717723,0.0492029489550471,0.00010463887915912324
956.0,38.24,1.0,16.53158835710463,-26.399032212771544,16.53158835710463,-26.399032212771544,2.577682061864548,0.0518269343630667,-0.0020577837240485157
957.0,38.28,1.0,16.427707229664883,-26.465854071640486,16.427707229664883,-26.465854071640486,2.581957775140214,0.054136295382530786,-0.004219896967998189
958.0,38.32,1.0,16.322647129666624,-26.53135088576055,16.322647129666624,-26.53135088576055,2.586258725680432,0.05609352974294857,-0.006325450227063004
959.0,38.36,1.0,16.219527740187342,-26.597097184862285,16.219527740187342,-26.597097184862285,2.590581414127133,0.057669139412973115,-0.008320501838505403
960.0,38.4,1.0,16.11615824305526,-26.661806212166624,16.11615824305526,-26.661806212166624,2.594922874352485,0.058842649249826365,-0.010154162200902922
961.0,38.44,1.0,16.01343643205084,-26.725537883244034,16.01343643205084,-26.725537883244034,2.5992797151504976,0.05959553766712775,-0.011779596202968434
962.0,38.480000000000004,1.0,15.910152559888143,-26.789199191083192,15.910152559888143,-26.789199191083192,2.6036497849278994,0.059916785308710266,-0.013154577245774166
963.0,38.52,1.0,15.807449155963397,-26.85184294380133,15.807449155963397,-26.85184294380133,2.6080288510423024,0.059800074680997475,-0.014242078836993771
964.0,38.56,1.0,15.703721909222853,-26.913499807080576,15.703721909222853,-26.913499807080576,2.6124146024762664,0.05925190475548384,-0.015011008569976138
965.0,38.6,1.0,15.600850610852763,-26.9747246998813,15.600850610852763,-26.9747246998813,2.6168031999201817,0.0582869964963601,-0.015436935191040937
966.0,38.64,1.0,15.497068525184389,-27.034410293460347,15.497068525184389,-27.034410293460347,2.621192745246009,0.05693085827163663,-0.015503131884001759
967.0,38.68,1.0,15.393600702405266,-27.09387401277791,15.393600702405266,-27.09387401277791,2.625581993716148,0.055211377760391964,-0.015200894130634881
968.0,38.72,1.0,15.290438679012109,-27.152332825048028,15.290438679012109,-27.152332825048028,2.6299703764996587,0.053166005559718676,-0.01453009953588156
969.0,38.76,1.0,15.185960167899612,-27.210016673545333,15.185960167899612,-27.210016673545333,2.634358463136371,0.05084463751418848,-0.013499496556538575
970.0,38.800000000000004,1.0,15.082754848137327,-27.267016640185638,15.082754848137327,-27.267016640185638,2.6387463841040746,0.048301934695889816,-0.012127102400153753
971.0,38.84,1.0,14.978728147232726,-27.32447754713512,14.978728147232726,-27.32447754713512,2.6431347913625802,0.04559439683541701,-0.010439899740686862
972.0,38.88,1.0,14.874155512114333,-27.378854499065405,14.874155512114333,-27.378854499065405,2.647522804420229,0.042783997268082984,-0.008473008330385856
973.0,38.92,1.0,14.770711914936967,-27.434155648313144,14.770711914936967,-27.434155648313144,2.6519086434456747,0.039936302115484344,-0.006269617354429431
974.0,38.96,1.0,14.665702793263616,-27.487764408615412,14.665702793263616,-27.487764408615412,2.656290568209931,0.03711679787815249,-0.003879930604231171
975.0,39.0,1.0,14.56109639258484,-27.541290413767022,14.56109639258484,-27.541290413767022,2.660666128209372,0.034387874077246916,-0.0013604779810496056
976.0,39.04,1.0,14.457244803189289,-27.594450576104503,14.457244803189289,-27.594450576104503,2.6650344239205124,0.03181144773434478,0.0012279076056831584
977.0,39.08,1.0,14.353133271134698,-27.6464460215884,14.353133271134698,-27.6464460215884,2.6693934840833617,0.029441657980564917,0.0038218682184587016
978.0,39.12,1.0,14.248606443866816,-27.69853236291728,14.248606443866816,-27.69853236291728,2.673741419720124,0.02732992205857976,0.006357371597851555
979.0,39.160000000000004,1.0,14.1438335016153,-27.749351912716854,14.1438335016153,-27.749351912716854,2.6780754282352772,0.02551604454079994,0.00877134925133854
980.0,39.2,1.0,14.038322669500227,-27.800066437250177,14.038322669500227,-27.800066437250177,2.6823912428685843,0.02402419774459811,0.01100378497006874
981.0,39.24,1.0,13.932999580133048,-27.85105828462152,13.932999580133048,-27.85105828462152,2.686684475537622,0.02286454088293689,0.01299988736433852
982.0,39.28,1.0,13.826074816264267,-27.900932385859534,13.826074816264267,-27.900932385859534,2.690948126397056,0.022040745215395518,0.014711573233546563
983.0,39.32,1.0,13.719684534254943,-27.950718054540364,13.719684534254943,-27.950718054540364,2.6951769380647796,0.021541370521713,0.016098414046249974
984.0,39.36,1.0,13.612545717533598,-28.00020848791388,13.612545717533598,-28.00020848791388,2.6993647271802277,0.021339914320298258,0.017129283445379936
985.0,39.4,1.0,13.50493966480893,-28.050048893962504,13.50493966480893,-28.050048893962504,2.7035074504901035,0.021399497242388366,0.017783029594334195
986.0,39.44,1.0,13.39831135417407,-28.099157791076173,13.39831135417407,-28.099157791076173,2.7076017709040805,0.02167390640868546,0.0180493739952797
987.0,39.480000000000004,1.0,13.291581471443838,-28.147859281453805,13.291581471443838,-28.147859281453805,2.711645022735444,0.022105588406917287,0.01792818081366668
988.0,39.52,1.0,13.18458813842295,-28.19630494138923,13.18458813842295,-28.19630494138923,2.71563648123339,0.02263359794401869,0.01742951998761027
989.0,39.56,1.0,13.078915382798808,-28.244870381201604,13.078915382798808,-28.244870381201604,2.7195762407717226,0.023191320045686713,0.01657287919959024
990.0,39.6,1.0,12.97367673296535,-28.293105572653793,12.97367673296535,-28.293105572653793,2.7234672700381948,0.023713915589406387,0.015387006310839918
991.0,39.64,1.0,12.866548213640431,-28.34082686345689,12.866548213640431,-28.34082686345689,2.727314143257002,0.02414348831440568,0.013908187948846133
992.0,39.68,1.0,12.760782681754133,-28.388332269417088,12.760782681754133,-28.388332269417088,2.7311241979089314,0.02443103141555745,0.012178504775046993
993.0,39.72,1.0,12.652246671094952,-28.435361193846358,12.652246671094952,-28.435361193846358,2.734908548718759,0.024531222764219585,0.010244670803829469
994.0,39.76,1.0,12.545546486539532,-28.48170904381383,12.545546486539532,-28.48170904381383,2.7386785437693146,0.02441136028538421,0.00815698597583129
995.0,39.800000000000004,1.0,12.438641901952682,-28.52827546705256,12.438641901952682,-28.52827546705256,2.7424480595180722,0.024057998408684268,0.005967848024243241
996.0,39.84,1.0,12.331523136535115,-28.57364303442978,12.331523136535115,-28.57364303442978,2.7462287989053347,0.023472378558121666,0.0037302839084128285
997.0,39.88,1.0,12.22475632450695,-28.619318219085255,12.22475632450695,-28.619318219085255,2.7500317103634373,0.02266994598046058,0.001496670362979439
998.0,39.92,1.0,12.118294386790003,-28.663624109171245,12.118294386790003,-28.663624109171245,2.7538652440784146,0.021685281223012554,-0.0006813389872419202
999.0,39.96,1.0,12.011546306008231,-28.707635973637394,12.011546306008231,-28.707635973637394,2.757734828439361,0.02056459128511747,-0.0027539555653521793
1000.0,40.0,1.0,11.905027998869583,-28.75120530741604,11.905027998869583,-28.75120530741604,2.7616438701964734,0.019368737249323763,-0.004673678237020171
1001.0,40.04,1.0,11.797977322521856,-28.793476627869516,11.797977322521856,-28.793476627869516,2.7655908552799753,0.01816994050493359,-0.006396644653449454
1002.0,40.08,1.0,11.692222714831084,-28.835756857643304,11.692222714831084,-28.835756857643304,2.7695720174200202,0.01704537799994188,-0.007882140719566177
1003.0,40.12,1.0,11.585241036382804,-28.877337654003377,11.585241036382804,-28.877337654003377,2.773577720227339,0.01607563030239879,-0.009092633132845702
1004.0,40.160000000000004,1.0,11.479157383935984,-28.918882988280604,11.479157383935984,-28.918882988280604,2.7775949044325516,0.015343161449765141,-0.009994291963957751
1005.0,40.2,1.0,11.373284254224028,-28.958973643511182,11.373284254224028,-28.958973643511182,2.781607471544183,0.014924261722211308,-0.010557694643020673
1006.0,40.24,1.0,11.266571642561704,-28.999456116709336,11.266571642561704,-28.999456116709336,2.7855965538786376,0.014876425383726877,-0.010758003924833523
1007.0,40.28,1.0,11.159356364855952,-29.03925750418813,11.159356364855952,-29.03925750418813,2.7895435312048544,0.015243511444304369,-0.010574895207752925
1008.0,40.32,1.0,11.051270553294012,-29.079339030202608,11.051270553294012,-29.079339030202608,2.7934297571806392,0.016054495389640343,-0.009993301187308075
1009.0,40.36,1.0,10.942514408272803,-29.118826607657912,10.942514408272803,-29.118826607657912,2.79723919031919,0.01731953891725867,-0.009004831064509972
1010.0,40.4,1.0,10.8319523482686,-29.158305097972697,10.8319523482686,-29.158305097972697,2.800958414888681,0.01902785746342588,-0.007608500990162146
1011.0,40.44,1.0,10.723075551741223,-29.19764385654953,10.723075551741223,-29.19764385654953,2.8045765533931695,0.02114845408185272,-0.005811488563317391
1012.0,40.480000000000004,1.0,10.614101525954336,-29.23595103983799,10.614101525954336,-29.23595103983799,2.8080869567994724,0.02362592325007946,-0.0036293137553727894
1013.0,40.52,1.0,10.50599134525412,-29.273236759603186,10.50599134525412,-29.273236759603186,2.8114853763474223,0.026387779161512137,-0.0010878494772271498
1014.0,40.56,1.0,10.396057770800807,-29.31053028488647,10.396057770800807,-29.31053028488647,2.8147738079714606,0.029346698983549645,0.001775917750888013
1015.0,40.6,1.0,10.285775195240522,-29.346227201821062,10.285775195240522,-29.346227201821062,2.817956897875294,0.03240351838368912,0.004913487105610957
1016.0,40.64,1.0,10.174195258940008,-29.381688563535597,10.174195258940008,-29.381688563535597,2.8210439434621852,0.03545431684656801,0.008265452651346813
1017.0,40.68,1.0,10.0631399466874,-29.415333962545617,10.0631399466874,-29.415333962545617,2.8240472552884652,0.03840056766820782,0.011761231547721901
1018.0,40.72,1.0,9.952238932240316,-29.448386884832143,9.952238932240316,-29.448386884832143,2.8269812143056017,0.04114417508217919,0.01531924277345086
1019.0,40.76,1.0,9.842544414140418,-29.481617138717347,9.842544414140418,-29.481617138717347,2.8298625146009013,0.04359286465916924,0.018848491124365603
1020.0,40.800000000000004,1.0,9.73294756823322,-29.51336768887475,9.73294756823322,-29.51336768887475,2.8327070518110875,0.045663839712812494,0.022250864737147602
1021.0,40.84,1.0,9.623686293736935,-29.545488963600327,9.623686293736935,-29.545488963600327,2.8355306410021544,0.04729667442504589,0.025423289788126312
1022.0,40.88,1.0,9.513423196879739,-29.57540851055227,9.513423196879739,-29.57540851055227,2.8383469827687167,0.048449547663155644,0.028259968962066756
1023.0,40.92,1.0,9.404444016686346,-29.606532712181963,9.404444016686346,-29.606532712181963,2.841169201332541,0.04910476831179418,0.030655266994634466
1024.0,40.96,1.0,9.295514313816646,-29.637179989353086,9.295514313816646,-29.637179989353086,2.8440092035859985,0.04926481307581878,0.032508532069401366
1025.0,41.0,1.0,9.188607989457891,-29.668757263945462,9.188607989457891,-29.668757263945462,2.8468762455502477,0.04895253921656677,0.03372791747001386
1026.0,41.04,1.0,9.080685520465739,-29.69972631381061,9.080685520465739,-29.69972631381061,2.8497781246346774,0.04821182158837475,0.03423407275139462
1027.0,41.08,1.0,8.974851101794709,-29.73176477006134,8.974851101794709,-29.73176477006134,2.852719791857157,0.04710391649255591,0.033962802101632064
1028.0,41.12,1.0,8.868833359134111,-29.76298065968977,8.868833359134111,-29.76298065968977,2.8557041453939678,0.04570174640361081,0.03286923973344264
1029.0,41.160000000000004,1.0,8.763029235278658,-29.794556638094168,8.763029235278658,-29.794556638094168,2.8587321175977243,0.044092342501785134,0.030931205737098028
1030.0,41.2,1.0,8.657160916456473,-29.824642727427353,8.657160916456473,-29.824642727427353,2.8618010474490605,0.042369527909827565,0.02815114997944345
1031.0,41.24,1.0,8.551122066569196,-29.854744751737655,8.551122066569196,-29.854744751737655,2.864907293023021,0.04062741609542434,0.02455679741532884
1032.0,41.28,1.0,8.444724709785444,-29.885127103462157,8.444724709785444,-29.885127103462157,2.8680453486868425,0.03894946741314095,0.02020183017439165
1033.0,41.32,1.0,8.33927559568557,-29.91609494268052,8.33927559568557,-29.91609494268052,2.8712119610393882,0.03740875340733888,0.015166218310609738
1034.0,41.36,1.0,8.2329015154949,-29.94697423412442,8.2329015154949,-29.94697423412442,2.8744029703092884,0.036066542145735916,0.009554628523667487
1035.0,41.4,1.0,8.126810984745099,-29.978354757214436,8.126810984745099,-29.978354757214436,2.877615982987025,0.03496803615998099,0.00349298878990802
1036.0,41.44,1.0,8.021078728851482,-30.009800750195126,8.021078728851482,-30.009800750195126,2.880849494154058,0.03413930247935272,-0.0028751210591885417
1037.0,41.480000000000004,1.0,7.914478281686731,-30.041453520564353,7.914478281686731,-30.041453520564353,2.8841038317988477,0.03358284901671919,-0.00939244486208475
1038.0,41.52,1.0,7.809359371146407,-30.074442807182653,7.809359371146407,-30.074442807182653,2.887381234534318,0.03328228973318944,-0.015892294356166892
1039.0,41.56,1.0,7.702665992108857,-30.105865737975552,7.702665992108857,-30.105865737975552,2.8906855957758535,0.0332037356453682,-0.022204887447355923
1040.0,41.6,1.0,7.595621754882113,-30.137321222452876,7.595621754882113,-30.137321222452876,2.89402283860801,0.03329607084923976,-0.02816379007424973
1041.0,41.64,1.0,7.487821902674232,-30.167773376052644,7.487821902674232,-30.167773376052644,2.897403161458306,0.033491594465965356,-0.033611604742730464
1042.0,41.68,1.0,7.382080627541219,-30.199067675224217,7.382080627541219,-30.199067675224217,2.900840416710995,0.033716142595691743,-0.03840459284376189
1043.0,41.72,1.0,7.276005540619641,-30.228492600579482,7.276005540619641,-30.228492600579482,2.9043518056505127,0.03389239744099045,-0.04241775562330709
1044.0,41.76,1.0,7.170649342560656,-30.25713740405946,7.170649342560656,-30.25713740405946,2.9079543076709315,0.03394464848054192,-0.045550264987956175
1045.0,41.800000000000004,1.0,7.063762529910841,-30.283502834731735,7.063762529910841,-30.283502834731735,2.9116658353613905,0.0337977046006776,-0.04772867591046847
1046.0,41.84,1.0,6.957635783789323,-30.309444411000772,6.957635783789323,-30.309444411000772,2.915502492947901,0.03338676584951724,-0.048908730034784444
1047.0,41.88,1.0,6.8509643291136415,-30.33348153883238,6.8509643291136415,-30.33348153883238,2.919479082400936,0.032659869503557495,-0.04907627299587859
1048.0,41.92,1.0,6.7447948268125035,-30.356902001370564,6.7447948268125035,-30.356902001370564,2.9236074855724907,0.031583730451756664,-0.04824786267430463
1049.0,41.96,1.0,6.638841323620982,-30.379044141401334,6.638841323620982,-30.379044141401334,2.9278956568035324,0.030137956214408724,-0.04647000060073407
1050.0,42.0,1.0,6.533156338855072,-30.400649507180646,6.533156338855072,-30.400649507180646,2.9323480520222995,0.02832160958727207,-0.04381649896862362
1051.0,42.04,1.0,6.427030433971018,-30.421724051735488,6.427030433971018,-30.421724051735488,2.936964635345937,0.02615138296403078,-0.040384301517460613
1052.0,42.08,1.0,6.321203159712214,-30.44258256692433,6.321203159712214,-30.44258256692433,2.9417396392149944,0.023670318843786564,-0.03628915866779199
1053.0,42.12,1.0,6.215210598064986,-30.46219729567373,6.215210598064986,-30.46219729567373,2.94665949862969,0.02093391179774311,-0.03166126760563647
1054.0,42.160000000000004,1.0,6.110380133792765,-30.481760540210537,6.110380133792765,-30.481760540210537,2.951704219550112,0.01801295870885804,-0.02663996129135362
1055.0,42.2,1.0,6.004998155005051,-30.50068939303293,6.004998155005051,-30.50068939303293,2.9568478986597673,0.014987889338920701,-0.02136689240759152
1056.0,42.24,1.0,5.899956448543156,-30.518370527713433,5.899956448543156,-30.518370527713433,2.962059950147992,0.011952612878808822,-0.01598074275910923
1057.0,42.28,1.0,5.793857533733733,-30.536326871645503,5.793857533733733,-30.536326871645503,2.9673064476107323,0.009004923472803572,-0.010612454168125706
1058.0,42.32,1.0,5.687843659026767,-30.552245119863812,5.687843659026767,-30.552245119863812,2.9725507233095376,0.006243419834799447,-0.005381084405797705
1059.0,42.36,1.0,5.581551584237457,-30.567597680529804,5.581551584237457,-30.567597680529804,2.9777549494806737,0.003762779996806298,-0.00038913868562473025
1060.0,42.4,1.0,5.4766486573244695,-30.58310035817241,5.4766486573244695,-30.58310035817241,2.9828822349236748,0.0016571368048180046,0.004280610621203521
1061.0,42.44,1.0,5.371078342019994,-30.59865126426387,5.371078342019994,-30.59865126426387,2.987896981665119,7.210816845004686e-06,0.008567256924936584
1062.0,42.480000000000004,1.0,5.26441727653801,-30.61369366881192,5.26441727653801,-30.61369366881192,2.992765936297323,-0.0011184003439484113,0.01243180074185386
1063.0,42.52,1.0,5.157793679750979,-30.628921088854224,5.157793679750979,-30.628921088854224,2.9974588307463383,-0.0016726895542403697,0.015856682315930154
1064.0,42.56,1.0,5.050666013551783,-30.643639608453743,5.050666013551783,-30.643639608453743,3.0019515839674735,-0.0016200068136646207,0.018844695875783368
1065.0,42.6,1.0,4.942652954121683,-30.658547738487282,4.942652954121683,-30.658547738487282,3.0062254230642185,-0.0009423619682172979,0.021416786806928084
1066.0,42.64,1.0,4.835410757845956,-30.673202812193278,4.835410757845956,-30.673202812193278,3.010268902600822,0.000361914842283384,0.0236078237078876
1067.0,42.68,1.0,4.726841299296278,-30.68745113587834,4.726841299296278,-30.68745113587834,3.0140768566234017,0.0022709182863764666,0.02546278670637831
1068.0,42.72,1.0,4.619012795140419,-30.7016510794588,4.619012795140419,-30.7016510794588,3.0176505204091946,0.004746902791133223,0.027032603221252095
1069.0,42.76,1.0,4.510581710855147,-30.714807622265567,4.510581710855147,-30.714807622265567,3.0209979690483015,0.007736463115814917,0.028370071412496138
1070.0,42.800000000000004,1.0,4.401667693209392,-30.727190687660276,4.401667693209392,-30.727190687660276,3.0241337761430147,0.011174347330353773,0.029524774366208262
1071.0,42.84,1.0,4.293077520143715,-30.738496625191267,4.293077520143715,-30.738496625191267,3.027077712122569,0.014977626997787008,0.030539220135299076
1072.0,42.88,1.0,4.1848788809460205,-30.749063125875495,4.1848788809460205,-30.749063125875495,3.029853522857957,0.01905658435380919,0.031445229072261036
1073.0,42.92,1.0,4.076021497616224,-30.75928978230033,4.076021497616224,-30.75928978230033,3.0324886701231195,0.02331739502503468,0.03226188586810541
1074.0,42.96,1.0,3.9677197156459827,-30.768853030475054,3.9677197156459827,-30.768853030475054,3.035013002841443,0.02766261487993823,0.0329938856126592
1075.0,43.0,1.0,3.8590517873592405,-30.777696655193523,3.8590517873592405,-30.777696655193523,3.037456693064269,0.031989126453971325,0.03363039714051647
1076.0,43.04,1.0,3.750874672958525,-30.78661992391151,3.750874672958525,-30.78661992391151,3.0398499654890996,0.03619381576651341,0.03414523245480581
1077.0,43.08,1.0,3.6438093475893654,-30.79478482888438,3.6438093475893654,-30.79478482888438,3.042220675698455,0.04017659419515139,0.0344988124919042
1078.0,43.12,1.0,3.5357311083536396,-30.80330374457561,3.5357311083536396,-30.80330374457561,3.044594395667578,0.04384785222250792,0.03464061907792605
1079.0,43.160000000000004,1.0,3.428666620228988,-30.812112273161993,3.428666620228988,-30.812112273161993,3.046993010838728,0.047123171830298086,0.0345124837581398
1080.0,43.2,1.0,3.3208443158250147,-30.82128826475152,3.3208443158250147,-30.82128826475152,3.0494337801708005,0.04992691178262972,0.034052406865941104
1081.0,43.24,1.0,3.213592571618624,-30.82947413097555,3.213592571618624,-30.82947413097555,3.05192785370729,0.052192764434156436,0.03319933030127241
1082.0,43.28,1.0,3.1067717014503735,-30.83800478845913,3.1067717014503735,-30.83800478845913,3.054481041025589,0.05387121032494796,0.031897310971847774
1083.0,43.32,1.0,3.000157895770445,-30.846234229855202,3.000157895770445,-30.846234229855202,3.05709432686502,0.054926910415936926,0.03010002669017418
1084.0,43.36,1.0,2.8944795262604943,-30.85442999547876,2.8944795262604943,-30.85442999547876,3.0597635189381402,0.05533548620552059,0.02777467355822391
1085.0,43.4,1.0,2.788981749432597,-30.863436543441928,2.788981749432597,-30.863436543441928,3.0624812512468895,0.05508789808198705,0.024905462006066505
1086.0,43.44,1.0,2.68404138746095,-30.87142953447601,2.68404138746095,-30.87142953447601,3.0652375402068404,0.05419465898284846,0.02149666659844545
1087.0,43.480000000000004,1.0,2.5803663759052524,-30.879625618706836,2.5803663759052524,-30.879625618706836,3.0680208988939346,0.0526806222374769,0.01757441020052795
1088.0,43.52,1.0,2.4760577755033664,-30.888168095150093,2.4760577755033664,-30.888168095150093,3.0708204497909843,0.05058290375619362,0.01318709833592982
1089.0,43.56,1.0,2.3726521449750866,-30.897067379783557,2.3726521449750866,-30.897067379783557,3.0736255856483723,0.04794944690736885,0.008404968643466185
1090.0,43.6,1.0,2.271094651916267,-30.906783854316483,2.271094651916267,-30.906783854316483,3.0764282412573993,0.04484048600114251,0.003318595664194133
1091.0,43.64,1.0,2.1674944774531997,-30.91646936610575,2.1674944774531997,-30.91646936610575,3.079222424574941,0.041331693904601896,-0.001964158903405117
1092.0,43.68,1.0,2.0647309656319246,-30.925804707739605,2.0647309656319246,-30.925804707739605,3.0820063794901063,0.03750605866157926,-0.007321948228131608
1093.0,43.72,1.0,1.9621659598319083,-30.935281759632538,1.9621659598319083,-30.935281759632538,3.0847820252233187,0.03345079229571979,-0.012624246363477296
1094.0,43.76,1.0,1.8598297680021694,-30.94406581853274,1.8598297680021694,-30.94406581853274,3.0875557476852546,0.029257634080375107,-0.017736417311563092
1095.0,43.800000000000004,1.0,1.7588658362078722,-30.95301188120238,1.7588658362078722,-30.95301188120238,3.09033900861489,0.02502290211443161,-0.022525128337710067
1096.0,43.84,1.0,1.6565898287596768,-30.96129608305261,1.6565898287596768,-30.96129608305261,3.093146264886984,0.020845094137639596,-0.02686370955204522
1097.0,43.88,1.0,1.553966423164462,-30.968458321106105,1.553966423164462,-30.968458321106105,3.095995429703488,0.01681749353716444,-0.030637181476161596
1098.0,43.92,1.0,1.4517934470073925,-30.975359783026185,1.4517934470073925,-30.975359783026185,3.0989061976853174,0.013029096368961546,-0.03374689090928567
1099.0,43.96,1.0,1.348600760109615,-30.98105974320311,1.348600760109615,-30.98105974320311,3.101898138688828,0.009564981964279063,-0.0361144719460904
1100.0,44.0,1.0,1.2465783053049342,-30.985240016336952,1.2465783053049342,-30.985240016336952,3.1049902902394098,0.00650120471107749,-0.037684795567430894
1101.0,44.04,1.0,1.1447565328702347,-30.989614150642115,1.1447565328702347,-30.989614150642115,3.108199160077487,0.0039026908136880365,-0.03842828580070208
1102.0,44.08,1.0,1.0419086088435288,-30.992286170524203,1.0419086088435288,-30.992286170524203,3.1115387195147393,0.0018155388939820384,-0.03834115129504799
1103.0,44.12,1.0,0.939285779654865,-30.99437411520598,0.939285779654865,-30.99437411520598,3.1150191077407605,0.0002727723965408435,-0.037445132144774004
1104.0,44.160000000000004,1.0,0.8359394594102488,-30.996286064619873,0.8359394594102488,-30.996286064619873,3.1186460082692067,-0.0007055420759502828,-0.03578607642566721
1105.0,44.2,1.0,0.7331542616819686,-30.997291473819935,0.7331542616819686,-30.997291473819935,3.1224192216841056,-0.0011155597315317567,-0.03343138925988928
1106.0,44.24,1.0,0.6301700799540588,-30.998661259224434,0.6301700799540588,-30.998661259224434,3.1263316233816703,-0.0009765592875202178,-0.030466529411690656
1107.0,44.28,1.0,0.5263543508381492,-30.999040050545187,0.5263543508381492,-30.999040050545187,3.130370051368968,-0.00032277386458767765,-0.02699092232821066
1108.0,44.32,1.0,0.42287459885261836,-30.998229990320333,0.42287459885261836,-30.998229990320333,3.13451422213988,0.0007951477926729123,-0.023113631934639577
1109.0,44.36,1.0,0.319062263222074,-30.997916410439757,0.319062263222074,-30.997916410439757,3.1387382648033557,0.0023141906779861054,-0.018948677129927198
1110.0,44.4,1.0,0.21350717404673053,-30.99606992682261,0.21350717404673053,-30.99606992682261,3.143011782527043,0.004156883876080519,-0.014610066543316133
1111.0,44.44,1.0,0.11090159536092323,-30.99472208714551,0.11090159536092323,-30.99472208714551,3.147302422877657,0.0062339235279154194,-0.010207598374868109
1112.0,44.480000000000004,1.0,0.006422516950615858,-30.99281843946357,0.006422516950615858,-30.99281843946357,3.15157698891131,0.008450196073049521,-0.005842734957489089
1113.0,44.52,1.0,-0.09819013319047316,-30.99068065910574,-0.09819013319047316,-30.99068065910574,3.1558031960189368,0.010709923227201346,-0.0016055176164661174
1114.0,44.56,1.0,-0.20271767145605368,-30.988755064721904,-0.20271767145605368,-30.988755064721904,3.1599503472272086,0.012915202788980928,0.0024280250149708656
1115.0,44.6,1.0,-0.30825208486396505,-30.985725371314324,-0.30825208486396505,-30.985725371314324,3.1639903279697954,0.014969063020507134,0.00619739575496475
1116.0,44.64,1.0,-0.4118079284130216,-30.98349533862363,-0.4118079284130216,-30.98349533862363,3.167899160799676,0.01677717752846978,0.009658286731046458
1117.0,44.68,1.0,-0.5153430091844138,-30.98005384880427,-0.5153430091844138,-30.98005384880427,3.1716576482226344,0.018262686843038313,0.012782041817541228
1118.0,44.72,1.0,-0.6187629910846981,-30.97537466747891,-0.6187629910846981,-30.97537466747891,3.17525246886461,0.019354944985463297,0.015554688777964957
1119.0,44.76,1.0,-0.7215783452465315,-30.971093323715472,-0.7215783452465315,-30.971093323715472,3.1786776377187467,0.01999720093310716,0.017975014960471592
1120.0,44.800000000000004,1.0,-0.8244901111140264,-30.96609675446519,-0.8244901111140264,-30.96609675446519,3.1819338778425137,0.02014625634056013,0.020052282949854235
1121.0,44.84,1.0,-0.9268334603158177,-30.960794088940588,-0.9268334603158177,-30.960794088940588,3.1850286998732407,0.019781085508335385,0.021803469384744853
1122.0,44.88,1.0,-1.0287970474246622,-30.956865663996506,-1.0287970474246622,-30.956865663996506,3.1879741696483226,0.018899951734845412,0.02325051673921489
1123.0,44.92,1.0,-1.131370745500511,-30.951117813228628,-1.131370745500511,-30.951117813228628,3.190785939932714,0.017520112527464892,0.02441777513843363
1124.0,44.96,1.0,-1.2333149765996312,-30.945377206890697,-1.2333149765996312,-30.945377206890697,3.193481383716347,0.015670219573791278,0.02532923212812873
1125.0,45.0,1.0,-1.334392113045244,-30.938802115447437,-1.334392113045244,-30.938802115447437,3.196078659214659,0.013398951568180351,0.026006275466272682
1126.0,45.04,1.0,-1.4351692985469833,-30.93192377584665,-1.4351692985469833,-30.93192377584665,3.1985963978206176,0.010771002120469064,0.026466484506794834
1127.0,45.08,1.0,-1.5347824285630032,-30.925574551077005,-1.5347824285630032,-30.925574551077005,3.201052181505786,0.007864118000187048,0.026722508866123734
1128.0,45.12,1.0,-1.635603445354874,-30.91771511235952,-1.635603445354874,-30.91771511235952,3.203462857345373,0.004759862738265808,0.026782037117924262
1129.0,45.160000000000004,1.0,-1.7360244727550156,-30.909569914864903,-1.7360244727550156,-30.909569914864903,3.205843293753577,0.001548208815153529,0.026648018105848846
1130.0,45.2,1.0,-1.8366014758216263,-30.90192241537743,-1.8366014758216263,-30.90192241537743,3.208204369643508,-0.0016789296575896785,0.026319795837265025
1131.0,45.24,1.0,-1.9379145054097493,-30.893480780270153,-1.9379145054097493,-30.893480780270153,3.2105525914618873,-0.004829512746712861,0.025794670758208533
1132.0,45.28,1.0,-2.0392876954325545,-30.885603320707087,-2.0392876954325545,-30.885603320707087,3.2128891727265874,-0.007826675709362107,0.025069462042092837
1133.0,45.32,1.0,-2.1403074348025792,-30.877443640912723,-2.1403074348025792,-30.877443640912723,3.2152097215668918,-0.010600430218842705,0.024142298296764893
1134.0,45.36,1.0,-2.2424459062483444,-30.868931760566095,-2.2424459062483444,-30.868931760566095,3.217505776660709,-0.013095674717266758,0.02301440543622264
1135.0,45.4,1.0,-2.3433493541694808,-30.86070820579541,-2.3433493541694808,-30.86070820579541,3.2197662296846175,-0.015266159776006639,0.021692069490111494
1136.0,45.44,1.0,-2.4459068072287553,-30.851563800377722,-2.4459068072287553,-30.851563800377722,3.221978618016698,-0.017090301852254165,0.020188104705027996
1137.0,45.480000000000004,1.0,-2.5466156486878395,-30.844449138353433,-2.5466156486878395,-30.844449138353433,3.224130166555433,-0.01857014347079069,0.01852226873897653
1138.0,45.52,1.0,-2.6489278686551487,-30.83752509666788,-2.6489278686551487,-30.83752509666788,3.226209184343547,-0.019725630611562316,0.016721604984979703
1139.0,45.56,1.0,-2.750922654704295,-30.82976548180299,-2.750922654704295,-30.82976548180299,3.228204982275611,-0.020590549338691665,0.014820277929169285
1140.0,45.6,1.0,-2.854377543317133,-30.822007993231814,-2.854377543317133,-30.822007993231814,3.230108171250688,-0.0212188019970317,0.012858399837063984
1141.0,45.64,1.0,-2.957335126941694,-30.813663891378827,-2.957335126941694,-30.813663891378827,3.2319128978839577,-0.021679566830082396,0.010880353604295706
1142.0,45.68,1.0,-3.0596488221999207,-30.804494646991248,-3.0596488221999207,-30.804494646991248,3.233617847279688,-0.0220560812092076,0.008932518755548086
1143.0,45.72,1.0,-3.1615160328176257,-30.796010000687232,-3.1615160328176257,-30.796010000687232,3.2352277583383824,-0.022434800121673572,0.0070606571694599215
1144.0,45.76,1.0,-3.2651016499149086,-30.78676496557851,-3.2651016499149086,-30.78676496557851,3.2367549138297784,-0.02290837813579787,0.005307467834734956
1145.0,45.800000000000004,1.0,-3.3685346040391067,-30.778003137912624,-3.3685346040391067,-30.778003137912624,3.238218207849955,-0.023570825531886053,0.003709542088860586
1146.0,45.84,1.0,-3.472500661442029,-30.76843650664971,-3.472500661442029,-30.76843650664971,3.2396419806221304,-0.024515108696104126,0.00229430273459534
1147.0,45.88,1.0,-3.576804522736598,-30.758588955883376,-3.576804522736598,-30.758588955883376,3.2410551894908837,-0.02581865036593962,0.0010778010896345964
1148.0,45.92,1.0,-3.680291020210369,-30.74933257310412,-3.680291020210369,-30.74933257310412,3.242488495831639,-0.02754382842320713,6.337450413623847e-05
1149.0,45.96,1.0,-3.784315354173065,-30.738919633223617,-3.784315354173065,-30.738919633223617,3.2439727448101743,-0.029740121717622126,-0.0007593467422228794
1150.0,46.0,1.0,-3.8869090534625323,-30.727837073786255,-3.8869090534625323,-30.727837073786255,3.245538583219772,-0.03244760373484047,-0.00141524627949475
1151.0,46.04,1.0,-3.988889493707827,-30.716150152471794,-3.988889493707827,-30.716150152471794,3.247215686051291,-0.035684020205754265,-0.001942881291841263
1152.0,46.08,1.0,-4.090565322168912,-30.703417040993685,-4.090565322168912,-30.703417040993685,3.2490314825366857,-0.03944351967345773,-0.002392750811149741
1153.0,46.12,1.0,-4.192651082250047,-30.69086879486273,-4.192651082250047,-30.69086879486273,3.251010206566348,-0.04370071985498606,-0.0028248174183752
1154.0,46.160000000000004,1.0,-4.2950432865796415,-30.67841399511996,-4.2950432865796415,-30.67841399511996,3.253170950258699,-0.048411266114683826,-0.0033051020394283216
1155.0,46.2,1.0,-4.397286651393676,-30.665834684354074,-4.397286651393676,-30.665834684354074,3.255526124165942,-0.05351539043615873,-0.0039020184449949035
1156.0,46.24,1.0,-4.49929579250346,-30.653899896680734,-4.49929579250346,-30.653899896680734,3.2580806219347047,-0.058935189948404895,-0.004682117092956614
1157.0,46.28,1.0,-4.601856910966176,-30.64136578081849,-4.601856910966176,-30.64136578081849,3.2608320019361754,-0.06458018606508192,-0.005705089877901624
1158.0,46.32,1.0,-4.703888628220705,-30.62870465147978,-4.703888628220705,-30.62870465147978,3.2637698092852547,-0.07035415647034628,-0.007019630348521755
1159.0,46.36,1.0,-4.806523122849735,-30.615696149394758,-4.806523122849735,-30.615696149394758,3.266878378289417,-0.07615786359081919,-0.008660127159532509
1160.0,46.4,1.0,-4.90946123385649,-30.603672015943477,-4.90946123385649,-30.603672015943477,3.270138507584521,-0.08188927402828354,-0.010643087824067409
1161.0,46.44,1.0,-5.013075822453194,-30.591925244790076,-5.013075822453194,-30.591925244790076,3.2735276585176765,-0.0874442914155781,-0.012964051672392054
1162.0,46.480000000000004,1.0,-5.117875824208294,-30.580464616954753,-5.117875824208294,-30.580464616954753,3.2770217606268837,-0.09272678459378621,-0.015596066832335225
1163.0,46.52,1.0,-5.223674977598072,-30.56901717894374,-5.223674977598072,-30.56901717894374,3.2805951843445045,-0.09765544540108599,-0.0184896604983197
1164.0,46.56,1.0,-5.329770750171479,-30.557306646586028,-5.329770750171479,-30.557306646586028,3.2842220289202166,-0.10216087379178011,-0.021573774088234333
1165.0,46.6,1.0,-5.436718117505297,-30.54470358155313,-5.436718117505297,-30.54470358155313,3.2878772863561965,-0.106187540558405,-0.024757549202889962
1166.0,46.64,1.0,-5.544453636744275,-30.532375436956904,-5.544453636744275,-30.532375436956904,3.2915391998225756,-0.10969346938009479,-0.027933503144733494
1167.0,46.68,1.0,-5.652527977742519,-30.518472316465697,-5.652527977742519,-30.518472316465697,3.295189882988167,-0.11265685471792737,-0.03098159807413161
1168.0,46.72,1.0,-5.7605425152560406,-30.503650767638543,-5.7605425152560406,-30.503650767638543,3.2988165570965244,-0.11507161781385702,-0.03377499560511224
1169.0,46.76,1.0,-5.868393792544502,-30.489677355694447,-5.868393792544502,-30.489677355694447,3.3024131647500186,-0.11694864574482673,-0.03618583285407543
1170.0,46.800000000000004,1.0,-5.9771659226622,-30.474760424896914,-5.9771659226622,-30.474760424896914,3.3059794253668864,-0.11830801439404873,-0.038090537415005524
1171.0,46.84,1.0,-6.087491069150822,-30.45925119095063,-6.087491069150822,-30.45925119095063,3.3095200789072314,-0.11918028158591598,-0.03937623270485813
1172.0,46.88,1.0,-6.197526653400518,-30.442779009441676,-6.197526653400518,-30.442779009441676,3.313044451336462,-0.11960359375711993,-0.0399469534304978
1173.0,46.92,1.0,-6.308610513068587,-30.424678389550955,-6.308610513068587,-30.424678389550955,3.3165645699096955,-0.11962308763286615,-0.03972887723156545
1174.0,46.96,1.0,-6.4186698347160105,-30.405756316727434,-6.4186698347160105,-30.405756316727434,3.320095263757461,-0.11928603545391772,-0.038674258500403756
1175.0,47.0,1.0,-6.529617007164042,-30.385453641559014,-6.529617007164042,-30.385453641559014,3.3236523180504234,-0.1186370031100803,-0.03676486307921284
1176.0,47.04,1.0,-6.640417438002935,-30.364115350518126,-6.640417438002935,-30.364115350518126,3.327252632065206,-0.11772033704585963,-0.03401442015069883
1177.0,47.08,1.0,-6.753118398055998,-30.341001596479487,-6.753118398055998,-30.341001596479487,3.3309109648267876,-0.11657675180728373,-0.030469552713356534
1178.0,47.12,1.0,-6.865536422164657,-30.31774739733728,-6.865536422164657,-30.31774739733728,3.3346411274530454,-0.11524015721108753,-0.026208930514902917
1179.0,47.160000000000004,1.0,-6.9784715066122285,-30.293075956416097,-6.9784715066122285,-30.293075956416097,3.338454170691982,-0.11373708926109845,-0.021340412619077882
1180.0,47.2,1.0,-7.091960059306425,-30.267608940489783,-7.091960059306425,-30.267608940489783,3.3423569593366422,-0.11208356998386448,-0.015997468171848928
1181.0,47.24,1.0,-7.206061940412387,-30.241120537570822,-7.206061940412387,-30.241120537570822,3.346352293216806,-0.11028941360624733,-0.010334806329228157
1182.0,47.28,1.0,-7.319906408124633,-30.21355288351152,-7.319906408124633,-30.21355288351152,3.3504375614115185,-0.10835728149192829,-0.004522484941739612
1183.0,47.32,1.0,-7.433077688970405,-30.18531099473829,-7.433077688970405,-30.18531099473829,3.3546059956871934,-0.10628502334969422,0.001261120810601673
1184.0,47.36,1.0,-7.545843375751824,-30.156645454073875,-7.545843375751824,-30.156645454073875,3.3588467801589075,-0.10406080341373905,0.006836294410032374
1185.0,47.4,1.0,-7.659256344090073,-30.128422067246184,-7.659256344090073,-30.128422067246184,3.3631459689822707,-0.10166495453098881,0.012028573764191851
1186.0,47.44,1.0,-7.772680213092043,-30.099151125836737,-7.772680213092043,-30.099151125836737,3.367486555821266,-0.09908154978176843,0.016675966179778182
1187.0,47.480000000000004,1.0,-7.88754492212137,-30.07048682066425,-7.88754492212137,-30.07048682066425,3.371849259188424,-0.09629163732800101,0.020635208599919064
1188.0,47.52,1.0,-8.003127928931963,-30.04180120647938,-8.003127928931963,-30.04180120647938,3.376214813750927,-0.09327624628254463,0.023787725219670288
1189.0,47.56,1.0,-8.119450085701901,-30.012458897721892,-8.119450085701901,-30.012458897721892,3.3805630830007365,-0.09001069483660637,0.02604403964026585
1190.0,47.6,1.0,-8.237488436274024,-29.982530717112457,-8.237488436274024,-29.982530717112457,3.3848742827330667,-0.08647532826572715,0.027346945627289305
1191.0,47.64,1.0,-8.354783517762353,-29.953509340554593,-8.354783517762353,-29.953509340554593,3.389130192355099,-0.08265545843949429,0.027673858013864232
1192.0,47.68,1.0,-8.473069495352416,-29.924281212220585,-8.473069495352416,-29.924281212220585,3.393314077064833,-0.07854605655332206,0.02703757391759235
1193.0,47.72,1.0,-8.589569751258898,-29.89622506560059,-8.589569751258898,-29.89622506560059,3.397413136018064,-0.07414702970055587,0.025485358657041723
1194.0,47.76,1.0,-8.708384321315865,-29.866324103241435,-8.708384321315865,-29.866324103241435,3.401417095779069,-0.0694632593308033,0.023096076092797742
1195.0,47.800000000000004,1.0,-8.827414572613542,-29.83680371198642,-8.827414572613542,-29.83680371198642,3.40532039920274,-0.06451012942141912,0.019976699952985334
1196.0,47.84,1.0,-8.947846165344734,-29.804908571792698,-8.947846165344734,-29.804908571792698,3.4091205823925046,-0.0593136850737687,0.01625788665633738
1197.0,47.88,1.0,-9.067605665573753,-29.77399351538252,-9.067605665573753,-29.77399351538252,3.412821106862465,-0.05390058923795007,0.012088396315386335
1198.0,47.92,1.0,-9.187241568818639,-29.742040492197372,-9.187241568818639,-29.742040492197372,3.41642912872958,-0.048301829137607125,0.007629284537689305
1199.0,47.96,1.0,-9.306561372685369,-29.711407442488998,-9.306561372685369,-29.711407442488998,3.419955691702498,-0.04255372728928105,0.0030472879308745815
1200.0,48.0,1.0,-9.425781094889365,-29.680388761465263,-9.425781094889365,-29.680388761465263,3.4234157080843053,-0.03670636807111145,-0.0014917128730255434
1201.0,48.04,1.0,-9.54384398391402,-29.64813115793286,-9.54384398391402,-29.64813115793286,3.4268268338300905,-0.030810481855924377,-0.005829255757644328
1202.0,48.08,1.0,-9.662229395609632,-29.61580271806281,-9.662229395609632,-29.61580271806281,3.4302088776472006,-0.024921812354390394,-0.009820319082568361
1203.0,48.120000000000005,1.0,-9.781247586800117,-29.582579208117448,-9.781247586800117,-29.582579208117448,3.433582800320335,-0.01909295950147998,-0.01333868943690952
1204.0,48.160000000000004,1.0,-9.901096617810376,-29.548472169712745,-9.901096617810376,-29.548472169712745,3.4369696513156,-0.013385246982824218,-0.016281180207695332
1205.0,48.2,1.0,-10.019499379256903,-29.512962925604455,-10.019499379256903,-29.512962925604455,3.440390445133248,-0.007862660427521918,-0.01857063635056872
1206.0,48.24,1.0,-10.139941887347655,-29.477184787578114,-10.139941887347655,-29.477184787578114,3.443864799581901,-0.0025856714497518364,-0.02015821167996028
1207.0,48.28,1.0,-10.258600991128796,-29.439705266387136,-10.258600991128796,-29.439705266387136,3.447411476476348,0.002392275534127386,-0.021023916841599686
1208.0,48.32,1.0,-10.378347675568158,-29.40230872922073,-10.378347675568158,-29.40230872922073,3.451046244497706,0.007018953859005961,-0.021176399797002664
1209.0,48.36,1.0,-10.496213036664232,-29.362985260608376,-10.496213036664232,-29.362985260608376,3.454782231026519,0.011240283310130161,-0.0206514116010458
1210.0,48.4,1.0,-10.613713961495716,-29.32442362031403,-10.613713961495716,-29.32442362031403,3.4586286471200616,0.015007669990018147,-0.019509307105675715
1211.0,48.44,1.0,-10.730172091241725,-29.28392100033354,-10.730172091241725,-29.28392100033354,3.4625888437804044,0.018282444943761765,-0.0178314746340311
1212.0,48.480000000000004,1.0,-10.846395695013914,-29.243260479018584,-10.846395695013914,-29.243260479018584,3.4666625618666402,0.02103162934797239,-0.015716060013313517
1213.0,48.52,1.0,-10.963152913780998,-29.20059446226935,-10.963152913780998,-29.20059446226935,3.47084462679812,0.023230346850254036,-0.013273629964451587
1214.0,48.56,1.0,-11.07881638522044,-29.159035999712437,-11.07881638522044,-29.159035999712437,3.4751274156854137,0.024859429784640896,-0.010621964771590591
1215.0,48.6,1.0,-11.193819056326543,-29.116552701006146,-11.193819056326543,-29.116552701006146,3.4794999303140086,0.025916585473039433,-0.007880941641515572
1216.0,48.64,1.0,-11.308113548044355,-29.076040609222808,-11.308113548044355,-29.076040609222808,3.483950138974117,0.02641176873303246,-0.0051673362863969684
1217.0,48.68,1.0,-11.421952267855442,-29.03419831073206,-11.421952267855442,-29.03419831073206,3.488463486029732,0.02636358280280938,-0.002590142147162056
1218.0,48.72,1.0,-11.536627017392298,-28.992580485004442,-11.536627017392298,-28.992580485004442,3.4930244849787115,0.025795118107781477,-0.00024667324867717004
1219.0,48.76,1.0,-11.65039193166877,-28.949992265520713,-11.65039193166877,-28.949992265520713,3.4976155912155766,0.024741223378572375,0.0017810846214984487
1220.0,48.800000000000004,1.0,-11.763330176318501,-28.906802139817977,-11.763330176318501,-28.906802139817977,3.5022191408561434,0.02325123571650566,0.0034292666052775297
1221.0,48.84,1.0,-11.877351440697902,-28.863456604911903,-11.877351440697902,-28.863456604911903,3.5068176787127654,0.021379855797758307,0.004653828246042979
1222.0,48.88,1.0,-11.990205499990532,-28.819403181079167,-11.990205499990532,-28.819403181079167,3.5113973945177306,0.019184527650171413,0.005431316595421422
1223.0,48.92,1.0,-12.102736320602538,-28.77625630431256,-12.102736320602538,-28.77625630431256,3.5159460170320798,0.016727127090378636,0.005758921501748766
1224.0,48.96,1.0,-12.214983935704478,-28.732112603935356,-12.214983935704478,-28.732112603935356,3.5204552101373876,0.014079350508974043,0.0056541066778829354
1225.0,49.0,1.0,-12.328546840958317,-28.68816764859854,-12.328546840958317,-28.68816764859854,3.524918539148279,0.011318318422324936,0.005152909411065877
1226.0,49.04,1.0,-12.440373513590746,-28.643110729175543,-12.440373513590746,-28.643110729175543,3.5293324691208467,0.00852069171562797,0.004307646614003736
1227.0,49.08,1.0,-12.553409414587241,-28.599298184824363,-12.553409414587241,-28.599298184824363,3.533694284936253,0.005759173680558549,0.003183959628424972
1228.0,49.120000000000005,1.0,-12.66426934586595,-28.554467075233816,-12.66426934586595,-28.554467075233816,3.5380033596296863,0.003102804042079954,0.0018580417484862766
1229.0,49.160000000000004,1.0,-12.77609091965213,-28.509659469390765,-12.77609091965213,-28.509659469390765,3.542259651512434,0.0006189644484683066,0.00041279152012095534
1230.0,49.2,1.0,-12.885967469666173,-28.46209280078325,-12.885967469666173,-28.46209280078325,3.546464886023373,-0.0016343718751248959,-0.0010660568919054823
1231.0,49.24,1.0,-12.996903930967765,-28.41556599661709,-12.996903930967765,-28.41556599661709,3.5506227855609582,-0.003609903485918575,-0.0024940780660029907
1232.0,49.28,1.0,-13.107073422136898,-28.366805166944857,-13.107073422136898,-28.366805166944857,3.5547376255131824,-0.005267845001659377,-0.0037910050802915434
1233.0,49.32,1.0,-13.218881230266353,-28.31862151092289,-13.218881230266353,-28.31862151092289,3.5588142552438966,-0.006572249415426013,-0.004883802004096617
1234.0,49.36,1.0,-13.329195505931645,-28.269501768079135,-13.329195505931645,-28.269501768079135,3.5628573200697895,-0.007498947295123648,-0.005709374085711201
1235.0,49.4,1.0,-13.440726875285591,-28.2203794240172,-13.440726875285591,-28.2203794240172,3.566871153865552,-0.00804289940878572,-0.0062171838038211635
1236.0,49.44,1.0,-13.551751349507018,-28.17004857766016,-13.551751349507018,-28.17004857766016,3.570859385541552,-0.008214290417495829,-0.006370705021883491
1237.0,49.480000000000004,1.0,-13.662282670453028,-28.119435624812173,-13.662282670453028,-28.119435624812173,3.5748258312936487,-0.008033467198301525,-0.006148434362666688
1238.0,49.52,1.0,-13.772986834041792,-28.067284798972242,-13.772986834041792,-28.067284798972242,3.578773163303583,-0.0075282101727081495,-0.005544435241476749
1239.0,49.56,1.0,-13.8836595208229,-28.015395942055214,-13.8836595208229,-28.015395942055214,3.5827043790509534,-0.006737066230070055,-0.004568935506091184
1240.0,49.6,1.0,-13.993819082349901,-27.96203730450257,-13.993819082349901,-27.96203730450257,3.586621614471735,-0.005712453764986103,-0.003247276575714843
1241.0,49.64,1.0,-14.102551172265517,-27.909968901484756,-14.102551172265517,-27.909968901484756,3.5905281578548,-0.004516163020465558,-0.0016183574365349954
1242.0,49.68,1.0,-14.212097730625526,-27.85547849869917,-14.212097730625526,-27.85547849869917,3.594424548630007,-0.0032139801749327622,0.0002671540508989793
1243.0,49.72,1.0,-14.321401356444957,-27.80042834171835,-14.321401356444957,-27.80042834171835,3.598313161178705,-0.0018741020281801135,0.002348225174668899
1244.0,49.76,1.0,-14.43109173585886,-27.744441924937604,-14.43109173585886,-27.744441924937604,3.6021937843246503,-0.0005716886665339427,0.004555810282778482
1245.0,49.800000000000004,1.0,-14.539046410801115,-27.688363762464583,-14.539046410801115,-27.688363762464583,3.606067339960068,0.0006180625975601095,0.006815602239072396
1246.0,49.84,1.0,-14.647373362331436,-27.63220301863265,-14.647373362331436,-27.63220301863265,3.6099327894186346,0.0016262647800728946,0.009051078854770741
1247.0,49.88,1.0,-14.75418646409697,-27.57592097376668,-14.75418646409697,-27.57592097376668,3.613789314054653,0.0023912566007279314,0.011185637202817017
1248.0,49.92,1.0,-14.862271208612526,-27.517733575939026,-14.862271208612526,-27.517733575939026,3.6176339977970002,0.0028531671678446837,0.01314470123525532
1249.0,49.96,1.0,-14.969794371875512,-27.46040255874659,-14.969794371875512,-27.46040255874659,3.6214652173896247,0.0029571454255915564,0.014858146606698226
1250.0,50.0,1.0,-15.078406148403948,-27.4036914972703,-15.078406148403948,-27.4036914972703,3.625281038802961,0.0026609184881863923,0.01626283609893573
1251.0,50.04,1.0,-15.185016223763304,-27.34523349670967,-15.185016223763304,-27.34523349670967,3.6290812680985924,0.0019400861628721898,0.0173045127724012
1252.0,50.08,1.0,-15.293301811326668,-27.287758334486977,-15.293301811326668,-27.287758334486977,3.632865461770438,0.0007879102878204369,0.01793850662584824
1253.0,50.120000000000005,1.0,-15.399076423854762,-27.229121367254134,-15.399076423854762,-27.229121367254134,3.636636200788401,-0.0007944945943799576,0.018131599788614335
1254.0,50.160000000000004,1.0,-15.506607213866777,-27.17094975720979,-15.506607213866777,-27.17094975720979,3.640395219786658,-0.0027934048138287372,0.01786295666123256
1255.0,50.2,1.0,-15.612009459736715,-27.113228129266833,-15.612009459736715,-27.113228129266833,3.6441471151532907,-0.005177880095293397,0.01712479075682813
1256.0,50.24,1.0,-15.71740232984909,-27.056070471635344,-15.71740232984909,-27.056070471635344,3.647895919218224,-0.007897050209425206,0.01592172490029642
1257.0,50.28,1.0,-15.823618247846685,-26.996896652439943,-15.823618247846685,-26.996896652439943,3.651647672675652,-0.010891055908956416,0.014270437237706962
1258.0,50.32,1.0,-15.92875019026072,-26.939050922054385,-15.92875019026072,-26.939050922054385,3.6554091330322245,-0.014092774949209408,0.012199074186747443
1259.0,50.36,1.0,-16.03337522613098,-26.879568877304287,-16.03337522613098,-26.879568877304287,3.659189193231265,-0.017424994902902113,0.00974714728017025
1260.0,50.4,1.0,-16.138252768688083,-26.821545525942348,-16.138252768688083,-26.821545525942348,3.662997232230444,-0.02080023985667574,0.00696397875388613
1261.0,50.44,1.0,-16.242892731291523,-26.761609439377622,-16.242892731291523,-26.761609439377622,3.6668419459557255,-0.024130714812409783,0.003907296252676412
1262.0,50.480000000000004,1.0,-16.348370259418793,-26.703680871776175,-16.348370259418793,-26.703680871776175,3.670732356439634,-0.027330615368501333,0.0006414451370679458
1263.0,50.52,1.0,-16.453533316155337,-26.64308245441286,-16.453533316155337,-26.64308245441286,3.674675583615887,-0.0303217105480872,-0.0027630012450794474
1264.0,50.56,1.0,-16.55850290181298,-26.583638316358567,-16.55850290181298,-26.583638316358567,3.6786778663672117,-0.03302248040441265,-0.006231963945276079
1265.0,50.6,1.0,-16.664742995355386,-26.52116419765224,-16.664742995355386,-26.52116419765224,3.6827435187935307,-0.03536150654664329,-0.009689446145080223
1266.0,50.64,1.0,-16.77010910237337,-26.45958842952718,-16.77010910237337,-26.45958842952718,3.6868751499248136,-0.03728037726366366,-0.013060111604447899
1267.0,50.68,1.0,-16.8757518789273,-26.395751785511795,-16.8757518789273,-26.395751785511795,3.6910742420694738,-0.03874457092335296,-0.016270090195848453
1268.0,50.72,1.0,-16.980374054430623,-26.33376449807568,-16.980374054430623,-26.33376449807568,3.695341769410144,-0.03972642627011104,-0.019249414775414635
1269.0,50.76,1.0,-17.085817902119167,-26.269334420144013,-17.085817902119167,-26.269334420144013,3.699677749706864,-0.040212111526148654,-0.021932854263201684
1270.0,50.800000000000004,1.0,-17.190701144914197,-26.20536779977284,-17.190701144914197,-26.20536779977284,3.704081620465336,-0.0402006219385321,-0.024262361629895285
1271.0,50.84,1.0,-17.297578830787568,-26.140998395031698,-17.297578830787568,-26.140998395031698,3.708551808396803,-0.039715049298235425,-0.02618769306572291
1272.0,50.88,1.0,-17.402761110617107,-26.07705912222051,-17.402761110617107,-26.07705912222051,3.7130881592909715,-0.038790502401913375,-0.02766761671714559
1273.0,50.92,1.0,-17.50819204414149,-26.011717021024687,-17.50819204414149,-26.011717021024687,3.7176881488716007,-0.03747472907809456,-0.02867042893646743
1274.0,50.96,1.0,-17.612741485308728,-25.945462856151693,-17.612741485308728,-25.945462856151693,3.7223511539913927,-0.03582224728934179,-0.029175714701479605
1275.0,51.0,1.0,-17.71798223980632,-25.876544061144205,-17.71798223980632,-25.876544061144205,3.7270742248561604,-0.03390238475682733,-0.029173838859037026
1276.0,51.04,1.0,-17.822398825074178,-25.807007991133002,-17.822398825074178,-25.807007991133002,3.731855983367241,-0.03178872167942039,-0.0286662239527725
1277.0,51.08,1.0,-17.925786413717837,-25.73752534927392,-17.925786413717837,-25.73752534927392,3.736694144816159,-0.02955687431308458,-0.027664251382575573
1278.0,51.120000000000005,1.0,-18.02926512442779,-25.66743974651853,-18.02926512442779,-25.66743974651853,3.741586603544081,-0.02727297491526278,-0.02618965542457822
1279.0,51.160000000000004,1.0,-18.132168790613488,-25.596574561003656,-18.132168790613488,-25.596574561003656,3.7465291652942803,-0.025008529773025867,-0.024272739354114115
1280.0,51.2,1.0,-18.23484960873552,-25.52391989825233,-18.23484960873552,-25.52391989825233,3.7515159397013536,-0.02282450922176671,-0.02195208782697183
1281.0,51.24,1.0,-18.33817076071965,-25.450433632573137,-18.33817076071965,-25.450433632573137,3.756538698044744,-0.020773081651086135,-0.019272340987032184
1282.0,51.28,1.0,-18.44018357062706,-25.375945784513945,-18.44018357062706,-25.375945784513945,3.7615862012795196,-0.018883054326684922,-0.016283075093500604
1283.0,51.32,1.0,-18.542102293515132,-25.301759667018523,-18.542102293515132,-25.301759667018523,3.7666433519566374,-0.01717055460465301,-0.013037091577522994
1284.0,51.36,1.0,-18.64224681888887,-25.227386324098926,-18.64224681888887,-25.227386324098926,3.771693535719508,-0.01563834930385487,-0.009589397746071596
1285.0,51.4,1.0,-18.742078240141865,-25.15280878043811,-18.742078240141865,-25.15280878043811,3.7767164437631813,-0.014275866338596167,-0.005995184919972062
1286.0,51.44,1.0,-18.84116321321625,-25.078107742007035,-18.84116321321625,-25.078107742007035,3.781692255787404,-0.013053970769665413,-0.0023089208444089645
1287.0,51.480000000000004,1.0,-18.940874674878927,-25.001821261367542,-18.940874674878927,-25.001821261367542,3.7865990536144727,-0.011927164299950953,0.0014169742343857698
1288.0,51.52,1.0,-19.03969100170154,-24.925341080170963,-19.03969100170154,-24.925341080170963,3.7914156855583756,-0.01084053412214162,0.005132765837561322
1289.0,51.56,1.0,-19.13835065120509,-24.849044730316887,-19.13835065120509,-24.849044730316887,3.7961210918000474,-0.009733176020851775,0.008792653229932704
1290.0,51.6,1.0,-19.236241914975757,-24.771620407306095,-19.236241914975757,-24.771620407306095,3.8006963737549264,-0.008536768190291488,0.012354630091148093
1291.0,51.64,1.0,-19.33391290375018,-24.69398864756111,-19.33391290375018,-24.69398864756111,3.805125398648003,-0.007183234184086518,0.015780881104625995
1292.0,51.68,1.0,-19.431283454206216,-24.615009252803638,-19.431283454206216,-24.615009252803638,3.809395068323738,-0.005611139179382063,0.01903693542081416
1293.0,51.72,1.0,-19.529110437556252,-24.535804727455254,-19.529110437556252,-24.535804727455254,3.8134981729993114,-0.0037689162680005104,0.022091178574380387
1294.0,51.76,1.0,-19.62562254264586,-24.456072198816024,-19.62562254264586,-24.456072198816024,3.8174323640962813,-0.0016132018487621357,0.02491414969179328
1295.0,51.800000000000004,1.0,-19.722751018699697,-24.376596424951988,-19.722751018699697,-24.376596424951988,3.8212013741696373,0.000889576768667455,0.027478249026685452
1296.0,51.84,1.0,-19.8203256465085,-24.29576911243558,-19.8203256465085,-24.29576911243558,3.8248148686481045,0.0037575182452086243,0.02975704579409691
1297.0,51.88,1.0,-19.917107311437512,-24.214986227089362,-19.917107311437512,-24.214986227089362,3.828286197247072,0.006988340449343466,0.03172431129864852
1298.0,51.92,1.0,-20.013248981299093,-24.133192306217502,-20.013248981299093,-24.133192306217502,3.8316335413761635,0.010556218559877017,0.033353650684093475
1299.0,51.96,1.0,-20.109392786096514,-24.050856543641316,-20.109392786096514,-24.050856543641316,3.8348768610668005,0.014421830189593365,0.03461813746339426
1300.0,52.0,1.0,-20.205229299859973,-23.96978472136005,-20.205229299859973,-23.96978472136005,3.8380385325194895,0.018524813643669702,0.035490383117922644
1301.0,52.04,1.0,-20.300425762560746,-23.886926590989713,-20.300425762560746,-23.886926590989713,3.8411410427464148,0.02279329812979334,0.035942785797769224
1302.0,52.08,1.0,-20.396503908634724,-23.80426198064733,-20.396503908634724,-23.80426198064733,3.844207108502598,0.02713570161736517,0.03594811798062163
1303.0,52.120000000000005,1.0,-20.491108380785352,-23.721007812048178,-20.491108380785352,-23.721007812048178,3.8472584322744474,0.03145623557387824,0.035480648994344374
1304.0,52.160000000000004,1.0,-20.587076171425487,-23.636826713906743,-20.587076171425487,-23.636826713906743,3.8503138554838765,0.03564650209574692,0.03451757273001364
1305.0,52.2,1.0,-20.681604518513627,-23.553461004666165,-20.681604518513627,-23.553461004666165,3.8533909181986785,0.039597253722811795,0.03304057128761497
1306.0,52.24,1.0,-20.777385740290406,-23.46839846737738,-20.777385740290406,-23.46839846737738,3.8565034686874937,0.04319648904250667,0.03103752698015968
1307.0,52.28,1.0,-20.871071981495625,-23.385454037760873,-20.871071981495625,-23.385454037760873,3.8596623002545343,0.046341875358816606,0.02850413964335911
1308.0,52.32,1.0,-20.966643185938366,-23.301710079303184,-20.966643185938366,-23.301710079303184,3.8628754664072327,0.048942235101906276,0.025446564066352418
1309.0,52.36,1.0,-21.059523445112017,-23.219470216255228,-21.059523445112017,-23.219470216255228,3.8661472761705626,0.0509252014833181,0.021882491283843713
1310.0,52.4,1.0,-21.15333897853251,-23.137321988659078,-21.15333897853251,-23.137321988659078,3.8694806530108634,0.05223126656929459,0.017842557667400713
1311.0,52.44,1.0,-21.245392883416322,-23.05706081688217,-21.245392883416322,-23.05706081688217,3.8728760475169244,0.05282559193269901,0.013370687707741486
1312.0,52.480000000000004,1.0,-21.3382095237214,-22.976044396662196,-21.3382095237214,-22.976044396662196,3.8763342675373975,0.05269218048058456,0.008525310141764874
1313.0,52.52,1.0,-21.429151201217586,-22.8965706757363,-21.429151201217586,-22.8965706757363,3.8798543528274863,0.05184339523451763,0.003378907010243205
1314.0,52.56,1.0,-21.52206847612074,-22.816381930526937,-21.52206847612074,-22.816381930526937,3.8834365128795936,0.050309757745741146,-0.0019825864350729197
1315.0,52.6,1.0,-21.613584977384367,-22.737881422758456,-21.613584977384367,-22.737881422758456,3.887080907889854,0.048150051476223164,-0.0074615206332501825
1316.0,52.64,1.0,-21.705010344529814,-22.65859539553531,-21.705010344529814,-22.65859539553531,3.890786990820941,0.045436086889169426,-0.012950545375559156
1317.0,52.68,1.0,-21.796460834389208,-22.579617228377508,-21.796460834389208,-22.579617228377508,3.894554862889327,0.04226251122993835,-0.018335355738876263
1318.0,52.72,1.0,-21.886224946085594,-22.498567638363177,-21.886224946085594,-22.498567638363177,3.8983844532250407,0.03873387266539431,-0.023497579805053605
1319.0,52.76,1.0,-21.976069278728126,-22.417851627669943,-21.976069278728126,-22.417851627669943,3.902276667528234,0.034969002818863636,-0.02831914701752079
1320.0,52.800000000000004,1.0,-22.06592474615892,-22.33413373380276,-22.06592474615892,-22.33413373380276,3.9062335826063204,0.031092059593614253,-0.03268548784358205
1321.0,52.84,1.0,-22.155302608325048,-22.252527959376987,-22.155302608325048,-22.252527959376987,3.910258515691885,0.02723497311767532,-0.03648947185475955
1322.0,52.88,1.0,-22.24284761817882,-22.169104110226463,-22.24284761817882,-22.169104110226463,3.914355785478846,0.02352900406600511,-0.03963450119000017
1323.0,52.92,1.0,-22.33048951453174,-22.086222734871868,-22.33048951453174,-22.086222734871868,3.9185296197286967,0.02010189038363459,-0.04203925832733126
1324.0,52.96,1.0,-22.41630710092387,-22.003230393189355,-22.41630710092387,-22.003230393189355,3.9227857101089727,0.017075884620506132,-0.04363969930364635
1325.0,53.0,1.0,-22.502260702440054,-21.920125643545372,-22.502260702440054,-21.920125643545372,3.9271277620412475,0.01456211244872876,-0.04439162329285361
1326.0,53.04,1.0,-22.587172549518705,-21.837060801823576,-22.587172549518705,-21.837060801823576,3.931559206727589,0.012654165000927087,-0.0442718768975002
1327.0,53.08,1.0,-22.67294214748515,-21.753187024426172,-22.67294214748515,-21.753187024426172,3.9360822185963746,0.011431666689317822,-0.043279790456697984
1328.0,53.120000000000005,1.0,-22.756385493357083,-21.668077825479326,-22.756385493357083,-21.668077825479326,3.9406965405910084,0.010951262607915912,-0.04143719974600944
1329.0,53.160000000000004,1.0,-22.841152534513895,-21.5810927249972,-22.841152534513895,-21.5810927249972,3.9454006101787096,0.01124786776351674,-0.03878801112407969
1330.0,53.2,1.0,-22.924731893357727,-21.493539502586977,-22.924731893357727,-21.493539502586977,3.9501896347528507,0.012330501575349307,-0.035395965871033296
1331.0,53.24,1.0,-23.009035294809607,-21.403940031040488,-23.009035294809607,-21.403940031040488,3.955056284878547,0.01418621461561359,-0.03134252067740459
1332.0,53.28,1.0,-23.091110151194698,-21.314094268954367,-23.091110151194698,-21.314094268954367,3.9599877172224147,0.016776683157944294,-0.026724056847182293
1333.0,53.32,1.0,-23.173976090546756,-21.22350373843623,-23.173976090546756,-21.22350373843623,3.9649684579767204,0.02003971819777346,-0.021648958160340362
1334.0,53.36,1.0,-23.254489586859762,-21.131756326615566,-23.254489586859762,-21.131756326615566,3.969977996724431,0.02389216864407434,-0.016232786822408887
1335.0,53.4,1.0,-23.33402131399984,-21.03904676988609,-23.33402131399984,-21.03904676988609,3.9749923645414453,0.028225292177960538,-0.01059575710846056
1336.0,53.44,1.0,-23.412711104328103,-20.945097824388256,-23.412711104328103,-20.945097824388256,3.979985646785876,0.032918679510290906,-0.004858757910298155
1337.0,53.480000000000004,1.0,-23.49104914138099,-20.85169025241559,-23.49104914138099,-20.85169025241559,3.9849305642248005,0.03783788105135037,0.0008597329057748897
1338.0,53.52,1.0,-23.569918966491702,-20.758862049759525,-23.569918966491702,-20.758862049759525,3.98980012415051,0.04283980805029627,0.006447746012851906
1339.0,53.56,1.0,-23.648914010246568,-20.66611941437631,-23.648914010246568,-20.66611941437631,3.9945695811085584,0.04777221600607092,0.011802052898111435
1340.0,53.6,1.0,-23.72691740908555,-20.574540709721923,-23.72691740908555,-20.574540709721923,3.999216083772198,0.052484849832572164,0.01683050102800551
1341.0,53.64,1.0,-23.80470092263059,-20.481908846580176,-23.80470092263059,-20.481908846580176,4.003720215607872,0.05682846642467093,0.02145294671625892
1342.0,53.68,1.0,-23.882711327693247,-20.389756205482957,-23.882711327693247,-20.389756205482957,4.008066269169073,0.06065856477439021,0.025602104026914835
1343.0,53.72,1.0,-23.960274439307685,-20.297130854927385,-23.960274439307685,-20.297130854927385,4.012245472409022,0.06384022015778448,0.029224411498923943
1344.0,53.76,1.0,-24.037008776095526,-20.204418792973684,-24.037008776095526,-20.204418792973684,4.016252838405,0.06625400900645347,0.03227986522085394
1345.0,53.800000000000004,1.0,-24.114078142624276,-20.11244277174645,-24.114078142624276,-20.11244277174645,4.0200912968826525,0.06779904246082923,0.034740525827045746
1346.0,53.84,1.0,-24.18906839140535,-20.02007714852939,-24.18906839140535,-20.02007714852939,4.023768878869878,0.06840156237763641,0.03658997450942464
1347.0,53.88,1.0,-24.26311678635378,-19.927228806619556,-24.26311678635378,-19.927228806619556,4.027299938887545,0.06800695994866422,0.03782189570363542
1348.0,53.92,1.0,-24.336132416928187,-19.835018207688357,-24.336132416928187,-19.835018207688357,4.030703352055502,0.06659048639756891,0.03843883072285108
1349.0,53.96,1.0,-24.40802603355177,-19.743220895594167,-24.40802603355177,-19.743220895594167,4.034001478004287,0.06415744528864778,0.03845016284798814
1350.0,54.0,1.0,-24.479147855286993,-19.65164751288351,-24.479147855286993,-19.65164751288351,4.037218194228215,0.06075112689034573,0.037871583074021754
1351.0,54.04,1.0,-24.54878484387317,-19.560010392050547,-24.54878484387317,-19.560010392050547,4.040378075389837,0.05643675550297457,0.036723664730137405
1352.0,54.08,1.0,-24.618909250057655,-19.47010863453915,-24.618909250057655,-19.47010863453915,4.043506247481078,0.05130807874146063,0.03503144356524541
1353.0,54.120000000000005,1.0,-24.687893420908303,-19.378950565482356,-24.687893420908303,-19.378950565482356,4.0466260834650996,0.04548254062762919,0.032823726172620526
1354.0,54.160000000000004,1.0,-24.7570569756635,-19.289564848637074,-24.7570569756635,-19.289564848637074,4.049758872080648,0.0390980923948935,0.030132258719738115
1355.0,54.2,1.0,-24.82736728144314,-19.198592657815432,-24.82736728144314,-19.198592657815432,4.052924347984474,0.03230675496634509,0.026991948031113815
1356.0,54.24,1.0,-24.897697375884867,-19.110064213286883,-24.897697375884867,-19.110064213286883,4.056138141295651,0.025269470393654004,0.023441700969373647
1357.0,54.28,1.0,-24.967743996514862,-19.020280985971503,-24.967743996514862,-19.020280985971503,4.059412839726039,0.01815255637529185,0.019525110190454897
1358.0,54.32,1.0,-25.038572926037258,-18.930391284594446,-25.038572926037258,-18.930391284594446,4.062756848009353,0.01112563098844136,0.015290592040199313
1359.0,54.36,1.0,-25.108920341079457,-18.840140038664124,-25.108920341079457,-18.840140038664124,4.066174969987482,0.004352649258091345,0.010792119673378614
1360.0,54.4,1.0,-25.178963982610945,-18.749464284142825,-25.178963982610945,-18.749464284142825,4.069669035110669,-0.002017471247064717,0.006089717364525965
1361.0,54.44,1.0,-25.248791577298196,-18.660010109200563,-25.248791577298196,-18.660010109200563,4.0732383766066835,-0.007859548706925911,0.0012494573847280498
1362.0,54.480000000000004,1.0,-25.31771820953484,-18.57005735876441,-25.31771820953484,-18.57005735876441,4.076881462957814,-0.013060543059647989,-0.003656186804539223
1363.0,54.52,1.0,-25.38671973006724,-18.48012096774845,-25.38671973006724,-18.48012096774845,4.080594432096021,-0.017528924049485452,-0.008549009551372427
1364.0,54.56,1.0,-25.45598292074706,-18.388853087193528,-25.45598292074706,-18.388853087193528,4.084374395454729,-0.021198834720893234,-0.013345810496084437
1365.0,54.6,1.0,-25.52501417272908,-18.296149136974254,-25.52501417272908,-18.296149136974254,4.0882177457856885,-0.0240320418680789,-0.01795944604054095
1366.0,54.64,1.0,-25.59378661263396,-18.20408037411709,-25.59378661263396,-18.20408037411709,4.092121277889138,-0.026015220491115553,-0.02230047868160535
1367.0,54.68,1.0,-25.662975113460693,-18.111455010014023,-25.662975113460693,-18.111455010014023,4.096082237478297,-0.02715693713990721,-0.026279763938562756
1368.0,54.72,1.0,-25.732045163713895,-18.01745646596546,-25.732045163713895,-18.01745646596546,4.100098601121451,-0.027493142264724723,-0.02981091958987357
1369.0,54.76,1.0,-25.801700834673614,-17.92201759720989,-25.801700834673614,-17.92201759720989,4.104168708137362,-0.027080354179945344,-0.03281238534634745
1370.0,54.800000000000004,1.0,-25.871632710020844,-17.826541002966003,-25.871632710020844,-17.826541002966003,4.1082919170171,-0.025995815411846257,-0.03521036966190344
1371.0,54.84,1.0,-25.94034365722815,-17.73003638411711,-25.94034365722815,-17.73003638411711,4.112467739604214,-0.024325548580995317,-0.03694154953483754
1372.0,54.88,1.0,-26.00906822518233,-17.63275200779413,-26.00906822518233,-17.63275200779413,4.116696753333294,-0.022162279897738314,-0.03795582883020428
1373.0,54.92,1.0,-26.076299770780157,-17.536233178112987,-26.076299770780157,-17.536233178112987,4.12097895165274,-0.019606868229091346,-0.03821870884312352
1374.0,54.96,1.0,-26.143470248387388,-17.43835834133254,-26.143470248387388,-17.43835834133254,4.125315298783714,-0.016762051224144613,-0.03771289137736636
1375.0,55.0,1.0,-26.209014494859325,-17.340379079606844,-26.209014494859325,-17.340379079606844,4.129704934924117,-0.013722449362747769,-0.036439253908666064
1376.0,55.04,1.0,-26.273781395701075,-17.241129200446572,-26.273781395701075,-17.241129200446572,4.134146520673676,-0.010568634046656922,-0.03441774110974716
1377.0,55.08,1.0,-26.33776283226333,-17.142466946241587,-26.33776283226333,-17.142466946241587,4.13863705128046,-0.007369616648105914,-0.03168763598361009
1378.0,55.120000000000005,1.0,-26.40037047643292,-17.043578099615676,-26.40037047643292,-17.043578099615676,4.143171847024106,-0.0041832874788313434,-0.028306441760283595
1379.0,55.160000000000004,1.0,-26.461492132393527,-16.944913494600808,-26.461492132393527,-16.944913494600808,4.147745061372833,-0.0010489554565432878,-0.02434865789923915
1380.0,55.2,1.0,-26.521720251604062,-16.84522342409453,-26.521720251604062,-16.84522342409453,4.152349018394782,0.002008400686775258,-0.01990404774538988
1381.0,55.24,1.0,-26.58229692595802,-16.744796565849942,-26.58229692595802,-16.744796565849942,4.156974808453785,0.0049841745276538955,-0.015075182213947763
1382.0,55.28,1.0,-26.641873974088167,-16.642480230778684,-26.641873974088167,-16.642480230778684,4.16161206372264,0.007883760285718511,-0.009973942186879555
1383.0,55.32,1.0,-26.70167804812449,-16.54131666152478,-26.70167804812449,-16.54131666152478,4.1662491269331445,0.010726596729319082,-0.004718263712644363
1384.0,55.36,1.0,-26.760689940379358,-16.438952893797953,-26.760689940379358,-16.438952893797953,4.170872796675645,0.01354134227520436,0.0005715697263787196
1385.0,55.4,1.0,-26.818999926582478,-16.33739812350472,-26.818999926582478,-16.33739812350472,4.175468229247328,0.01636701849750686,0.005776237262648696
1386.0,55.44,1.0,-26.877380325938493,-16.233891372271927,-26.877380325938493,-16.233891372271927,4.180020445694138,0.019244935453731682,0.010780635497630902
1387.0,55.480000000000004,1.0,-26.93429100117881,-16.131765767323905,-26.93429100117881,-16.131765767323905,4.184513726687204,0.02221131447740001,0.015477524337161713
1388.0,55.52,1.0,-26.99114719865085,-16.029022168371334,-26.99114719865085,-16.029022168371334,4.188933199097059,0.025299305732645206,0.01977074788218092
1389.0,55.56,1.0,-27.047216300911963,-15.927422285826498,-27.047216300911963,-15.927422285826498,4.193265455004216,0.02853329454399799,0.023577496332461305
1390.0,55.6,1.0,-27.102219497576215,-15.825283662990737,-27.102219497576215,-15.825283662990737,4.197497994862582,0.03192721949929424,0.026830068184353885
1391.0,55.64,1.0,-27.159140234707998,-15.723996434969035,-27.159140234707998,-15.723996434969035,4.201621703225982,0.035480705854706474,0.029477562610650616
1392.0,55.68,1.0,-27.214679675714827,-15.621117764343339,-27.214679675714827,-15.621117764343339,4.205628480055605,0.03917539186304316,0.03148693744807375
1393.0,55.72,1.0,-27.27187237484519,-15.518116064961077,-27.27187237484519,-15.518116064961077,4.20951375218104,0.04297987419718341,0.032842678377374285
1394.0,55.76,1.0,-27.326994991969382,-15.415393260365638,-27.326994991969382,-15.415393260365638,4.213274192244011,0.046847207512739034,0.03354661273331747
1395.0,55.800000000000004,1.0,-27.382504997583926,-15.312217138593187,-27.382504997583926,-15.312217138593187,4.216910196793548,0.050719122508203186,0.03361674734619831
1396.0,55.84,1.0,-27.43759505689019,-15.20866978961843,-27.43759505689019,-15.20866978961843,4.220424909789003,0.05451807265114504,0.033086150689712365
1397.0,55.88,1.0,-27.492075206780793,-15.105452038463236,-27.492075206780793,-15.105452038463236,4.2238242789456475,0.05815371201259173,0.03200081938211409
1398.0,55.92,1.0,-27.54659606570338,-15.00247478495405,-27.54659606570338,-15.00247478495405,4.2271175245016215,0.06153236025665383,0.030417641104631292
1399.0,55.96,1.0,-27.599788840313902,-14.89945328116072,-27.599788840313902,-14.89945328116072,4.230315298279095,0.06455705482673595,0.02840160162029891
1400.0,56.0,1.0,-27.654147926788976,-14.796647066135737,-27.654147926788976,-14.796647066135737,4.233430808378197,0.06713605938359532,0.026023714954587933
1401.0,56.04,1.0,-27.70711983243134,-14.693691513119862,-27.70711983243134,-14.693691513119862,4.236478374389034,0.0691799502076901,0.023359051734434314
1402.0,56.08,1.0,-27.760444168688927,-14.593246025341088,-27.760444168688927,-14.593246025341088,4.2394718881657365,0.07061376978181308,0.020483967898269957
1403.0,56.120000000000005,1.0,-27.812209187023438,-14.490415896309681,-27.812209187023438,-14.490415896309681,4.2424258985424625,0.07137651989587546,0.017473761898012263
1404.0,56.160000000000004,1.0,-27.864931143854914,-14.390374389860474,-27.864931143854914,-14.390374389860474,4.245353661671237,0.07142797448257046,0.014400610988139915
1405.0,56.2,1.0,-27.916013574704817,-14.288763245666711,-27.916013574704817,-14.288763245666711,4.248268886898881,0.07074506270873812,0.011332222076143114
1406.0,56.24,1.0,-27.966482832903488,-14.189470775888424,-27.966482832903488,-14.189470775888424,4.25118338853568,0.06932556028202427,0.008330306428376002
1407.0,56.28,1.0,-28.017567888361715,-14.089236126820078,-28.017567888361715,-14.089236126820078,4.254108309690179,0.06719569907825448,0.005449393351666995
1408.0,56.32,1.0,-28.067171064398458,-13.991181344575685,-28.067171064398458,-13.991181344575685,4.25705289217794,0.0644087316339571,0.002736474205874719
1409.0,56.36,1.0,-28.116680701164018,-13.892204099575565,-28.116680701164018,-13.892204099575565,4.260024497991472,0.06103638340231891,0.00023023534615851244
1410.0,56.4,1.0,-28.16495114486876,-13.793700640628739,-28.16495114486876,-13.793700640628739,4.263029587356759,0.05716817197382418,-0.002038463367935874
1411.0,56.44,1.0,-28.212118756584324,-13.694144345965896,-28.212118756584324,-13.694144345965896,4.266071359051645,0.052912960624751704,-0.0040467717196883655
1412.0,56.480000000000004,1.0,-28.258934967082194,-13.59571724690594,-28.258934967082194,-13.59571724690594,4.26915218039664,0.04840014233189284,-0.005779781210427505
1413.0,56.52,1.0,-28.305271829164106,-13.496550307460689,-28.305271829164106,-13.496550307460689,4.272272599587056,0.04376559859314264,-0.007229956010331703
1414.0,56.56,1.0,-28.352202501052847,-13.397330813548217,-28.352202501052847,-13.397330813548217,4.275432629973258,0.03915241537349869,-0.008396315966891407
1415.0,56.6,1.0,-28.3985509746925,-13.299604833144198,-28.3985509746925,-13.299604833144198,4.278631075826628,0.03469812230864335,-0.009283625662647847
1416.0,56.64,1.0,-28.44460119646929,-13.20130000915706,-28.44460119646929,-13.20130000915706,4.281865981488576,0.03054162720752921,-0.00990236394659141
1417.0,56.68,1.0,-28.49043829544231,-13.10246255496431,-28.49043829544231,-13.10246255496431,4.285135941434268,0.026809795085306863,-0.010267693095203598
1418.0,56.72,1.0,-28.535686673968918,-13.002983588789059,-28.535686673968918,-13.002983588789059,4.288439146351552,0.023614264591604695,-0.01039877136565636
1419.0,56.76,1.0,-28.582202003387778,-12.903847031215346,-28.582202003387778,-12.903847031215346,4.2917751100232575,0.021044203192969003,-0.010317771885990926
1420.0,56.800000000000004,1.0,-28.62694962719822,-12.804254286133062,-28.62694962719822,-12.804254286133062,4.295142873256241,0.01917112481163511,-0.010049415993506196
1421.0,56.84,1.0,-28.671213509890304,-12.704299039877068,-28.671213509890304,-12.704299039877068,4.298541760847497,0.0180455317750867,-0.009620775965974349
1422.0,56.88,1.0,-28.71483160574087,-12.603173867027982,-28.71483160574087,-12.603173867027982,4.301972136052045,0.01768649968727659,-0.009060970227962206
1423.0,56.92,1.0,-28.758588409019545,-12.503168325840488,-28.758588409019545,-12.503168325840488,4.305434078634866,0.018080987972553354,-0.008400534306496546
1424.0,56.96,1.0,-28.800598853709396,-12.40150012400473,-28.800598853709396,-12.40150012400473,4.308928679251054,0.019192025878175256,-0.007670615860531113
1425.0,57.0,1.0,-28.843364248460546,-12.300440740139637,-28.843364248460546,-12.300440740139637,4.312457036560209,0.02095906516817465,-0.006903047769055447
1426.0,57.04,1.0,-28.885806148868,-12.197389046978147,-28.885806148868,-12.197389046978147,4.316021708645789,0.02330162165802313,-0.0061298551603053645
1427.0,57.08,1.0,-28.928381043986445,-12.094576784179516,-28.928381043986445,-12.094576784179516,4.319625873194363,0.026115994193783278,-0.005382194369191125
1428.0,57.120000000000005,1.0,-28.970625685204293,-11.991110347957905,-28.970625685204293,-11.991110347957905,4.323272616673458,0.029287087003951738,-0.004689887991173898
1429.0,57.160000000000004,1.0,-29.01244843572722,-11.888630445984393,-29.01244843572722,-11.888630445984393,4.326965062708739,0.032690999525079464,-0.004080839321734195
1430.0,57.2,1.0,-29.05412083349689,-11.786193925137812,-29.05412083349689,-11.786193925137812,4.330704366574214,0.036203038481570804,-0.003581219665166414
1431.0,57.24,1.0,-29.09504054867939,-11.683672640794496,-29.09504054867939,-11.683672640794496,4.334492126394964,0.039694977515838795,-0.0032144629934381837
1432.0,57.28,1.0,-29.13500992925225,-11.581857552158208,-29.13500992925225,-11.581857552158208,4.338328628282583,0.0430439079357421,-0.0030005885702901703
1433.0,57.32,1.0,-29.174455047390147,-11.479683446047316,-29.174455047390147,-11.479683446047316,4.34221378016448,0.04614131982092072,-0.0029554809548680153
1434.0,57.36,1.0,-29.213433707026176,-11.378051587525707,-29.213433707026176,-11.378051587525707,4.346147481355735,0.0488965530368918,-0.00309082271056515
1435.0,57.4,1.0,-29.25210870578029,-11.27515376049772,-29.25210870578029,-11.27515376049772,4.350130304667844,0.05123452087175465,-0.003414009802403196
1436.0,57.44,1.0,-29.290899143544017,-11.174370220262661,-29.290899143544017,-11.174370220262661,4.3541638129808256,0.05309764314176253,-0.003927223170207568
1437.0,57.480000000000004,1.0,-29.329453586217063,-11.072564915951272,-29.329453586217063,-11.072564915951272,4.358249125626175,0.05445200169422852,-0.0046268869840512955
1438.0,57.52,1.0,-29.368465386272703,-10.972752457283352,-29.368465386272703,-10.972752457283352,4.36238731096455,0.05528552422865525,-0.005504200330290349
1439.0,57.56,1.0,-29.405290560492112,-10.871610718268252,-29.405290560492112,-10.871610718268252,4.366578217355766,0.05560645721001737,-0.006545780616945618
1440.0,57.6,1.0,-29.44270835078874,-10.772476908090244,-29.44270835078874,-10.772476908090244,4.370821938573519,0.05543983987904312,-0.007733990806973104
1441.0,57.64,1.0,-29.478602249969803,-10.672717211655803,-29.478602249969803,-10.672717211655803,4.375119523033545,0.054826894932824534,-0.009046761660454605
1442.0,57.68,1.0,-29.51321289690702,-10.57291146717196,-29.51321289690702,-10.57291146717196,4.379472821588509,0.05382339348300401,-0.010458407893472719
1443.0,57.72,1.0,-29.5474995887582,-10.473205890673814,-29.5474995887582,-10.473205890673814,4.383885765705852,0.05249425523875032,-0.011940494704006223
1444.0,57.76,1.0,-29.582007428780294,-10.374075574503006,-29.582007428780294,-10.374075574503006,4.388364040139729,0.050905557463109666,-0.013462495533537525
1445.0,57.800000000000004,1.0,-29.61576821997415,-10.275279545754268,-29.61576821997415,-10.275279545754268,4.392914354009426,0.04912274736341612,-0.014991757859451638
1446.0,57.84,1.0,-29.65041467169548,-10.17657331058562,-29.65041467169548,-10.17657331058562,4.397543136634092,0.04721010747799679,-0.016494119851888426
1447.0,57.88,1.0,-29.68277826455975,-10.077753142717095,-29.68277826455975,-10.077753142717095,4.402254492954251,0.04522758983462788,-0.017935082958933042
1448.0,57.92,1.0,-29.71506434906332,-9.978074888123,-29.71506434906332,-9.978074888123,4.407051072255288,0.04322394435365049,-0.019280906669990182
1449.0,57.96,1.0,-29.74707301735785,-9.878306325366454,-29.74707301735785,-9.878306325366454,4.411932735737326,0.041240050682371056,-0.020498832915886306
1450.0,58.0,1.0,-29.77914099666985,-9.778316360913747,-29.77914099666985,-9.778316360913747,4.416899339541041,0.03930518310809272,-0.021556649108537572
1451.0,58.04,1.0,-29.810707139343002,-9.678737435025678,-29.810707139343002,-9.678737435025678,4.421948268327522,0.037438521767092614,-0.02242333390317012
1452.0,58.08,1.0,-29.841920757352984,-9.57789032180268,-29.841920757352984,-9.57789032180268,4.427075972845768,0.03564613197061679,-0.023069838366025268
1453.0,58.120000000000005,1.0,-29.871982181025288,-9.478043059822175,-29.871982181025288,-9.478043059822175,4.432276725376576,0.033928014373641915,-0.023468982961498793
1454.0,58.160000000000004,1.0,-29.902134121027593,-9.37800177154012,-29.902134121027593,-9.37800177154012,4.437541770920144,0.032276114205922746,-0.02359488736035619
1455.0,58.2,1.0,-29.931009462379897,-9.278255536301057,-29.931009462379897,-9.278255536301057,4.442858003656909,0.03068279256828669,-0.023422898681707934
1456.0,58.24,1.0,-29.958306507516603,-9.177349889354586,-29.958306507516603,-9.177349889354586,4.448208187360771,0.029137826934076516,-0.022930512489212622
1457.0,58.28,1.0,-29.985124359468795,-9.077289665859245,-29.985124359468795,-9.077289665859245,4.453571073805169,0.027633999762004813,-0.02209775526506758
1458.0,58.32,1.0,-30.009496291769658,-8.975476413562072,-30.009496291769658,-8.975476413562072,4.45892393953433,0.026166325929728163,-0.020907123228167568
1459.0,58.36,1.0,-30.035105788467,-8.874847783470878,-30.035105788467,-8.874847783470878,4.4642438158872535,0.024738868857140606,-0.01934388513165126
1460.0,58.4,1.0,-30.059143710956203,-8.773222837665163,-30.059143710956203,-8.773222837665163,4.4695092886470436,0.023360137684610947,-0.01739680795455695
1461.0,58.44,1.0,-30.08443380802471,-8.673341267615001,-30.08443380802471,-8.673341267615001,4.474699498528517,0.02204833880075735,-0.015059705838011889
1462.0,58.480000000000004,1.0,-30.10959537757227,-8.573235713456345,-30.10959537757227,-8.573235713456345,4.479795252505687,0.02083165932817501,-0.012331780922203576
1463.0,58.52,1.0,-30.134187881460907,-8.474475740272037,-30.134187881460907,-8.474475740272037,4.484778174553059,0.019747717191332136,-0.009218090128859276
1464.0,58.56,1.0,-30.157470894548283,-8.375108294009584,-30.157470894548283,-8.375108294009584,4.489630624446945,0.018835971482668266,-0.0057308215662884646
1465.0,58.6,1.0,-30.18013831565819,-8.276683795322448,-30.18013831565819,-8.276683795322448,4.494337151212376,0.018140369193497895,-0.0018914913157701135
1466.0,58.64,1.0,-30.200064245006853,-8.177237179913984,-30.200064245006853,-8.177237179913984,4.4988853878418205,0.01770406418743159,0.0022681230896712933
1467.0,58.68,1.0,-30.220130377233744,-8.076787110859646,-30.220130377233744,-8.076787110859646,4.503267975626031,0.01757113400773782,0.006705588815522902
1468.0,58.72,1.0,-30.239386097077904,-7.976338612209983,-30.239386097077904,-7.976338612209983,4.507483395993514,0.01777610974522801,0.011367493952129493
1469.0,58.76,1.0,-30.25772040209236,-7.8752723774746,-30.25772040209236,-7.8752723774746,4.5115361850007485,0.018345867467209277,0.016188770119369415
1470.0,58.800000000000004,1.0,-30.275073002032702,-7.773872305002823,-30.275073002032702,-7.773872305002823,4.515434688561312,0.019291987544999768,0.02109290776718882
1471.0,58.84,1.0,-30.29171836263587,-7.672129499509699,-30.29171836263587,-7.672129499509699,4.519190225479553,0.020616132676457254,0.025993168269788015
1472.0,58.88,1.0,-30.308257302113795,-7.569906112996611,-30.308257302113795,-7.569906112996611,4.522815347138204,0.022301183913953925,0.030794509585954373
1473.0,58.92,1.0,-30.3244742260572,-7.467332815870222,-30.3244742260572,-7.467332815870222,4.526323542281276,0.024309359005455333,0.03539513732175055
1474.0,58.96,1.0,-30.339859000774947,-7.364223533878973,-30.339859000774947,-7.364223533878973,4.529728078327006,0.02658519309911591,0.03968846958844101
1475.0,59.0,1.0,-30.355307424440166,-7.2619200580840815,-30.355307424440166,-7.2619200580840815,4.533042733863888,0.029061461865804328,0.043566076944700036
1476.0,59.04,1.0,-30.370622175939793,-7.159189792540095,-30.370622175939793,-7.159189792540095,4.536279901316783,0.03165724969521814,0.046922017357507215
1477.0,59.08,1.0,-30.38569015926988,-7.056748051879356,-30.38569015926988,-7.056748051879356,4.539451939464469,0.034278497343836825,0.04965587982023331
1478.0,59.120000000000005,1.0,-30.401000019891047,-6.955183834323433,-30.401000019891047,-6.955183834323433,4.542568571190732,0.03682222288980428,0.05167638383851304
1479.0,59.160000000000004,1.0,-30.416990003659414,-6.854445090840121,-30.416990003659414,-6.854445090840121,4.545636336393995,0.0391857329121455,0.0529052627132481
1480.0,59.2,1.0,-30.433073719713917,-6.75388396921957,-30.433073719713917,-6.75388396921957,4.548656862686618,0.04126929534166803,0.05328173926837536
1481.0,59.24,1.0,-30.447867125551927,-6.6525122321421595,-30.447867125551927,-6.6525122321421595,4.551627848369947,0.042979468493923464,0.05276574895251318
1482.0,59.28,1.0,-30.462680333566965,-6.5516021187910765,-30.462680333566965,-6.5516021187910765,4.554543821327618,0.044228743507019455,0.05134025961141604
1483.0,59.32,1.0,-30.476645131034736,-6.450603502016582,-30.476645131034736,-6.450603502016582,4.557397207790602,0.044946408558276064,0.049012931953308886
1484.0,59.36,1.0,-30.492114303627893,-6.350388263077228,-30.492114303627893,-6.350388263077228,4.560180376412206,0.04508508372086674,0.045817667353093575
1485.0,59.4,1.0,-30.50690981431912,-6.250056446607565,-30.50690981431912,-6.250056446607565,4.562886150292147,0.04461972020048176,0.04181514009359929
1486.0,59.44,1.0,-30.522567084623667,-6.151071941522437,-30.522567084623667,-6.151071941522437,4.5655085808924945,0.04354261336360129,0.03709169200456294
1487.0,59.480000000000004,1.0,-30.537948688664727,-6.052805347143086,-30.537948688664727,-6.052805347143086,4.568044052865355,0.04186835075247495,0.03175695750739192
1488.0,59.52,1.0,-30.55431766582378,-5.955311121076948,-30.55431766582378,-5.955311121076948,4.570490152827071,0.03963821482183192,0.02594156858271503
1489.0,59.56,1.0,-30.57064671891605,-5.858072306410028,-30.57064671891605,-5.858072306410028,4.5728468062909915,0.036913619941567985,0.019793729568990205
1490.0,59.6,1.0,-30.58760778631106,-5.760771867185783,-30.58760778631106,-5.760771867185783,4.575116102175551,0.03377328972706373,0.013474281826315751
1491.0,59.64,1.0,-30.604350240346243,-5.663935310571221,-30.604350240346243,-5.663935310571221,4.577303300376819,0.030307593276218237,0.007150645759499715
1492.0,59.68,1.0,-30.620690846610678,-5.567643974665134,-30.620690846610678,-5.567643974665134,4.579417763170545,0.026621845958888134,0.0009915142098514695
1493.0,59.72,1.0,-30.636564643019778,-5.470876985934906,-30.636564643019778,-5.470876985934906,4.581471803021715,0.022831720183627547,-0.004838915551990168
1494.0,59.76,1.0,-30.65167232128544,-5.374370807054939,-30.65167232128544,-5.374370807054939,4.58348223027342,0.01905421956755684,-0.010186660666742299
1495.0,59.800000000000004,1.0,-30.6662980249118,-5.277311007735149,-30.6662980249118,-5.277311007735149,4.585467215559616,0.015398568766956899,-0.01491420915981041
1496.0,59.84,1.0,-30.68027307916399,-5.1812536903333895,-30.68027307916399,-5.1812536903333895,4.587447362376798,0.011966051714920111,-0.01890554104156419
1497.0,59.88,1.0,-30.69336699781483,-5.08470518108803,-30.69336699781483,-5.08470518108803,4.589443571242854,0.008852685814021188,-0.022069739508172
1498.0,59.92,1.0,-30.705595024967568,-4.987100814727533,-30.705595024967568,-4.987100814727533,4.591476934484364,0.006142429933628191,-0.02434391798796611
1499.0,59.96,1.0,-30.716870568183726,-4.888991981529399,-30.716870568183726,-4.888991981529399,4.5935674392253265,0.0038971219046376572,-0.025695907130790556
1500.0,60.0,1.0,-30.727597274995087,-4.790598750547317,-30.727597274995087,-4.790598750547317,4.595733538167709,0.0021606583208192308,-0.026125592535536042
1501.0,60.04,1.0,-30.73881319319479,-4.693029592959225,-30.73881319319479,-4.693029592959225,4.597992307177279,0.0009574476648885998,-0.025664286084403576
1502.0,60.08,1.0,-30.74922798598117,-4.595017204109373,-30.74922798598117,-4.595017204109373,4.600358332038538,0.000295411465646378,-0.02437284075837167
1503.0,60.120000000000005,1.0,-30.760090933638725,-4.495609404806433,-30.760090933638725,-4.495609404806433,4.602842373191063,0.0001597914913114784,-0.022339554004341594
1504.0,60.160000000000004,1.0,-30.76891248479585,-4.396359081190654,-30.76891248479585,-4.396359081190654,4.605451233246051,0.0005154383157362386,-0.019676522029441996
1505.0,60.2,1.0,-30.77831684939747,-4.296488604102353,-30.77831684939747,-4.296488604102353,4.608185714943671,0.0013098060387630617,-0.016514949335219152
1506.0,60.24,1.0,-30.787313651459538,-4.196755862658271,-30.787313651459538,-4.196755862658271,4.611042731094835,0.0024808907792202572,-0.012999084391257645
1507.0,60.28,1.0,-30.796227559092927,-4.097696375057576,-30.796227559092927,-4.097696375057576,4.614013957858075,0.003954242654581252,-0.009280505106888342
1508.0,60.32,1.0,-30.80384158658565,-3.998227358429787,-30.80384158658565,-3.998227358429787,4.61708718304084,0.005643119766727078,-0.005512506344542166
1509.0,60.36,1.0,-30.811506858275372,-3.898523218580183,-30.811506858275372,-3.898523218580183,4.620246524502559,0.007454277634318929,-0.0018445508979287098
1510.0,60.4,1.0,-30.818422666717503,-3.7987489323855756,-30.818422666717503,-3.7987489323855756,4.623473977453118,0.009298757116930633,0.0015840616568342108
1511.0,60.44,1.0,-30.82582053876227,-3.699163326598074,-30.82582053876227,-3.699163326598074,4.626750737943158,0.011091466670858908,0.004649333452502455
1512.0,60.480000000000004,1.0,-30.83278906573593,-3.6002077761038778,-30.83278906573593,-3.6002077761038778,4.630056273117335,0.0127509232524882,0.007246554712244994
1513.0,60.52,1.0,-30.840470999916636,-3.501635416252907,-30.840470999916636,-3.501635416252907,4.633370627921984,0.014200574549414868,0.00929345687841919
1514.0,60.56,1.0,-30.847730143642345,-3.4032701486462784,-30.847730143642345,-3.4032701486462784,4.636674033449823,0.015375092531427714,0.010733142625364064
1515.0,60.6,1.0,-30.854840560190507,-3.3052534358437944,-30.854840560190507,-3.3052534358437944,4.639949283243528,0.01622234201786865,0.011535277800854702
1516.0,60.64,1.0,-30.862273975043557,-3.206677660974637,-30.862273975043557,-3.206677660974637,4.643182370050288,0.016706427085339835,0.011696191087094418
1517.0,60.68,1.0,-30.86995323498572,-3.1081866746314937,-30.86995323498572,-3.1081866746314937,4.646362203649456,0.016801425585067586,0.011237581614098194
1518.0,60.72,1.0,-30.877416482526996,-3.010252455348912,-30.877416482526996,-3.010252455348912,4.649481549178206,0.016498870863218097,0.010204645140181582
1519.0,60.76,1.0,-30.884506824574636,-2.911865494483847,-30.884506824574636,-2.911865494483847,4.652537447902779,0.015808855097280382,0.008663306376071846
1520.0,60.800000000000004,1.0,-30.89165648519931,-2.8141332171092337,-30.89165648519931,-2.8141332171092337,4.655531003301799,0.014757955366411534,0.006696974344847739
1521.0,60.84,1.0,-30.898156216069577,-2.715390377691441,-30.898156216069577,-2.715390377691441,4.65846692367751,0.01338332326873778,0.004401929596630441
1522.0,60.88,1.0,-30.904406300523714,-2.6179013596425103,-30.904406300523714,-2.6179013596425103,4.661351677418251,0.011733833662173121,0.0018827824049044775
1523.0,60.92,1.0,-30.91060689139752,-2.5213287363738415,-30.91060689139752,-2.5213287363738415,4.6641956540007365,0.009872224133859176,-0.0007518032659577388
1524.0,60.96,1.0,-30.91626751679761,-2.424562907984344,-30.91626751679761,-2.424562907984344,4.667009989465298,0.007873249508833191,-0.00339348111082399
1525.0,61.0,1.0,-30.92198383946652,-2.327149242789496,-30.92198383946652,-2.327149242789496,4.669808901984449,0.005819623236056126,-0.005938892864911331
1526.0,61.04,1.0,-30.927077420850896,-2.2299571567875427,-30.927077420850896,-2.2299571567875427,4.6726063135546685,0.003798151013490003,-0.008293232402212735
1527.0,61.08,1.0,-30.931775716609973,-2.132714016606785,-30.931775716609973,-2.132714016606785,4.675416424827746,0.0018978255672586265,-0.010373616150383465
1528.0,61.120000000000005,1.0,-30.936322974109583,-2.035690244733942,-30.936322974109583,-2.035690244733942,4.678252564917159,0.0002126151372882079,-0.01211175352781629
1529.0,61.160000000000004,1.0,-30.940047779374986,-1.9386732124088772,-30.940047779374986,-1.9386732124088772,4.681126863667586,-0.00116615457710616,-0.013455930349620346
1530.0,61.2,1.0,-30.943360237854087,-1.8414674787994734,-30.943360237854087,-1.8414674787994734,4.684049207346149,-0.0021560520445323304,-0.01437189171314704
1531.0,61.24,1.0,-30.945465173670062,-1.7446934908769443,-30.945465173670062,-1.7446934908769443,4.687026220996839,-0.002684741012505176,-0.014843300098975432
1532.0,61.28,1.0,-30.94759757988613,-1.6470341515799025,-30.94759757988613,-1.6470341515799025,4.690061833992081,-0.0026880309859888874,-0.014871232691155997
1533.0,61.32,1.0,-30.948189034902356,-1.5490413577045306,-30.948189034902356,-1.5490413577045306,4.693157933932237,-0.0021155698614689243,-0.014472695289474966
1534.0,61.36,1.0,-30.94936399711554,-1.4506110500882232,-30.94936399711554,-1.4506110500882232,4.696313273653904,-0.0009334688643072187,-0.013679190448644065
1535.0,61.4,1.0,-30.95038623200701,-1.351819556082918,-30.95038623200701,-1.351819556082918,4.699525695296022,0.0008732037219774891,-0.012534251001265734
1536.0,61.44,1.0,-30.950737183597425,-1.2526307262910363,-30.950737183597425,-1.2526307262910363,4.7027892628473165,0.0033017278305193854,-0.01109085004914542
1537.0,61.480000000000004,1.0,-30.95116267141512,-1.1531574503554298,-30.95116267141512,-1.1531574503554298,4.706096612213173,0.006332697838146906,-0.009408706843166761
1538.0,61.52,1.0,-30.951457127910412,-1.0542973423772226,-30.951457127910412,-1.0542973423772226,4.70943826972713,0.009926978665509767,-0.007551646668738048
1539.0,61.56,1.0,-30.95176588276617,-0.9556984100998301,-30.95176588276617,-0.9556984100998301,4.712803643210451,0.014025220707402919,-0.005584359751242408
1540.0,61.6,1.0,-30.95137860575202,-0.8567392864964715,-30.95137860575202,-0.8567392864964715,4.716180686841617,0.018549309281462933,-0.003569840139717268
1541.0,61.64,1.0,-30.950384141683116,-0.7576144202121121,-30.950384141683116,-0.7576144202121121,4.719556731858505,0.023410747162754864,-0.0015674882102406807
1542.0,61.68,1.0,-30.949613942838447,-0.659254221866915,-30.949613942838447,-0.659254221866915,4.722920379428754,0.028507381780019825,0.0003688803740367629
1543.0,61.72,1.0,-30.947652908612053,-0.5597926843364414,-30.947652908612053,-0.5597926843364414,4.726260939145175,0.033723524222767386,0.002192821964619713
1544.0,61.76,1.0,-30.945394970730337,-0.4599762326663039,-30.945394970730337,-0.4599762326663039,4.729569616710068,0.03893551153632648,0.003866217520551815
1545.0,61.800000000000004,1.0,-30.942394691319823,-0.36183170103279755,-30.942394691319823,-0.36183170103279755,4.732838136680487,0.044016477166606824,0.005360153421137474
1546.0,61.84,1.0,-30.93962985369319,-0.2629889587497608,-30.93962985369319,-0.2629889587497608,4.736058877324721,0.048842290788435105,0.006654604328617669
1547.0,61.88,1.0,-30.93591063166075,-0.16364608125888505,-30.93591063166075,-0.16364608125888505,4.739226324765158,0.05329005655602888,0.007738344353265723
1548.0,61.92,1.0,-30.933033178589834,-0.06483292145211704,-30.933033178589834,-0.06483292145211704,4.742336665167704,0.05724134697820521,0.008608144620452132
1549.0,61.96,1.0,-30.92916877599078,0.03372957330916741,-30.92916877599078,0.03372957330916741,4.745387268035457,0.060589612152235975,0.009268450245826239
1550.0,62.0,1.0,-30.92532254435958,0.13071377463225914,-30.92532254435958,0.13071377463225914,4.7483773772034485,0.06324340835900681,0.00972932088309941
1551.0,62.04,1.0,-30.921950863919584,0.22780907616531149,-30.921950863919584,0.22780907616531149,4.751308668063725,0.06512718377098273,0.010005200085671436
1552.0,62.08,1.0,-30.918719790892435,0.3238903715040659,-30.918719790892435,0.3238903715040659,4.754185515600492,0.0661788074085136,0.01011373052554439
1553.0,62.120000000000005,1.0,-30.915871155652702,0.4183343742267177,-30.915871155652702,0.4183343742267177,4.7570130958103745,0.06635870978661905,0.01007469053059464
1554.0,62.160000000000004,1.0,-30.91265771638494,0.5125941186690179,-30.91265771638494,0.5125941186690179,4.759797736232846,0.065650775775248,0.009908177359848117
1555.0,62.2,1.0,-30.90781289081708,0.6064236503186213,-30.90781289081708,0.6064236503186213,4.76254500845358,0.0640627092165988,0.009633133573556914
1556.0,62.24,1.0,-30.902860899036636,0.6990830023261108,-30.902860899036636,0.6990830023261108,4.765262215512923,0.06162065811085823,0.009266238383120297
1557.0,62.28,1.0,-30.897531428190103,0.7906370310782141,-30.897531428190103,0.7906370310782141,4.767957017398111,0.05836994133848863,0.00882156804800671
1558.0,62.32,1.0,-30.891490111612228,0.8835363954338856,-30.891490111612228,0.8835363954338856,4.770637746257778,0.0543762937817713,0.008310148681531222
1559.0,62.36,1.0,-30.884744930597474,0.9762206395724407,-30.884744930597474,0.9762206395724407,4.773312607481196,0.049725819404560834,0.007739377519072499
1560.0,62.4,1.0,-30.877621703188908,1.069366967101764,-30.877621703188908,1.069366967101764,4.775991245034713,0.04451811172044495,0.007112327577863844
1561.0,62.440000000000005,1.0,-30.870480654437607,1.1608408911596246,-30.870480654437607,1.1608408911596246,4.778682956780356,0.03886099670372896,0.006428767841542955
1562.0,62.480000000000004,1.0,-30.86454271091153,1.2532040830368116,-30.86454271091153,1.2532040830368116,4.781396973176157,0.032877846171168346,0.005685792212777816
1563.0,62.52,1.0,-30.85833595466415,1.3438931703213457,-30.85833595466415,1.3438931703213457,4.784140443801073,0.026704070967076242,0.004878333082292648
1564.0,62.56,1.0,-30.852250422345584,1.4354173628148135,-30.852250422345584,1.4354173628148135,4.786919836549635,0.020478638699649977,0.003999039441554089
1565.0,62.6,1.0,-30.845753881462123,1.5278726077378921,-30.845753881462123,1.5278726077378921,4.7897403813160615,0.014339979468760245,0.003039543292374696
1566.0,62.64,1.0,-30.83942767599878,1.6182187630005944,-30.83942767599878,1.6182187630005944,4.792607855922933,0.008423846543265511,0.0019918490743465376
1567.0,62.68,1.0,-30.833222832390106,1.708339683287862,-30.833222832390106,1.708339683287862,4.79552700882847,0.002866315899626304,0.0008491683475324579
1568.0,62.72,1.0,-30.825506072408302,1.7983515389649458,-30.825506072408302,1.7983515389649458,4.798502376734943,-0.002203730460529363,-0.00039369729078579316
1569.0,62.76,1.0,-30.81849305901312,1.8888077298496118,-30.81849305901312,1.8888077298496118,4.8015381800236705,-0.006668259866563453,-0.0017397226568151031
1570.0,62.800000000000004,1.0,-30.810404408643087,1.98019997220652,-30.810404408643087,1.98019997220652,4.804638711728817,-0.010425208531333063,-0.0031879692457030553
1571.0,62.84,1.0,-30.802014696420862,2.071500046332482,-30.802014696420862,2.071500046332482,4.807807280979077,-0.013386745020605573,-0.004732470332108921
1572.0,62.88,1.0,-30.79241869306329,2.163156903076705,-30.79241869306329,2.163156903076705,4.811046717333916,-0.015478222161269284,-0.0063621875919722915
1573.0,62.92,1.0,-30.782991875094957,2.2555329435787317,-30.782991875094957,2.2555329435787317,4.814357955839851,-0.01664856214537257,-0.0080614561470746
1574.0,62.96,1.0,-30.77307249459934,2.3479669213414924,-30.77307249459934,2.3479669213414924,4.817741535984552,-0.016869991330698542,-0.009809329591604788
1575.0,63.0,1.0,-30.76448722229393,2.441664684806249,-30.76448722229393,2.441664684806249,4.821197290174618,-0.016134540157394805,-0.01157876698687452
1576.0,63.04,1.0,-30.754969752334397,2.535724453727764,-30.754969752334397,2.535724453727764,4.824724566533585,-0.014452033385509632,-0.013336853357876596
1577.0,63.08,1.0,-30.745717537663676,2.6300420705283427,-30.745717537663676,2.6300420705283427,4.82832078403155,-0.011855708938169751,-0.015046036270872365
1578.0,63.120000000000005,1.0,-30.736659627776856,2.7232752701909204,-30.736659627776856,2.7232752701909204,4.8319815473656025,-0.008402890133371121,-0.016664521333347455
1579.0,63.160000000000004,1.0,-30.727498107955192,2.8165246959159354,-30.727498107955192,2.8165246959159354,4.8357006336233415,-0.004174413035127477,-0.018146407025142204
1580.0,63.2,1.0,-30.71768679067163,2.9098010150206197,-30.71768679067163,2.9098010150206197,4.839468871969532,0.0007331872028136677,-0.019442499635640886
1581.0,63.24,1.0,-30.706752430831575,3.0048009974374263,-30.706752430831575,3.0048009974374263,4.843274703016639,0.006209220244984537,-0.020502372418271964
1582.0,63.28,1.0,-30.693644515413496,3.0998458134229043,-30.693644515413496,3.0998458134229043,4.84710375091718,0.012126652192490772,-0.021275666159194493
1583.0,63.32,1.0,-30.680420477261055,3.195540647148016,-30.680420477261055,3.195540647148016,4.850939816875249,0.01834285923937775,-0.021713295382826823
1584.0,63.36,1.0,-30.667085090015195,3.2890336005152356,-30.667085090015195,3.2890336005152356,4.854766674564614,0.0247061312052966,-0.02176810616184764
1585.0,63.4,1.0,-30.65398880492553,3.3823438961536048,-30.65398880492553,3.3823438961536048,4.8585685296878065,0.031060843459392216,-0.02139735296606305
1586.0,63.440000000000005,1.0,-30.640019584449412,3.476496477263686,-30.640019584449412,3.476496477263686,4.862329439646447,0.03724850798850565,-0.020564871110331666
1587.0,63.480000000000004,1.0,-30.62581408099182,3.570600203181285,-30.62581408099182,3.570600203181285,4.866033661964344,0.043109703608738593,-0.019242785366657023
1588.0,63.52,1.0,-30.611642072289804,3.6644747241302786,-30.611642072289804,3.6644747241302786,4.869666643019056,0.048492202415377036,-0.017411871592471657
1589.0,63.56,1.0,-30.59686360364384,3.7574828062548007,-30.59686360364384,3.7574828062548007,4.873215190589996,0.053252725754320294,-0.015063389148300726
1590.0,63.6,1.0,-30.58265645453133,3.8493070755106906,-30.58265645453133,3.8493070755106906,4.876667427276564,0.05726494486712834,-0.01220082745822663
1591.0,63.64,1.0,-30.56797997365471,3.9407513876722033,-30.56797997365471,3.9407513876722033,4.88001397133703,0.06041665282563439,-0.008841170848237129
1592.0,63.68,1.0,-30.551930598309745,4.0320401986955785,-30.551930598309745,4.0320401986955785,4.883246844043117,0.06261570641205542,-0.005014762967559793
1593.0,63.72,1.0,-30.534840310061583,4.122789182449459,-30.534840310061583,4.122789182449459,4.886361499442275,0.063793950776346,-0.0007661057985268963
1594.0,63.76,1.0,-30.517167186685402,4.213023176572491,-30.517167186685402,4.213023176572491,4.889356190252975,0.06391261278028555,0.0038463220377537586
1595.0,63.800000000000004,1.0,-30.498660511909698,4.301114799638104,-30.498660511909698,4.301114799638104,4.892230301454404,0.06295703899965707,0.008750383335884713
1596.0,63.84,1.0,-30.480772345836932,4.38870424185161,-30.480772345836932,4.38870424185161,4.8949835403586945,0.060935201574675954,0.013862041564891686
1597.0,63.88,1.0,-30.46181484799667,4.476391433164438,-30.46181484799667,4.476391433164438,4.897616341782905,0.05787826972488817,0.019087017406822122
1598.0,63.92,1.0,-30.442767246644244,4.563255700441403,-30.442767246644244,4.563255700441403,4.90012960578261,0.053842765686373785,0.024322622866642437
1599.0,63.96,1.0,-30.42312636845246,4.650579188974971,-30.42312636845246,4.650579188974971,4.902524072390338,0.04891007446816996,0.029459105691257054
1600.0,64.0,1.0,-30.403144517176866,4.737419421971501,-30.403144517176866,4.737419421971501,4.904800855884273,0.043181511247449914,0.034383044530946774
1601.0,64.04,1.0,-30.38396600174699,4.822772269620815,-30.38396600174699,4.822772269620815,4.906961231476567,0.03677271522679064,0.038980740119971775
1602.0,64.08,1.0,-30.364734637777133,4.90699230903508,-30.364734637777133,4.90699230903508,4.909006297650466,0.029810975227374602,0.04314128908275287
1603.0,64.12,1.0,-30.345687906501915,4.991308184951355,-30.345687906501915,4.991308184951355,4.91093874225241,0.022432252096870386,0.04675909043301078
1604.0,64.16,1.0,-30.326574758170636,5.076057409993792,-30.326574758170636,5.076057409993792,4.912760173798965,0.014779044824228782,0.04973777587403326
1605.0,64.2,1.0,-30.307014951235608,5.160908561937179,-30.307014951235608,5.160908561937179,4.914471992573796,0.006990763284436907,0.051993124621145116
1606.0,64.24,1.0,-30.28739752084462,5.245353209802524,-30.28739752084462,5.245353209802524,4.916075611232064,-0.0007950335909680084,0.05345572674568457
1607.0,64.28,1.0,-30.26850177598798,5.32915432346366,-30.26850177598798,5.32915432346366,4.917573650164788,-0.008448729790074582,0.05407298437976328
1608.0,64.32000000000001,1.0,-30.249304939124,5.4133012131374505,-30.249304939124,5.4133012131374505,4.918969600210186,-0.015849404874992756,0.05381154478354268
1609.0,64.36,1.0,-30.231269772371313,5.498238811055851,-30.231269772371313,5.498238811055851,4.9202682727311835,-0.022892788520022456,0.05265867865668391
1610.0,64.4,1.0,-30.212994296795568,5.5836067433046415,-30.212994296795568,5.5836067433046415,4.921476156925371,-0.029494762689493616,0.05062340389984773
1611.0,64.44,1.0,-30.19372562514254,5.6711737425902005,-30.19372562514254,5.6711737425902005,4.922600906378824,-0.03558735146059257,0.04773587769732839
1612.0,64.48,1.0,-30.176097150647813,5.757774765130142,-30.176097150647813,5.757774765130142,4.923651998052405,-0.0411202704578741,0.04404630740948999
1613.0,64.52,1.0,-30.158864764064266,5.845683748032801,-30.158864764064266,5.845683748032801,4.924640688122117,-0.04606220455447504,0.03962456205705118
1614.0,64.56,1.0,-30.14084267384725,5.9334364375852875,-30.14084267384725,5.9334364375852875,4.925577993657729,-0.05040680275693573,0.03455856566826857
1615.0,64.6,1.0,-30.12335263122204,6.0215286938105566,-30.12335263122204,6.0215286938105566,4.92647673502641,-0.05416983378295569,0.0289508985245713
1616.0,64.64,1.0,-30.104881098417223,6.109847339692598,-30.104881098417223,6.109847339692598,4.9273499989520575,-0.05738267733657306,0.02291546120193033
1617.0,64.68,1.0,-30.0874303604894,6.198242424091721,-30.0874303604894,6.198242424091721,4.928213887799762,-0.060089588389710215,0.01657464381471342
1618.0,64.72,1.0,-30.06869732023106,6.287819916343511,-30.06869732023106,6.287819916343511,4.929085177434192,-0.06234404480791347,0.0100558474487803
1619.0,64.76,1.0,-30.050715679008942,6.376807271440157,-30.050715679008942,6.376807271440157,4.929983329484331,-0.06421234137652362,0.0034870550134455947
1620.0,64.8,1.0,-30.03252628452092,6.465895917120783,-30.03252628452092,6.465895917120783,4.930928534519094,-0.0657655856403483,-0.00300689600966995
1621.0,64.84,1.0,-30.01485814150852,6.554975503390494,-30.01485814150852,6.554975503390494,4.931942333105643,-0.06707723061007734,-0.009307881318933339
1622.0,64.88,1.0,-29.997464748788293,6.645548438810155,-29.997464748788293,6.645548438810155,4.933047151620718,-0.06822167964511032,-0.0153073843079967
1623.0,64.92,1.0,-29.979392236294473,6.736102990322792,-29.979392236294473,6.736102990322792,4.934264889967503,-0.06927317522009688,-0.020909126192739533
1624.0,64.96000000000001,1.0,-29.96109198715388,6.826982469657828,-29.96109198715388,6.826982469657828,4.935616765327573,-0.07030023710230718,-0.026032386140247794
1625.0,65.0,1.0,-29.942366361063385,6.917583115003927,-29.942366361063385,6.917583115003927,4.937124049077552,-0.07135773972148998,-0.030613744462733333
1626.0,65.04,1.0,-29.9240811161799,7.009048750962508,-29.9240811161799,7.009048750962508,4.938807425477547,-0.07249085640325656,-0.03460731720995922
1627.0,65.08,1.0,-29.90466403373562,7.100718176234963,-29.90466403373562,7.100718176234963,4.94068705834203,-0.07373460163494991,-0.0379841824066829
1628.0,65.12,1.0,-29.88587202503847,7.1926080475782355,-29.88587202503847,7.1926080475782355,4.942778994555173,-0.07511556913252945,-0.04073350535713242
1629.0,65.16,1.0,-29.864965793168913,7.284024375455284,-29.864965793168913,7.284024375455284,4.945096670180247,-0.07664822803487462,-0.042861275090407595
1630.0,65.2,1.0,-29.843639005402366,7.376310987573673,-29.843639005402366,7.376310987573673,4.947647393693235,-0.07833128095048339,-0.04438837960927009
1631.0,65.24,1.0,-29.821788731826764,7.466994444288716,-29.821788731826764,7.466994444288716,4.950434440013512,-0.08015444682013192,-0.04534800253439643
1632.0,65.28,1.0,-29.79946617409315,7.558336526256267,-29.79946617409315,7.558336526256267,4.953454932268395,-0.08209849550286755,-0.045783451468626925
1633.0,65.32000000000001,1.0,-29.776688869557347,7.649980066116887,-29.776688869557347,7.649980066116887,4.956700557118393,-0.08413958651313688,-0.04574559271079541
1634.0,65.36,1.0,-29.753690864479058,7.7416580086397975,-29.753690864479058,7.7416580086397975,4.960159042042056,-0.08624407097996394,-0.04529022313907339
1635.0,65.4,1.0,-29.729756648914503,7.835044838281833,-29.729756648914503,7.835044838281833,4.96381466371203,-0.08837510659464884,-0.044474647285292
1636.0,65.44,1.0,-29.70731951614551,7.928071636335034,-29.70731951614551,7.928071636335034,4.967649526659612,-0.09049779525854669,-0.04335487501028685
1637.0,65.48,1.0,-29.682684023911918,8.022249035341334,-29.682684023911918,8.022249035341334,4.971641714268177,-0.09257714517538988,-0.04198360382397265
1638.0,65.52,1.0,-29.659758855655458,8.115564880905485,-29.659758855655458,8.115564880905485,4.9757675258595935,-0.0945819762739043,-0.04040922458801839
1639.0,65.56,1.0,-29.63589268500757,8.209420335130359,-29.63589268500757,8.209420335130359,4.980001990016485,-0.09648471398790473,-0.038672761350043924
1640.0,65.6,1.0,-29.611621976394996,8.303372666392915,-29.611621976394996,8.303372666392915,4.984320216274597,-0.09826741006357684,-0.03680736211141772
1641.0,65.64,1.0,-29.58561019655695,8.397873444598552,-29.58561019655695,8.397873444598552,4.988699163496615,-0.09992214422744039,-0.034838045555599245
1642.0,65.68,1.0,-29.558839652283684,8.492039525029558,-29.558839652283684,8.492039525029558,4.993117842861909,-0.10144867901552819,-0.03278281769829029
1643.0,65.72,1.0,-29.531596997123778,8.58675547348629,-29.531596997123778,8.58675547348629,4.997559263899429,-0.10285677952952195,-0.03065245069032933
1644.0,65.76,1.0,-29.50429655053275,8.68266537838512,-29.50429655053275,8.68266537838512,5.002010751930679,-0.10416367957490225,-0.028451731770621325
1645.0,65.8,1.0,-29.476225189487582,8.779581613655333,-29.476225189487582,8.779581613655333,5.006463121199289,-0.10540209005706243,-0.026180245262807815
1646.0,65.84,1.0,-29.44740830635262,8.876866063687087,-29.44740830635262,8.876866063687087,5.01090998290763,-0.10661082547434415,-0.023834548500641567
1647.0,65.88,1.0,-29.417666047765614,8.973762990583595,-29.417666047765614,8.973762990583595,5.015345362075128,-0.10783462739453871,-0.02141026427543884
1648.0,65.92,1.0,-29.386847906450875,9.070882630820192,-29.386847906450875,9.070882630820192,5.019767021820611,-0.10912193854155741,-0.018903765810010274
1649.0,65.96000000000001,1.0,-29.355606301963643,9.168162131384559,-29.355606301963643,9.168162131384559,5.024173036816134,-0.11052447325345309,-0.01631314347607505
1650.0,66.0,1.0,-29.323638991096622,9.265035324317248,-29.323638991096622,9.265035324317248,5.0285640921284,-0.11209543107665161,-0.013640380311648822
1651.0,66.04,1.0,-29.290448332926996,9.362568765069364,-29.290448332926996,9.362568765069364,5.032940345204947,-0.11388305217175794,-0.010892464831794539
1652.0,66.08,1.0,-29.256659025886545,9.460619885173,-29.256659025886545,9.460619885173,5.037302958511924,-0.1159336037321115,-0.008082110878743703
1653.0,66.12,1.0,-29.22157025655725,9.558080377961394,-29.22157025655725,9.558080377961394,5.041652246847536,-0.11828531312364318,-0.005227224100307478
1654.0,66.16,1.0,-29.186873143388272,9.656195821146023,-29.186873143388272,9.656195821146023,5.045987540307885,-0.12096703387699312,-0.002351615961002051
1655.0,66.2,1.0,-29.15206098907686,9.753323530322138,-29.15206098907686,9.753323530322138,5.05030555864028,-0.12399592993691937,0.0005160296429940585
1656.0,66.24,1.0,-29.115342377426146,9.852366303427829,-29.115342377426146,9.852366303427829,5.054600472404786,-0.12737190707611074,0.003342485840775443
1657.0,66.28,1.0,-29.079067209311596,9.950557566929932,-29.079067209311596,9.950557566929932,5.058864443848398,-0.13108605239105406,0.006091577306747002
1658.0,66.32000000000001,1.0,-29.042038283596032,10.049178334096755,-29.042038283596032,10.049178334096755,5.063089486200146,-0.13511531030725835,0.008726019318445263
1659.0,66.36,1.0,-29.00422348276056,10.148365911410789,-29.00422348276056,10.148365911410789,5.06726550293674,-0.13942667758969987,0.011209060032743712
1660.0,66.4,1.0,-28.96654798318094,10.247909117143278,-28.96654798318094,10.247909117143278,5.071383251808912,-0.14397192253569138,0.01350565449467948
1661.0,66.44,1.0,-28.92824217806078,10.348175033289607,-28.92824217806078,10.348175033289607,5.075432458520286,-0.14869397701228543,0.015584179983416635
1662.0,66.48,1.0,-28.88946421757384,10.448239408264758,-28.88946421757384,10.448239408264758,5.079404301978945,-0.1535301125888246,0.017418386092367268
1663.0,66.52,1.0,-28.849593091962344,10.549245411223495,-28.849593091962344,10.549245411223495,5.083289025700067,-0.15840890790738216,0.018988587075259376
1664.0,66.56,1.0,-28.809229989151834,10.649001509307599,-28.809229989151834,10.649001509307599,5.087077689876074,-0.1632579224472724,0.0202822192929371
1665.0,66.6,1.0,-28.767605056472558,10.750256342765095,-28.767605056472558,10.750256342765095,5.09076103877786,-0.16800103455120857,0.02129442451707534
1666.0,66.64,1.0,-28.72538428447529,10.851452312783113,-28.72538428447529,10.851452312783113,5.094331445135657,-0.17256641185086902,0.0220279721709771
1667.0,66.68,1.0,-28.683178667492264,10.955060019305023,-28.683178667492264,10.955060019305023,5.097784311281404,-0.17688499959000428,0.02249317955638316
1668.0,66.72,1.0,-28.640075332160073,11.05934261359677,-28.640075332160073,11.05934261359677,5.101117455211709,-0.18089171789151043,0.022707261993002485
1669.0,66.76,1.0,-28.597276573827315,11.163832012487749,-28.597276573827315,11.163832012487749,5.10433145684055,-0.1845294682915785,0.022692821276323986
1670.0,66.8,1.0,-28.55329195646208,11.269159761711267,-28.55329195646208,11.269159761711267,5.107429463754473,-0.18774976405564345,0.022476272672770605
1671.0,66.84,1.0,-28.510443260264747,11.374520869623588,-28.510443260264747,11.374520869623588,5.110416313815639,-0.1905188012422099,0.02208661529924173
1672.0,66.88,1.0,-28.466240681496906,11.480688051549853,-28.466240681496906,11.480688051549853,5.113298706448194,-0.19280912526705146,0.02155414058426581
1673.0,66.92,1.0,-28.421230665443723,11.588173713266679,-28.421230665443723,11.588173713266679,5.11608458332106,-0.19460372178790028,0.02090815078113072
1674.0,66.96000000000001,1.0,-28.373914691686934,11.696327736210426,-28.373914691686934,11.696327736210426,5.118784006166211,-0.19589534212789808,0.020175585493452938
1675.0,67.0,1.0,-28.325846830971308,11.806464492006297,-28.325846830971308,11.806464492006297,5.121408851266209,-0.19668499529928146,0.019379492411473465
1676.0,67.04,1.0,-28.277159055805402,11.915797793400248,-28.277159055805402,11.915797793400248,5.123973663247125,-0.19698487081794172,0.01853831692044213
1677.0,67.08,1.0,-28.22789754643035,12.026444814655532,-28.22789754643035,12.026444814655532,5.126494927631604,-0.1968112093223393,0.017664883030600275
1678.0,67.12,1.0,-28.177316260862646,12.137606497860862,-28.177316260862646,12.137606497860862,5.128988378998391,-0.1961903099906548,0.0167659334092036
1679.0,67.16,1.0,-28.126801628904957,12.249249035300116,-28.126801628904957,12.249249035300116,5.131469929611672,-0.19515041519924256,0.015841943000754873
1680.0,67.2,1.0,-28.075355348579563,12.361219667377346,-28.075355348579563,12.361219667377346,5.133952981046291,-0.19372605408568627,0.014888106374547466
1681.0,67.24,1.0,-28.024207004466405,12.47326195667522,-28.024207004466405,12.47326195667522,5.1364498787056485,-0.19195026895733996,0.013895297843528234
1682.0,67.28,1.0,-27.97262305060615,12.586704903692448,-27.97262305060615,12.586704903692448,5.138970495103626,-0.18985517345318711,0.012851013456147156
1683.0,67.32000000000001,1.0,-27.921503164231137,12.700398497427539,-27.921503164231137,12.700398497427539,5.141523418765145,-0.18747322876796443,0.01174006229924891
1684.0,67.36,1.0,-27.86790977118742,12.816218339849794,-27.86790977118742,12.816218339849794,5.144114935645181,-0.18483125035875764,0.01054666904547922
1685.0,67.4,1.0,-27.814739753561366,12.931470722288747,-27.814739753561366,12.931470722288747,5.146749976399247,-0.1819534187099828,0.009255997424984558
1686.0,67.44,1.0,-27.760957448961694,13.048381278349439,-27.760957448961694,13.048381278349439,5.149431033105748,-0.17886015410139916,0.007856062716181767
1687.0,67.48,1.0,-27.70647462217684,13.16491206923396,-27.70647462217684,13.16491206923396,5.152157947770125,-0.1755692106866933,0.0063388226168509185
1688.0,67.52,1.0,-27.652198318011575,13.281737018007586,-27.652198318011575,13.281737018007586,5.154927527627879,-0.1720950667099663,0.004701596319918828
1689.0,67.56,1.0,-27.596410488945423,13.400083862369375,-27.596410488945423,13.400083862369375,5.157735470305631,-0.16844603581674528,0.0029480291067037812
1690.0,67.6,1.0,-27.539819854200793,13.519313138459088,-27.539819854200793,13.519313138459088,5.160575872828694,-0.16463116691502205,0.0010888071314740174
1691.0,67.64,1.0,-27.48220109818751,13.639544550146178,-27.48220109818751,13.639544550146178,5.163444024185484,-0.160652590152833,-0.000858514445187019
1692.0,67.68,1.0,-27.423916165221094,13.760131069216945,-27.423916165221094,13.760131069216945,5.166335156539089,-0.15651302603271028,-0.002869690634239358
1693.0,67.72,1.0,-27.36643264656816,13.881454594686357,-27.36643264656816,13.881454594686357,5.169246632406638,-0.15220897145876405,-0.004914151428624531
1694.0,67.76,1.0,-27.30933055551086,14.002974166593074,-27.30933055551086,14.002974166593074,5.172176558809275,-0.14773834932716773,-0.006955644422217269
1695.0,67.8,1.0,-27.25179136535179,14.12393690459199,-27.25179136535179,14.12393690459199,5.175125240688796,-0.14310176826590498,-0.008953934830452946
1696.0,67.84,1.0,-27.193519790864976,14.245347356955037,-27.193519790864976,14.245347356955037,5.178093535446275,-0.13830147156393233,-0.010866601745346816
1697.0,67.88,1.0,-27.1338269203219,14.366560035492503,-27.1338269203219,14.366560035492503,5.181083672890782,-0.1333391217731206,-0.012651011262569609
1698.0,67.92,1.0,-27.07366239841307,14.48854700114949,-27.07366239841307,14.48854700114949,5.184099408344197,-0.12821714415428392,-0.014265957775533624
1699.0,67.96000000000001,1.0,-27.011790868301023,14.610271643778006,-27.011790868301023,14.610271643778006,5.187145995934638,-0.12294480347066675,-0.015673608752906472
1700.0,68.0,1.0,-26.949875423394268,14.732999218034186,-26.949875423394268,14.732999218034186,5.19023029535434,-0.11753636928341771,-0.0168413401176386
1701.0,68.04,1.0,-26.886951315248655,14.85613615354517,-26.886951315248655,14.85613615354517,5.193360270451386,-0.11200653334142266,-0.017743479102835823
1702.0,68.08,1.0,-26.823254980605164,14.98007708103555,-26.823254980605164,14.98007708103555,5.196544411280918,-0.10637296887838418,-0.01836264007017879
1703.0,68.12,1.0,-26.75777971035771,15.104371438609473,-26.75777971035771,15.104371438609473,5.199791589464937,-0.10065635279666899,-0.018690592425525118
1704.0,68.16,1.0,-26.693246485700364,15.228335734685889,-26.693246485700364,15.228335734685889,5.203109752775176,-0.09488923440691785,-0.018729182508882135
1705.0,68.2,1.0,-26.627492907257402,15.351646643442137,-26.627492907257402,15.351646643442137,5.2065056293562835,-0.08910545011691319,-0.018490204019960443
1706.0,68.24,1.0,-26.561288760237925,15.47488859449931,-26.561288760237925,15.47488859449931,5.209984162019046,-0.08334307331748489,-0.01799515482081494
1707.0,68.28,1.0,-26.493021698195935,15.598791146114939,-26.493021698195935,15.598791146114939,5.213549022047134,-0.07764362056622011,-0.017274318285464038
1708.0,68.32000000000001,1.0,-26.423337207604845,15.723785102753883,-26.423337207604845,15.723785102753883,5.217202534480636,-0.07205834885623782,-0.016365796734220943
1709.0,68.36,1.0,-26.35354612056846,15.847667255663623,-26.35354612056846,15.847667255663623,5.22094551829381,-0.06664089754697838,-0.015314064535568859
1710.0,68.4,1.0,-26.283658662602512,15.971347179236535,-26.283658662602512,15.971347179236535,5.22477801074445,-0.06144039284700421,-0.014168160329885608
1711.0,68.44,1.0,-26.213384146564977,16.09473255208752,-26.213384146564977,16.09473255208752,5.228698313348849,-0.056504825011673296,-0.012979566958248322
1712.0,68.48,1.0,-26.143018317527698,16.2184202553463,-26.143018317527698,16.2184202553463,5.232703790413112,-0.05188459023979212,-0.011799892850247734
1713.0,68.52,1.0,-26.071950372209727,16.340911302468506,-26.071950372209727,16.340911302468506,5.236789568564737,-0.04763327500937997,-0.010678485897640737
1714.0,68.56,1.0,-26.00107104184416,16.46298576692275,-26.00107104184416,16.46298576692275,5.240949418079186,-0.04380255935275482,-0.009660548193228091
1715.0,68.60000000000001,1.0,-25.929050607389264,16.585031987881617,-25.929050607389264,16.585031987881617,5.245175523039861,-0.04043382035678785,-0.008785089897497806
1716.0,68.64,1.0,-25.85718258955967,16.706943500110757,-25.85718258955967,16.706943500110757,5.249460181260341,-0.03756678747425886,-0.008083613063336947
1717.0,68.68,1.0,-25.784387235504802,16.829125856937566,-25.784387235504802,16.829125856937566,5.253795127986015,-0.035235382842463116,-0.00757851936135704
1718.0,68.72,1.0,-25.71063006627758,16.95144729881426,-25.71063006627758,16.95144729881426,5.258172431412264,-0.03346480447321045,-0.007282270639562614
1719.0,68.76,1.0,-25.636931229617325,17.07412299841399,-25.636931229617325,17.07412299841399,5.262584402536757,-0.0322612924472042,-0.007196546045492751
1720.0,68.8,1.0,-25.561828981060103,17.196629612185,-25.561828981060103,17.196629612185,5.267023996469769,-0.03161921774125627,-0.007312449760618506
1721.0,68.84,1.0,-25.4871584732484,17.31900808449,-25.4871584732484,17.31900808449,5.271484068125857,-0.031525050939489596,-0.007610598916359903
1722.0,68.88,1.0,-25.411860474648286,17.44071568198599,-25.411860474648286,17.44071568198599,5.275957844883413,-0.03195438701092197,-0.008061880467195583
1723.0,68.92,1.0,-25.336859352442893,17.56156026175315,-25.336859352442893,17.56156026175315,5.280438321631764,-0.032867952108529386,-0.008628641456211648
1724.0,68.96000000000001,1.0,-25.260179172350036,17.682034290252457,-25.260179172350036,17.682034290252457,5.284919293044817,-0.03421037768554212,-0.009266520252844388
1725.0,69.0,1.0,-25.184167593119618,17.80287728210188,-25.184167593119618,17.80287728210188,5.289394976271881,-0.03591704234019373,-0.009926254525178448
1726.0,69.04,1.0,-25.106650831730892,17.922947123079496,-25.106650831730892,17.922947123079496,5.293860658251816,-0.037917384921076804,-0.010555481200281007
1727.0,69.08,1.0,-25.029572736861073,18.04207023004097,-25.029572736861073,18.04207023004097,5.298311748167741,-0.04012918546465445,-0.011101002673734447
1728.0,69.12,1.0,-24.951919294346503,18.160466521319307,-24.951919294346503,18.160466521319307,5.302744844586795,-0.04245885439666887,-0.011511188101077666
1729.0,69.16,1.0,-24.872925169379855,18.278648624591284,-24.872925169379855,18.278648624591284,5.307157148430373,-0.044808265051580254,-0.011738107297090532
1730.0,69.2,1.0,-24.79347927176505,18.39773060710531,-24.79347927176505,18.39773060710531,5.3115465712894885,-0.04708415099580352,-0.011739608318080285
1731.0,69.24,1.0,-24.713021988566723,18.515912705923725,-24.713021988566723,18.515912705923725,5.315911172041563,-0.04919338033100873,-0.011480910446720295
1732.0,69.28,1.0,-24.631912518404626,18.633770222711696,-24.631912518404626,18.633770222711696,5.320249541252248,-0.051044298748569736,-0.01093663236585316
1733.0,69.32000000000001,1.0,-24.549712744047266,18.750634052976142,-24.549712744047266,18.750634052976142,5.324560727171123,-0.052549878438275174,-0.010092421648823695
1734.0,69.36,1.0,-24.466269894263228,18.868580735216433,-24.466269894263228,18.868580735216433,5.328845062228401,-0.053633987747851344,-0.008946067417156398
1735.0,69.4,1.0,-24.382281144214208,18.985751999994047,-24.382281144214208,18.985751999994047,5.333104202423866,-0.05423321888499814,-0.007507647966534569
1736.0,69.44,1.0,-24.29639482448415,19.10384441541698,-24.29639482448415,19.10384441541698,5.3373408892090035,-0.054290020290138165,-0.005799795620056078
1737.0,69.48,1.0,-24.209803171028863,19.221061962891444,-24.209803171028863,19.221061962891444,5.341559558981112,-0.053755472970715146,-0.003857823323464356
1738.0,69.52,1.0,-24.12281841839455,19.338334950744915,-24.12281841839455,19.338334950744915,5.345765859560663,-0.05259478625513503,-0.0017288157561861513
1739.0,69.56,1.0,-24.03498463602124,19.45542474863876,-24.03498463602124,19.45542474863876,5.3499666571144076,-0.050794739549382927,0.0005299024640197578
1740.0,69.60000000000001,1.0,-23.94662501587779,19.57162515510524,-23.94662501587779,19.57162515510524,5.354168904256845,-0.04835571395033127,0.00285250804121324
1741.0,69.64,1.0,-23.856853449500562,19.688881740120017,-23.856853449500562,19.688881740120017,5.358380084397973,-0.045290018754749785,0.005166277993386562
1742.0,69.68,1.0,-23.76557784100904,19.805077512244996,-23.76557784100904,19.805077512244996,5.362607395594095,-0.0416270444869962,0.0073939158381237215
1743.0,69.72,1.0,-23.673957124819527,19.92214503649523,-23.673957124819527,19.92214503649523,5.366858386237666,-0.03741209234205185,0.009456219395448795
1744.0,69.76,1.0,-23.582178931856266,20.037510410249098,-23.582178931856266,20.037510410249098,5.371140291114743,-0.03270174487670121,0.01127517057570176
1745.0,69.8,1.0,-23.48907067567412,20.153994598016556,-23.48907067567412,20.153994598016556,5.375459296419725,-0.02755796236115273,0.012776699284970949
1746.0,69.84,1.0,-23.395476209105965,20.2703347817373,-23.395476209105965,20.2703347817373,5.379820183957911,-0.022047278859462182,0.013892949383426514
1747.0,69.88,1.0,-23.30173383246805,20.386824576820466,-23.30173383246805,20.386824576820466,5.3842267700302475,-0.01624579925912193,0.01456535669206957
1748.0,69.92,1.0,-23.20843406649505,20.502240925399708,-23.20843406649505,20.502240925399708,5.388680427320231,-0.010235403821672994,0.01474753863955187
1749.0,69.96000000000001,1.0,-23.11578522439458,20.617346843404352,-23.11578522439458,20.617346843404352,5.393180899644013,-0.004097198782856993,0.014407600352041878
1750.0,70.0,1.0,-23.022497453906503,20.73085378442339,-23.022497453906503,20.73085378442339,5.397725172256578,0.0020966608137762298,0.013529081498243728
1751.0,70.04,1.0,-22.928925049581473,20.845858973902764,-22.928925049581473,20.845858973902764,5.402309805242754,0.008275039740999534,0.012112070142736433
1752.0,70.08,1.0,-22.834413632062066,20.9596000861731,-22.834413632062066,20.9596000861731,5.406929458193802,0.014368912818026946,0.01017418476080072
1753.0,70.12,1.0,-22.739402555845782,21.074761814808035,-22.739402555845782,21.074761814808035,5.411579720549532,0.0203192476212977,0.0077507446104289725
1754.0,70.16,1.0,-22.644436939746456,21.18882822484101,-22.644436939746456,21.18882822484101,5.416255178289493,0.02608181982872959,0.004893936262025858
1755.0,70.2,1.0,-22.549094998932276,21.3035784617842,-22.549094998932276,21.3035784617842,5.420951562676982,0.03162106466529778,0.001671216428350257
1756.0,70.24,1.0,-22.45362861317854,21.41896094466351,-22.45362861317854,21.41896094466351,5.4256656845015545,0.03690881279774151,-0.0018363757267421104
1757.0,70.28,1.0,-22.35842650157564,21.53381794746734,-22.35842650157564,21.53381794746734,5.430395734540392,0.04192492840015195,-0.005536174444355073
1758.0,70.32000000000001,1.0,-22.263741667941442,21.64751159325808,-22.263741667941442,21.64751159325808,5.435141075553095,0.04666271681909947,-0.009327184667567592
1759.0,70.36,1.0,-22.167644840815754,21.7597752134165,-22.167644840815754,21.7597752134165,5.43990270923797,0.05112540016272397,-0.013103761271081343
1760.0,70.4,1.0,-22.072962488570425,21.871445343191994,-22.072962488570425,21.871445343191994,5.444683724561879,0.0553211373628397,-0.01675950370641634
1761.0,70.44,1.0,-21.97718831351725,21.98132431687139,-21.97718831351725,21.98132431687139,5.449489534904713,0.05925991113590521,-0.020189891783215144
1762.0,70.48,1.0,-21.88267049814879,22.09177628233818,-21.88267049814879,22.09177628233818,5.454326829651478,0.06296133082093791,-0.023296199990597406
1763.0,70.52,1.0,-21.785762083815932,22.19984316759902,-21.785762083815932,22.19984316759902,5.459204664050653,0.06645514171101687,-0.025989069232512995
1764.0,70.56,1.0,-21.688023379938468,22.308289084458245,-21.688023379938468,22.308289084458245,5.46413194579265,0.06977136790127024,-0.028192446951628945
1765.0,70.60000000000001,1.0,-21.589670688390353,22.414080202660113,-21.589670688390353,22.414080202660113,5.469119304200275,0.07293300490817545,-0.029845560166520197
1766.0,70.64,1.0,-21.491366451269776,22.51947635222493,-21.491366451269776,22.51947635222493,5.474176253433897,0.07596242093779434,-0.030904761936081222
1767.0,70.68,1.0,-21.39230602538103,22.62265504837756,-21.39230602538103,22.62265504837756,5.479311198744215,0.07888168050441806,-0.03134512841811931
1768.0,70.72,1.0,-21.29196950004212,22.72723942247915,-21.29196950004212,22.72723942247915,5.484531484149861,0.08170896038227826,-0.03116189179484128
1769.0,70.76,1.0,-21.190573239385532,22.830151667832943,-21.190573239385532,22.830151667832943,5.489842754569513,0.08445225117352483,-0.03037011630744606
1770.0,70.8,1.0,-21.08876022673622,22.933621676056127,-21.08876022673622,22.933621676056127,5.495250028608893,0.08711091953780112,-0.02900361979563651
1771.0,70.84,1.0,-20.986596385305766,23.034121498479315,-20.986596385305766,23.034121498479315,5.500755136993137,0.08967740582577285,-0.027113221966059354
1772.0,70.88,1.0,-20.88441193450627,23.135322748567788,-20.88441193450627,23.135322748567788,5.506358852671804,0.09214106190893083,-0.02476556539648727
1773.0,70.92,1.0,-20.781583237460033,23.234399782669172,-20.781583237460033,23.234399782669172,5.512058296835783,0.09447712687303964,-0.022040100026702064
1774.0,70.96000000000001,1.0,-20.67873273646608,23.333449186128593,-20.67873273646608,23.333449186128593,5.517847945066123,0.09665157442709718,-0.019025818726158168
1775.0,71.0,1.0,-20.575338827385004,23.43063019760307,-20.575338827385004,23.43063019760307,5.5237194639023075,0.09862582247479325,-0.015816712529116324
1776.0,71.04,1.0,-20.471610004308232,23.525729621783647,-20.471610004308232,23.525729621783647,5.529661157069053,0.10036324630503972,-0.012509239215113058
1777.0,71.08,1.0,-20.367061407933733,23.619906017975605,-20.367061407933733,23.619906017975605,5.535659361162063,0.1018194567295239,-0.009198935086912458
1778.0,71.12,1.0,-20.263159008003477,23.71326219976699,-20.263159008003477,23.71326219976699,5.541699577159472,0.10294258483637035,-0.005976831235178837
1779.0,71.16,1.0,-20.158978239760184,23.806940901313403,-20.158978239760184,23.806940901313403,5.547765767042564,0.10368160350427688,-0.0029251837606039137
1780.0,71.2,1.0,-20.05423195243138,23.89904376794497,-20.05423195243138,23.89904376794497,5.553841604018597,0.10399103707684546,-0.00011521113386323626
1781.0,71.24,1.0,-19.949102108613463,23.99045810162366,-19.949102108613463,23.99045810162366,5.559909362783754,0.10383483884836889,0.0023947013456275127
1782.0,71.28,1.0,-19.843636590346357,24.080551794549688,-19.843636590346357,24.080551794549688,5.565953042092769,0.10318511918531006,0.004560672755788531
1783.0,71.32000000000001,1.0,-19.739548803872992,24.169828073055022,-19.739548803872992,24.169828073055022,5.571955011865524,0.10201668507148773,0.006354885373257288
1784.0,71.36,1.0,-19.63595685235795,24.258697797253,-19.63595685235795,24.258697797253,5.577900746632209,0.10032039848529509,0.007765861951053202
1785.0,71.4,1.0,-19.53198382600686,24.34658472086423,-19.53198382600686,24.34658472086423,5.5837766648488,0.09809916524572139,0.00879764394507992
1786.0,71.44,1.0,-19.427826163159644,24.433766911053915,-19.427826163159644,24.433766911053915,5.589572443714988,0.09536870821553466,0.009467755499628621
1787.0,71.48,1.0,-19.32320671943663,24.520834764900997,-19.32320671943663,24.520834764900997,5.5952807812512,0.09215152405130554,0.009806486094154868
1788.0,71.52,1.0,-19.219331567068977,24.606530029068463,-19.219331567068977,24.606530029068463,5.600898051703214,0.08849106385642526,0.009855182982951138
1789.0,71.56,1.0,-19.115258688303207,24.69279796057492,-19.115258688303207,24.69279796057492,5.606422975237469,0.08444386192966158,0.009663285852478365
1790.0,71.60000000000001,1.0,-19.011863253362566,24.776780889938955,-19.011863253362566,24.776780889938955,5.611857407829836,0.08007579010884844,0.00928441903884567
1791.0,71.64,1.0,-18.908154560211266,24.861645868100663,-18.908154560211266,24.861645868100663,5.617206033385306,0.07545721776955776,0.008774291547951622
1792.0,71.68,1.0,-18.804427519702426,24.942324302943838,-18.804427519702426,24.942324302943838,5.622476345936396,0.07066225842207743,0.008188651654189716
1793.0,71.72,1.0,-18.699897600210015,25.023916593080326,-18.699897600210015,25.023916593080326,5.627677406542758,0.06576949483922359,0.007580066601414274
1794.0,71.76,1.0,-18.594190993425226,25.103553467027126,-18.594190993425226,25.103553467027126,5.6328216343521555,0.06086301860209783,0.0069951449487740125
1795.0,71.8,1.0,-18.487058176194804,25.18289900577541,-18.487058176194804,25.18289900577541,5.637921214451809,0.05602448668778724,0.006472335713720567
1796.0,71.84,1.0,-18.382000027389275,25.260804257234813,-18.382000027389275,25.260804257234813,5.642989791045116,0.051323051891239105,0.00604104703795425
1797.0,71.88,1.0,-18.275864088349394,25.3388553669124,-18.275864088349394,25.3388553669124,5.648040237668762,0.04682130176817591,0.00572108740611003
1798.0,71.92,1.0,-18.169247952656395,25.413868173977527,-18.169247952656395,25.413868173977527,5.653084494017994,0.04257741084388298,0.00552196688467891
1799.0,71.96000000000001,1.0,-18.062620001583603,25.48905075046182,-18.062620001583603,25.48905075046182,5.65813275838539,0.038633891477431015,0.005442038623010695
1800.0,72.0,1.0,-17.954273080618087,25.566411488010424,-17.954273080618087,25.566411488010424,5.663193914580574,0.03502588329211113,0.0054701058801205574
1801.0,72.04,1.0,-17.847358416698363,25.643163429582984,-17.847358416698363,25.643163429582984,5.668275006433038,0.03177485775904263,0.0055873997945281115
1802.0,72.08,1.0,-17.739382907229498,25.718053300795724,-17.739382907229498,25.718053300795724,5.673379934689891,0.02889361935733392,0.0057682925006869714
1803.0,72.12,1.0,-17.63056609754331,25.7934367158567,-17.63056609754331,25.7934367158567,5.678510696624722,0.026382321115233354,0.005981121754069363
1804.0,72.16,1.0,-17.522252200263598,25.868248140220828,-17.522252200263598,25.868248140220828,5.683666868171287,0.024230729495431192,0.006191251861669177
1805.0,72.2,1.0,-17.412611794831935,25.94182211887317,-17.412611794831935,25.94182211887317,5.688845566581143,0.022417028186167552,0.006363650856522107
1806.0,72.24,1.0,-17.302771837411566,26.015550851876174,-17.302771837411566,26.015550851876174,5.694043501584714,0.02091051829143743,0.006465095254705515
1807.0,72.28,1.0,-17.19287596486135,26.088881419862265,-17.19287596486135,26.088881419862265,5.699255930483211,0.019686228135550588,0.006465358701644082
1808.0,72.32000000000001,1.0,-17.082409256368077,26.160270138114516,-17.082409256368077,26.160270138114516,5.7044773146899175,0.018713547610485715,0.006339222039397507
1809.0,72.36,1.0,-16.971662497598537,26.231113787267883,-16.971662497598537,26.231113787267883,5.709702669235283,0.01795965954539953,0.006067784762084987
1810.0,72.4,1.0,-16.85956458601793,26.301878045458125,-16.85956458601793,26.301878045458125,5.714926981559296,0.017392234915479688,0.005640918435966423
1811.0,72.44,1.0,-16.748561408168495,26.371417038768595,-16.748561408168495,26.371417038768595,5.720145156740336,0.01698376242766656,0.0050569202016246175
1812.0,72.48,1.0,-16.636707222233486,26.443069794350855,-16.636707222233486,26.443069794350855,5.72535173563384,0.016712412365899553,0.004322196468554
1813.0,72.52,1.0,-16.526263153178192,26.512564316161082,-16.526263153178192,26.512564316161082,5.730543517429027,0.01656370959555441,0.003451544346800351
1814.0,72.56,1.0,-16.415225993525755,26.582189591475803,-16.415225993525755,26.582189591475803,5.735717436260206,0.016527441193340688,0.0024686619528024403
1815.0,72.60000000000001,1.0,-16.305805337436393,26.650054821779996,-16.305805337436393,26.650054821779996,5.740871796528014,0.016595963585836558,0.0014039497904463315
1816.0,72.64,1.0,-16.193660808206815,26.717489190329974,-16.193660808206815,26.717489190329974,5.746006246956001,0.01677364413710678,0.0002931042927603003
1817.0,72.68,1.0,-16.082998081583085,26.783948254686457,-16.082998081583085,26.783948254686457,5.751120638070825,0.017071177931734783,-0.0008241236193197159
1818.0,72.72,1.0,-15.969681074786333,26.852553279367232,-15.969681074786333,26.852553279367232,5.756215225619019,0.017496936983810617,-0.0019047708124071683
1819.0,72.76,1.0,-15.8569891231139,26.920139972197244,-15.8569891231139,26.920139972197244,5.761291330210378,0.018062443509340543,-0.002904774644526876
1820.0,72.8,1.0,-15.744508779678466,26.9840373246707,-15.744508779678466,26.9840373246707,5.766348825681025,0.018778841647569256,-0.003780723393094743
1821.0,72.84,1.0,-15.630014840712732,27.04835155709089,-15.630014840712732,27.04835155709089,5.771387724868538,0.019660293321596745,-0.00449256865321287
1822.0,72.88,1.0,-15.515227721128033,27.111695740174735,-15.515227721128033,27.111695740174735,5.776407841422687,0.02071100461870031,-0.005004407418507911
1823.0,72.92,1.0,-15.400968201577175,27.175453762528072,-15.400968201577175,27.175453762528072,5.781410084188129,0.021933382862261996,-0.005285164926913927
1824.0,72.96000000000001,1.0,-15.285331021706465,27.23736939158049,-15.285331021706465,27.23736939158049,5.786393286540776,0.023319156199993106,-0.005309838086887455
1825.0,73.0,1.0,-15.171223973619865,27.300863288271536,-15.171223973619865,27.300863288271536,5.791356545706433,0.024857537114649185,-0.005061385178060226
1826.0,73.04,1.0,-15.055905321944715,27.3617044817773,-15.055905321944715,27.3617044817773,5.796297232051713,0.026532088234959395,-0.0045301499146434025
1827.0,73.08,1.0,-14.940415898651242,27.42268033725435,-14.940415898651242,27.42268033725435,5.80121172724138,0.02831120573549989,-0.003714142633114921
1828.0,73.12,1.0,-14.824480775853413,27.482663961455422,-14.824480775853413,27.482663961455422,5.806095324435893,0.030153148129259587,-0.002619402608749128
1829.0,73.16,1.0,-14.707692873590156,27.542359530225713,-14.707692873590156,27.542359530225713,5.810942281032648,0.032013708381989914,-0.0012601110073782774
1830.0,73.2,1.0,-14.591707376624772,27.600014581265167,-14.591707376624772,27.600014581265167,5.815745016041492,0.033845356705285254,0.00034218818836221525
1831.0,73.24,1.0,-14.474143885633799,27.656912362113225,-14.474143885633799,27.656912362113225,5.820496802838447,0.035594143097897844,0.0021592670098238807
1832.0,73.28,1.0,-14.357962199134576,27.713210557434742,-14.357962199134576,27.713210557434742,5.825190940093574,0.03720024926502633,0.004157592771396419
1833.0,73.32000000000001,1.0,-14.239910872434658,27.768405325532918,-14.239910872434658,27.768405325532918,5.829821202929292,0.03860618231856776,0.006298956424452997
1834.0,73.36,1.0,-14.122906632994937,27.823702830545603,-14.122906632994937,27.823702830545603,5.834381329762467,0.03975497284914157,0.0085407215460543
1835.0,73.4,1.0,-14.004862032217323,27.87907533206581,-14.004862032217323,27.87907533206581,5.83886678263065,0.040597638621441404,0.010837142384573898
1836.0,73.44,1.0,-13.887767281550111,27.934354539063907,-13.887767281550111,27.934354539063907,5.84327318635205,0.041086081020315426,0.013141157031772547
1837.0,73.48,1.0,-13.770333278702784,27.98750221119341,-13.770333278702784,27.98750221119341,5.847597775934418,0.04118140194968193,0.015404805696623067
1838.0,73.52,1.0,-13.65467856113384,28.040107927299896,-13.65467856113384,28.040107927299896,5.851838687672154,0.04085509326920726,0.017579801507944786
1839.0,73.56,1.0,-13.537991591319422,28.091026734636284,-13.537991591319422,28.091026734636284,5.8559950083559915,0.040091633034924565,0.01961880878919526
1840.0,73.60000000000001,1.0,-13.42069931119716,28.143385574196362,-13.42069931119716,28.143385574196362,5.860068249408476,0.03888309432891636,0.021476265280887023
1841.0,73.64,1.0,-13.304720817739014,28.193631307444775,-13.304720817739014,28.193631307444775,5.864062402123638,0.037228780167048524,0.023108956682498315
1842.0,73.68,1.0,-13.187541581290741,28.245277474203903,-13.187541581290741,28.245277474203903,5.867982965613369,0.03514499781672259,0.02447710662923428
1843.0,73.72,1.0,-13.070044852594856,28.294252813261153,-13.070044852594856,28.294252813261153,5.871835634539232,0.03265871856570888,0.025544775974325945
1844.0,73.76,1.0,-12.952670253993677,28.343697828745473,-12.952670253993677,28.343697828745473,5.875627607268187,0.029809989416619276,0.02628049626722472
1845.0,73.8,1.0,-12.83488810055512,28.391349067481126,-12.83488810055512,28.391349067481126,5.879366154234009,0.026646238292556433,0.026658404450091527
1846.0,73.84,1.0,-12.718196330469544,28.43953322801944,-12.718196330469544,28.43953322801944,5.883058980870951,0.02322260160421665,0.026658727127064234
1847.0,73.88,1.0,-12.602047323191904,28.486760734643486,-12.602047323191904,28.486760734643486,5.88671372238627,0.01960451102458003,0.02626787924348765
1848.0,73.92,1.0,-12.485428417212658,28.53447889784585,-12.485428417212658,28.53447889784585,5.890339124876762,0.015862674140098232,0.02547901274432419
1849.0,73.96000000000001,1.0,-12.370037151322558,28.58092322916512,-12.370037151322558,28.58092322916512,5.893943448926382,0.01207088187714117,0.02429282794737323
1850.0,74.0,1.0,-12.253591360118374,28.629063039989255,-12.253591360118374,28.629063039989255,5.897536656561263,0.008302875970283641,0.0227175728391153
1851.0,74.04,1.0,-12.137619544480582,28.67685029462084,-12.137619544480582,28.67685029462084,5.901127038732832,0.004632958075483107,0.020769425645238666
1852.0,74.08,1.0,-12.021114023422674,28.724494626250237,-12.021114023422674,28.724494626250237,5.904722209983077,0.0011365654911445811,0.0184725999933579
1853.0,74.12,1.0,-11.904844488477929,28.77215386176374,-11.904844488477929,28.77215386176374,5.9083278477470405,-0.002117830749978411,0.015858832888795103
1854.0,74.16,1.0,-11.787365764223924,28.818792162769615,-11.787365764223924,28.818792162769615,5.911950191916377,-0.005066766591846861,0.012967347268537164
1855.0,74.2,1.0,-11.67039893623711,28.865447432477158,-11.67039893623711,28.865447432477158,5.915593650027949,-0.007660592188939519,0.009844594421157139
1856.0,74.24,1.0,-11.552293467569182,28.910897800092187,-11.552293467569182,28.910897800092187,5.91926249308918,-0.009856085161533846,0.0065434629152251985
1857.0,74.28,1.0,-11.434490526028476,28.957156587461917,-11.434490526028476,28.957156587461917,5.922960479319674,-0.011624627587432889,0.003121960973262714
1858.0,74.32000000000001,1.0,-11.31503162550102,29.002708429117824,-11.31503162550102,29.002708429117824,5.926691965380625,-0.01294620244465915,-0.0003573468459901714
1859.0,74.36,1.0,-11.19595826007599,29.048627926556822,-11.19595826007599,29.048627926556822,5.9304601188014505,-0.013816787893678661,-0.0038286130194418165
1860.0,74.4,1.0,-11.077222016929106,29.09300869349251,-11.077222016929106,29.09300869349251,5.934268417389605,-0.014239983754349417,-0.007223761573267642
1861.0,74.44,1.0,-10.95745157650664,29.138086724737132,-10.95745157650664,29.138086724737132,5.938117829679725,-0.014230737245546576,-0.01047421463070863
1862.0,74.48,1.0,-10.839499522325477,29.181487634685045,-10.839499522325477,29.181487634685045,5.942009627373381,-0.01381497497228661,-0.013512732406822917
1863.0,74.52,1.0,-10.719934753222956,29.226481750272427,-10.719934753222956,29.226481750272427,5.9459441704258875,-0.013029863232801541,-0.016275045371267623
1864.0,74.56,1.0,-10.601477214917903,29.26987887098512,-10.601477214917903,29.26987887098512,5.949922105911193,-0.011921847701153843,-0.018700894240948028
1865.0,74.60000000000001,1.0,-10.48148399012487,29.31414942328351,-10.48148399012487,29.31414942328351,5.953942975957317,-0.010544048994548583,-0.020735945241460725
1866.0,74.64,1.0,-10.361110717511394,29.35660726939372,-10.361110717511394,29.35660726939372,5.958006113820575,-0.008949352671459155,-0.022333761469838766
1867.0,74.68,1.0,-10.239234881685068,29.39999490643728,-10.239234881685068,29.39999490643728,5.962110923459705,-0.007195797136791948,-0.023457166807327456
1868.0,74.72,1.0,-10.11752028226994,29.440794738322573,-10.11752028226994,29.440794738322573,5.966254901369238,-0.005339984852733348,-0.02407867205074028
1869.0,74.76,1.0,-9.99481822450025,29.483373532538884,-9.99481822450025,29.483373532538884,5.970435259704223,-0.0034412362414700027,-0.024181924326712595
1870.0,74.8,1.0,-9.87272040660336,29.521732242918667,-9.87272040660336,29.521732242918667,5.974647280490716,-0.0015490041412734468,-0.023762188345681036
1871.0,74.84,1.0,-9.74937403617397,29.56037433872383,-9.74937403617397,29.56037433872383,5.978886381518305,0.00029004562693306645,-0.022827493939959212
1872.0,74.88,1.0,-9.62656265241526,29.597255732279926,-9.62656265241526,29.597255732279926,5.983147959358474,0.0020377461842561173,-0.021397880874889953
1873.0,74.92,1.0,-9.503393089798612,29.635234427234064,-9.503393089798612,29.635234427234064,5.987427730099972,0.003663427946485542,-0.019505013111800622
1874.0,74.96000000000001,1.0,-9.382282667276975,29.67029638756418,-9.382282667276975,29.67029638756418,5.991721247711753,0.005143963307737498,-0.017191456628977992
1875.0,75.0,1.0,-9.259360694428683,29.70545977512745,-9.259360694428683,29.70545977512745,5.996024114745481,0.006465193089616306,-0.014510963263652204
1876.0,75.04,1.0,-9.138478462597524,29.73995012757583,-9.138478462597524,29.73995012757583,6.000331959470711,0.007621222215511802,-0.011526640734947795
1877.0,75.08,1.0,-9.015931434914878,29.77442588626356,-9.015931434914878,29.77442588626356,6.004640735868624,0.008614493100103182,-0.008308744513745022
1878.0,75.12,1.0,-8.893844651445349,29.807908067046146,-8.893844651445349,29.807908067046146,6.008945141233039,0.009451898427533268,-0.004933088767718845
1879.0,75.16,1.0,-8.770537976015818,29.84087580200326,-8.770537976015818,29.84087580200326,6.0132415641370685,0.010149640121072622,-0.0014799637464122562
1880.0,75.2,1.0,-8.647379493303099,29.874037839906475,-8.647379493303099,29.874037839906475,6.017524814937977,0.010725794033660762,0.0019680842745789756
1881.0,75.24,1.0,-8.52428756245185,29.90589065601926,-8.52428756245185,29.90589065601926,6.021792005693044,0.01119723666217023,0.00532856635481377
1882.0,75.28,1.0,-8.400313377835127,29.937765231079577,-8.400313377835127,29.937765231079577,6.026038913951935,0.011577729769733713,0.008521649149215636
1883.0,75.32000000000001,1.0,-8.277001081649866,29.967440891219827,-8.277001081649866,29.967440891219827,6.030262890232434,0.01188043692983437,0.011471498660630776
1884.0,75.36,1.0,-8.152670700336142,29.997608555228755,-8.152670700336142,29.997608555228755,6.034460051281372,0.012114926141118688,0.01410814721353062
1885.0,75.4,1.0,-8.028832818382506,30.02645224056775,-8.028832818382506,30.02645224056775,6.038627484219184,0.012291735681369754,0.01636911221033658
1886.0,75.44,1.0,-7.90413152741146,30.055881073663347,-7.90413152741146,30.055881073663347,6.042762788390736,0.012416904889349878,0.018202326661316083
1887.0,75.48,1.0,-7.780835159890216,30.0832964404623,-7.780835159890216,30.0832964404623,6.0468638688366605,0.01249156170282939,0.0195665663856334
1888.0,75.52,1.0,-7.656777825483301,30.112172034384265,-7.656777825483301,30.112172034384265,6.050929735611866,0.012507026848601232,0.020431682757871314
1889.0,75.56,1.0,-7.533731258449288,30.13782921186417,-7.533731258449288,30.13782921186417,6.0549604617405555,0.012458182448808985,0.020779567640811337
1890.0,75.60000000000001,1.0,-7.409896651340139,30.166711750232963,-7.409896651340139,30.166711750232963,6.0589573011943925,0.012329251361143512,0.020605367582546906
1891.0,75.64,1.0,-7.287011746999016,30.194242768097258,-7.287011746999016,30.194242768097258,6.06292320862286,0.012105437866399015,0.019917278401968386
1892.0,75.68,1.0,-7.162754134537454,30.223051927623903,-7.162754134537454,30.223051927623903,6.0668617440973795,0.011764665806875041,0.0187354266124617
1893.0,75.72,1.0,-7.040692991007198,30.25035902171564,-7.040692991007198,30.25035902171564,6.070777637920193,0.011291534212345123,0.017091124525963737
1894.0,75.76,1.0,-6.915347387727169,30.278399127913406,-6.915347387727169,30.278399127913406,6.074675924554176,0.010667469872480939,0.0150263698016706
1895.0,75.8,1.0,-6.792221635754251,30.306316579916587,-6.792221635754251,30.306316579916587,6.078562796836627,0.009881580579265881,0.01259275991045245
1896.0,75.84,1.0,-6.666355274326908,30.3332302408953,-6.666355274326908,30.3332302408953,6.0824459622926215,0.00891867829943611,0.009850282519723742
1897.0,75.88,1.0,-6.543088536300222,30.359289327360887,-6.543088536300222,30.359289327360887,6.086330855919124,0.007771859588914643,0.006864272062468683
1898.0,75.92,1.0,-6.418805716239822,30.385677489270012,-6.418805716239822,30.385677489270012,6.090226386897383,0.006441223654438344,0.0037049969361622457
1899.0,75.96000000000001,1.0,-6.296732596113034,30.41087669683812,-6.296732596113034,30.41087669683812,6.094135569378995,0.004939805212186332,0.0004452610389151814
1900.0,76.0,1.0,-6.173238457374026,30.434433022421803,-6.173238457374026,30.434433022421803,6.098067344987402,0.003277077965570163,-0.002840190384652946
1901.0,76.04,1.0,-6.050452888430578,30.457549531268363,-6.050452888430578,30.457549531268363,6.102018754607783,0.0014748788797917412,-0.006079845585205335
1902.0,76.08,1.0,-5.926571357849923,30.48106668769183,-5.926571357849923,30.48106668769183,6.105996949868351,-0.0004378327213305666,-0.009203288880166829
1903.0,76.12,1.0,-5.803382366140187,30.504081826496396,-5.803382366140187,30.504081826496396,6.109987626947872,-0.0024173810167002372,-0.012147049907190613
1904.0,76.16,1.0,-5.67870816162283,30.52677153350183,-5.67870816162283,30.52677153350183,6.11399610674326,-0.00442367018651475,-0.014849808836770045
1905.0,76.2,1.0,-5.555103159036067,30.548999130022757,-5.555103159036067,30.548999130022757,6.117987517624448,-0.006412349345504853,-0.017264063618504737
1906.0,76.24,1.0,-5.43168670413532,30.570575203650794,-5.43168670413532,30.570575203650794,6.121965391500832,-0.008342631161929182,-0.019344014984570675
1907.0,76.28,1.0,-5.30759277529129,30.591336959082792,-5.30759277529129,30.591336959082792,6.125853672963944,-0.010163741666698433,-0.02106649751879424
1908.0,76.32000000000001,1.0,-5.183289046556169,30.611479118453275,-5.183289046556169,30.611479118453275,6.129656013095483,-0.011832468994281798,-0.02240381732297684
1909.0,76.36,1.0,-5.057975811135665,30.631973768092802,-5.057975811135665,30.631973768092802,6.133218039832534,-0.013313307951375652,-0.02336541826934093
1910.0,76.4,1.0,-4.932895763198628,30.650645563420948,-4.932895763198628,30.650645563420948,6.136545166757946,-0.014581300301397671,-0.023943423888468325
1911.0,76.44,1.0,-4.807602595413871,30.66846034381795,-4.807602595413871,30.66846034381795,6.139330173217203,-0.015607835963071226,-0.024194873445196878
1912.0,76.48,1.0,-4.681155794640601,30.68462541963454,-4.681155794640601,30.68462541963454,6.14158464023844,-0.016374888385884613,-0.02413020150760973
1913.0,76.52,1.0,-4.553122233650486,30.699612382625343,-4.553122233650486,30.699612382625343,6.142700820036731,-0.01687931563280064,-0.02387884046026345
1914.0,76.56,1.0,-4.426066334470553,30.714076697508126,-4.426066334470553,30.714076697508126,6.142702979270906,-0.017133134176355324,-0.023467901538287855
1915.0,76.60000000000001,1.0,-4.299059705061355,30.72710770787102,-4.299059705061355,30.72710770787102,6.140387797409117,-0.01715022356198135,-0.02315183201566066
1916.0,76.64,1.0,-4.171352774049128,30.739144739308763,-4.171352774049128,30.739144739308763,6.135805667457906,-0.01695050536222259,-0.02296893561503218
1917.0,76.68,1.0,-4.041241819631711,30.751150201163426,-4.041241819631711,30.751150201163426,6.126553741071602,-0.01656499335787953,-0.022967427638248602
1918.0,76.72,1.0,-3.910166391906966,30.761062991714436,-3.910166391906966,30.761062991714436,6.112737578986479,-0.016040845817668202,-0.02318525575553654
1919.0,76.76,1.0,-3.777420786566407,30.77237775992351,-3.777420786566407,30.77237775992351,6.089556577037755,-0.015426116827485414,-0.02367464845105386
1920.0,76.8,1.0,-3.644455851458916,30.782878555924896,-3.644455851458916,30.782878555924896,6.05722785146526,-0.014763905581480285,-0.024462000298707202
1921.0,76.84,1.0,-3.5114055296625404,30.795703793874242,-3.5114055296625404,30.795703793874242,6.006157522322178,-0.014099050127801226,-0.02559790825212414
1922.0,76.88,1.0,-3.3781960784566367,30.80551143675,-3.3781960784566367,30.80551143675,5.951065988730311,-0.013484132318584863,-0.02707814856340271
1923.0,76.92,1.0,-3.2480871860584286,30.81754201455569,-3.2480871860584286,30.81754201455569,5.872773499743624,-0.012967009674916364,-0.028946897778192704
1924.0,76.96000000000001,1.0,-3.116861794943176,30.826799942931718,-3.116861794943176,30.826799942931718,5.800726565483169,-0.012579640167579375,-0.0311387318324935
1925.0,77.0,1.0,-2.9882341651842337,30.83702054008996,-2.9882341651842337,30.83702054008996,5.696577186133341,-0.012344175245903088,-0.03368520182663502
1926.0,77.04,1.0,-2.8570867213960858,30.844244639127574,-2.8570867213960858,30.844244639127574,5.619220313433038,-0.01227960144218101,-0.036400987166467634
1927.0,77.08,1.0,-2.73005349976499,30.852800035789194,-2.73005349976499,30.852800035789194,5.491971428757177,-0.012398202607350962,-0.039298928643324495
1928.0,77.12,1.0,-2.60277855162723,30.859860861522435,-2.60277855162723,30.859860861522435,5.432631366201347,-0.012690769881211183,-0.042397124518292986
1929.0,77.16,1.0,-2.475555152064369,30.86646885735227,-2.475555152064369,30.86646885735227,5.287839740330726,-0.013131192086816013,-0.04568430704508388
1930.0,77.2,1.0,-2.3482370040250093,30.87267771915874,-2.3482370040250093,30.87267771915874,5.136127557868952,-0.013685524719769826,-0.04894656822346562
1931.0,77.24,1.0,-2.2218088405149423,30.878591738816404,-2.2218088405149423,30.878591738816404,4.9849378336826025,-0.014319374373643935,-0.05213157439090906
1932.0,77.28,1.0,-2.0961581183297016,30.883877569975063,-2.0961581183297016,30.883877569975063,4.8342629067650496,-0.014981368220296488,-0.05511453819977581
1933.0,77.32000000000001,1.0,-1.9709147185523601,30.888777957306655,-1.9709147185523601,30.888777957306655,4.684708421417069,-0.01560736203879184,-0.057778099338367694
1934.0,77.36,1.0,-1.8437671985993596,30.894300749575102,-1.8437671985993596,30.894300749575102,4.536256986626427,-0.01612956336357041,-0.0600278971535948
1935.0,77.4,1.0,-1.7172251734846722,30.89803930574741,-1.7172251734846722,30.89803930574741,4.382971101500048,-0.016490421721530934,-0.06162870041725814
1936.0,77.44,1.0,-1.5918568271452986,30.903061313066793,-1.5918568271452986,30.903061313066793,4.22480642103819,-0.0166296786967993,-0.06247882022629199
1937.0,77.48,1.0,-1.4672088040522113,30.90719800976811,-1.4672088040522113,30.90719800976811,4.060596134887126,-0.016485871452174596,-0.06255488754865024
1938.0,77.52,1.0,-1.3436235956858247,30.912977396621272,-1.3436235956858247,30.912977396621272,3.890238757673463,-0.016000536558569544,-0.06171538237145885
1939.0,77.56,1.0,-1.221088473511935,30.916479288031702,-1.221088473511935,30.916479288031702,3.716751499557906,-0.0151368984427114,-0.05993842823989891
1940.0,77.60000000000001,1.0,-1.100173105981978,30.921472803053113,-1.100173105981978,30.921472803053113,3.539914960926558,-0.013870869717002965,-0.05698886476283137
1941.0,77.64,1.0,-0.978880909460738,30.9229061745087,-0.978880909460738,30.9229061745087,3.3684358219703925,-0.012189052960806357,-0.053069611961798026
1942.0,77.68,1.0,-0.8592196265596451,30.925576655961812,-0.8592196265596451,30.925576655961812,3.1875902345231895,-0.010084755983664396,-0.04821380730302515
1943.0,77.72,1.0,-0.7358108512636904,30.924748638484857,-0.7358108512636904,30.924748638484857,3.016120546681552,-0.007578275333545892,-0.04252749281974544
1944.0,77.76,1.0,-0.6155667147480404,30.92502731553867,-0.6155667147480404,30.92502731553867,2.8245763207882253,-0.004708146917993039,-0.03610354105380632
1945.0,77.8,1.0,-0.49104043128165015,30.92182552206999,-0.49104043128165015,30.92182552206999,2.651109228133358,-0.001526658442523221,-0.029012253072372575
1946.0,77.84,1.0,-0.3688311372806931,30.919836464511928,-0.3688311372806931,30.919836464511928,2.4439603056019386,0.0019107159923009043,-0.021460771784638982
1947.0,77.88,1.0,-0.24162581066197758,30.91525245422983,-0.24162581066197758,30.91525245422983,2.2797698184253425,0.005529177450848477,-0.013525781591848118
1948.0,77.92,1.0,-0.11503849897922576,30.911128005503247,-0.11503849897922576,30.911128005503247,2.044302902972608,0.009241699511558043,-0.005202626782769411
1949.0,77.96000000000001,1.0,0.012657450545718874,30.90636978988575,0.012657450545718874,30.90636978988575,1.8910113623571103,0.012953708130545128,0.0033871497448898953
1950.0,78.0,1.0,0.1402946457389562,30.901767728576385,0.1402946457389562,30.901767728576385,1.7431441957609188,0.01658015349406087,0.012026214710336516
1951.0,78.04,1.0,0.27014360022623807,30.897223753096846,0.27014360022623807,30.897223753096846,1.5935364551816449,0.020033710968743523,0.020481272343365775
1952.0,78.08,1.0,0.39911065786662536,30.89236569570813,0.39911065786662536,30.89236569570813,1.4430775445077013,0.023230438472747694,0.028634796640658145
1953.0,78.12,1.0,0.5285931234449284,30.88755593760694,0.5285931234449284,30.88755593760694,1.2917554706688053,0.026088966599501762,0.03648756572827635
1954.0,78.16,1.0,0.6556439960200706,30.881862816768557,0.6556439960200706,30.881862816768557,1.1400093461076164,0.028549660762223115,0.04395946872800931
1955.0,78.2,1.0,0.7845808179570796,30.876808308730084,0.7845808179570796,30.876808308730084,0.9949723089700582,0.03056703090850894,0.050821529503725024
1956.0,78.24,1.0,0.9122878022482173,30.870948875564913,0.9122878022482173,30.870948875564913,0.8568593222679548,0.03211026983198232,0.05699380650155441
1957.0,78.28,1.0,1.0405852327925218,30.86455493952335,1.0405852327925218,30.86455493952335,0.7292306573950701,0.033159510973938364,0.062367417362270486
1958.0,78.32000000000001,1.0,1.1680193332131288,30.856789858245072,1.1680193332131288,30.856789858245072,0.6121889314791187,0.033718882281224716,0.06682058744495792
1959.0,78.36,1.0,1.2967707023844652,30.848618281708617,1.2967707023844652,30.848618281708617,0.5075098172108949,0.0338119345715035,0.07030758711101379
1960.0,78.4,1.0,1.4252494598175829,30.839072161650257,1.4252494598175829,30.839072161650257,0.41524349784573183,0.0334782527744568,0.07260116785655434
1961.0,78.44,1.0,1.5549251200673704,30.828737289943927,1.5549251200673704,30.828737289943927,0.3362727982939627,0.03276579810601975,0.07391085800104244
1962.0,78.48,1.0,1.684487826003315,30.81823608583313,1.684487826003315,30.81823608583313,0.2706175574894173,0.03173984869286639,0.07425059351750977
1963.0,78.52,1.0,1.8140457294908778,30.807677569524998,1.8140457294908778,30.807677569524998,0.21871909761627456,0.030476714744426314,0.07374630747261599
1964.0,78.56,1.0,1.9442402983353415,30.796914906539286,1.9442402983353415,30.796914906539286,0.18058224648723656,0.0290600505071536,0.07241413740061269
1965.0,78.60000000000001,1.0,2.073914666236629,30.786884211114824,2.073914666236629,30.786884211114824,0.15642846255012852,0.027568396693498955,0.07034689321878172
1966.0,78.64,1.0,2.202673932880174,30.777414807555857,2.202673932880174,30.777414807555857,0.13911609105283054,0.026078631289968502,0.06778962769122132
1967.0,78.68,1.0,2.3312419074956487,30.768081861839455,2.3312419074956487,30.768081861839455,0.12875647326250367,0.024662465598318795,0.0648335645295536
1968.0,78.72,1.0,2.459723796964597,30.75857932935541,2.459723796964597,30.75857932935541,0.12178085947106669,0.023385925165615717,0.06159982588866584
1969.0,78.76,1.0,2.587281813858108,30.748913202860177,2.587281813858108,30.748913202860177,0.11824577288047797,0.02230007017213583,0.058216293829874664
1970.0,78.8,1.0,2.714466463655715,30.737788904106345,2.714466463655715,30.737788904106345,0.11636689065601584,0.02144058135571252,0.054735708603424436
1971.0,78.84,1.0,2.8409442420559032,30.72597776889221,2.8409442420559032,30.72597776889221,0.1161691282373101,0.020828476417031994,0.051383965995755634
1972.0,78.88,1.0,2.966972544967656,30.712627722320565,2.966972544967656,30.712627722320565,0.11676250068051944,0.0204666996732506,0.04817106802196617
1973.0,78.92,1.0,3.092798722913293,30.69837487088632,3.092798722913293,30.69837487088632,0.11816147952422126,0.020339833055124202,0.04507516777957617
1974.0,78.96000000000001,1.0,3.2184595176096105,30.684817103802438,3.2184595176096105,30.684817103802438,0.11992556348357755,0.020413049101610015,0.0420805438300727
1975.0,79.0,1.0,3.344146976857013,30.669322321459266,3.344146976857013,30.669322321459266,0.12206521556849466,0.020638471816567416,0.03938398553338848
1976.0,79.04,1.0,3.47024957696145,30.653070602185615,3.47024957696145,30.653070602185615,0.12436356439409668,0.02095620378079761,0.03694943272071204
1977.0,79.08,1.0,3.594950850557786,30.63626504679497,3.594950850557786,30.63626504679497,0.12683465920501846,0.02129823387043698,0.03484501821413354
1978.0,79.12,1.0,3.7204786301031163,30.61862314224601,3.7204786301031163,30.61862314224601,0.1293730287207146,0.021589451925580882,0.033021639594837754
1979.0,79.16,1.0,3.844687687558442,30.600581102251986,3.844687687558442,30.600581102251986,0.13199044729291953,0.02175087213324125,0.031482524334818546
1980.0,79.2,1.0,3.9697743748451826,30.581856990169666,3.9697743748451826,30.581856990169666,0.13463559691625854,0.021706073299868678,0.030172669287872884
1981.0,79.24,1.0,4.093641937392982,30.563179366796355,4.093641937392982,30.563179366796355,0.13731877842536228,0.021386348522753652,0.02906419772274168
1982.0,79.28,1.0,4.2180369203593795,30.544178581176215,4.2180369203593795,30.544178581176215,0.14001690704342978,0.020731191032522266,0.028102745996585514
1983.0,79.32000000000001,1.0,4.3418100052454935,30.525310614366145,4.3418100052454935,30.525310614366145,0.14273810391434308,0.019694996573203682,0.027251534970322306
1984.0,79.36,1.0,4.465348494124307,30.506986249970844,4.465348494124307,30.506986249970844,0.14547296168377882,0.01824580231050845,0.026465458387301688
1985.0,79.4,1.0,4.587813198058445,30.48815641725949,4.587813198058445,30.48815641725949,0.1482260980485295,0.01637065974603069,0.025712792576722758
1986.0,79.44,1.0,4.711285933770265,30.46951938740355,4.711285933770265,30.46951938740355,0.1509944501686296,0.014074758018121691,0.024732802372534154
1987.0,79.48,1.0,4.833472070343992,30.45047995344347,4.833472070343992,30.45047995344347,0.15378091321500023,0.011388014273232928,0.023512095199413247
1988.0,79.52,1.0,4.955843338167875,30.431222583011312,4.955843338167875,30.431222583011312,0.15657932916309344,0.00835572388757686,0.021930292006150546
1989.0,79.56,1.0,5.077645692727849,30.41031859687309,5.077645692727849,30.41031859687309,0.15939194251745112,0.0050430090576000005,0.01999734143606924
1990.0,79.60000000000001,1.0,5.19956043629609,30.391897458413297,5.19956043629609,30.391897458413297,0.16221555723721073,0.00153085132118419,0.01767548228918912
1991.0,79.64,1.0,5.320554316824756,30.37237560944116,5.320554316824756,30.37237560944116,0.16505492692317086,-0.0020851473011225586,0.014999056362820552
1992.0,79.68,1.0,5.443060743992665,30.35396991293509,5.443060743992665,30.35396991293509,0.16790913378019287,-0.0057042853496185875,0.01198491987582238
1993.0,79.72,1.0,5.564846993490667,30.335483057166293,5.564846993490667,30.335483057166293,0.1707836167661219,-0.009219907255528181,0.008690557159009299
1994.0,79.76,1.0,5.686955759018095,30.313498018172368,5.686955759018095,30.313498018172368,0.1736782852341985,-0.012522351170717216,0.005167389564780597
1995.0,79.8,1.0,5.809097213289311,30.294925087136413,5.809097213289311,30.294925087136413,0.1765979438860878,-0.015502667374430023,0.0014889726060674587
1996.0,79.84,1.0,5.931383452697214,30.274297526169164,5.931383452697214,30.274297526169164,0.1795451059865672,-0.01805765133377183,-0.00227207902389913
1997.0,79.88,1.0,6.054026165735147,30.25398788931439,6.054026165735147,30.25398788931439,0.1825240248891274,-0.020096985302455895,-0.006032191826451652
1998.0,79.92,1.0,6.175700866988928,30.232586530797924,6.175700866988928,30.232586530797924,0.18553920136950472,-0.02154880989503153,-0.009711383444979292
1999.0,79.96000000000001,1.0,6.298427787686117,30.211262779454653,6.298427787686117,30.211262779454653,0.1885964326952396,-0.022353871447089568,-0.013228478723956919
2000.0,80.0,1.0,6.421440747926131,30.18987475115,6.421440747926131,30.18987475115,0.19170319772501246,-0.02247235071601609,-0.016507938469989276
2001.0,80.04,1.0,6.5450180437100425,30.16779441771472,6.5450180437100425,30.16779441771472,0.19486608987185625,-0.021887393339046934,-0.01947812231442055
2002.0,80.08,1.0,6.668687933744609,30.1454174283305,6.668687933744609,30.1454174283305,0.19809233647434518,-0.020608484463994638,-0.02207733355586062
2003.0,80.12,1.0,6.792932164266865,30.121998949824228,6.792932164266865,30.121998949824228,0.20138895590949804,-0.018663578450969463,-0.024253621825508782
2004.0,80.16,1.0,6.9171631176476165,30.098458711031736,6.9171631176476165,30.098458711031736,0.20476168366947864,-0.016103566554112457,-0.025967564757300266
2005.0,80.2,1.0,7.042586755452504,30.07394723146419,7.042586755452504,30.07394723146419,0.20821830096217706,-0.013002983249702903,-0.02719105517695351
2006.0,80.24,1.0,7.166966238005861,30.048719916430166,7.166966238005861,30.048719916430166,0.2117629180171996,-0.009458292539782375,-0.027909729637674473
2007.0,80.28,1.0,7.291289561824451,30.021608621116815,7.291289561824451,30.021608621116815,0.21539948872893816,-0.005582956028760344,-0.02812320486802396
2008.0,80.32000000000001,1.0,7.415433946174599,29.994938237480817,7.415433946174599,29.994938237480817,0.21912998769744868,-0.0014997941373709022,-0.027844878128033483
2009.0,80.36,1.0,7.540081280922799,29.967405518348738,7.540081280922799,29.967405518348738,0.2229549821977111,0.0026598761799338623,-0.027099367562156036
2010.0,80.4,1.0,7.664153611901787,29.938513367926863,7.664153611901787,29.938513367926863,0.2268730881441309,0.006755624490201806,-0.02592151056990107
2011.0,80.44,1.0,7.78803457505431,29.90898838164668,7.78803457505431,29.90898838164668,0.23087836643679,0.010641961094703056,-0.024356378733957906
2012.0,80.48,1.0,7.910427391148208,29.879015333247956,7.910427391148208,29.879015333247956,0.23496414543530833,0.014182455637388524,-0.022457497693714974
2013.0,80.52,1.0,8.033132746281362,29.84702511766244,8.033132746281362,29.84702511766244,0.23911928177522151,0.017252333805519948,-0.020284161903558365
2014.0,80.56,1.0,8.1558532026291,29.81814598062686,8.1558532026291,29.81814598062686,0.243333082102778,0.01973595804934767,-0.017899250374906087
2015.0,80.60000000000001,1.0,8.278107991562115,29.784841663438037,8.278107991562115,29.784841663438037,0.24759230774487806,0.021533802512296717,-0.015367515710044369
2016.0,80.64,1.0,8.39996095898643,29.753962428651562,8.39996095898643,29.753962428651562,0.25188229978065346,0.02256673021723756,-0.012755053023307362
2017.0,80.68,1.0,8.521526883007377,29.721600437373514,8.521526883007377,29.721600437373514,0.2561903159837519,0.022781454605691254,-0.010126690820251121
2018.0,80.72,1.0,8.643636427968065,29.690015569809333,8.643636427968065,29.690015569809333,0.26050531548462497,0.02214956792480992,-0.007544111212554728
2019.0,80.76,1.0,8.764285390754265,29.657040556280464,8.764285390754265,29.657040556280464,0.26481838886002823,0.02066711240584317,-0.005064397118713197
2020.0,80.8,1.0,8.884717129469072,29.623770436257537,8.884717129469072,29.623770436257537,0.2691221480506309,0.01835507656415828,-0.0027403898870590705
2021.0,80.84,1.0,9.003810112785125,29.590522350048296,9.003810112785125,29.590522350048296,0.27341169075214505,0.01526349533125051,-0.000619595994832467
2022.0,80.88,1.0,9.123342315229893,29.55677082850989,9.123342315229893,29.55677082850989,0.2776861157964664,0.0114720214473794,0.0012574966586538588
2023.0,80.92,1.0,9.240724339402053,29.52283579341573,9.240724339402053,29.52283579341573,0.2819462721865199,0.007075554776740045,0.00285755642463374
2024.0,80.96000000000001,1.0,9.359216439242692,29.487787669965222,9.359216439242692,29.487787669965222,0.28619777285630954,0.002185128680930226,0.004153779099932679
2025.0,81.0,1.0,9.475599418790221,29.452063529215735,9.475599418790221,29.452063529215735,0.29044572685163395,-0.0030694905644021884,0.005125340419063628
2026.0,81.04,1.0,9.592819123712484,29.415011452261815,9.592819123712484,29.415011452261815,0.2946996118734573,-0.008543143199841719,0.005757835419226053
2027.0,81.08,1.0,9.710593142125155,29.37955857967587,9.710593142125155,29.37955857967587,0.29897039486572996,-0.014084317307684191,0.006044045725247096
2028.0,81.12,1.0,9.828237876598262,29.341938056473584,9.828237876598262,29.341938056473584,0.30326892518115633,-0.019541054787262747,0.005983921630612345
2029.0,81.16,1.0,9.945307738603834,29.30649735839459,9.945307738603834,29.30649735839459,0.3076047359191131,-0.0247665066082166,0.005583687993177556
2030.0,81.2,1.0,10.06167237407475,29.267915229135657,10.06167237407475,29.267915229135657,0.3119852427473564,-0.029622117477871402,0.00485538956955605
2031.0,81.24,1.0,10.17941021897535,29.23051772550905,10.17941021897535,29.23051772550905,0.316417194586018,-0.03397688726620718,0.0038177046054861095
2032.0,81.28,1.0,10.297186865104553,29.190903501715532,10.297186865104553,29.190903501715532,0.3209039306590943,-0.037717520936650664,0.0024955928589826173
2033.0,81.32000000000001,1.0,10.416391584864302,29.15217325376613,10.416391584864302,29.15217325376613,0.3254468480258623,-0.04075565023450062,0.0009195808486075693
2034.0,81.36,1.0,10.534818778087317,29.110635006561075,10.534818778087317,29.110635006561075,0.33004436515097435,-0.043021724866600594,-0.0008745165952090611
2035.0,81.4,1.0,10.65388814412771,29.070786980208982,10.65388814412771,29.070786980208982,0.33469259886382857,-0.04446754423303813,-0.002845613165355693
2036.0,81.44,1.0,10.77310261961006,29.03020698395008,10.77310261961006,29.03020698395008,0.3393882795853048,-0.0450723626934296,-0.004947036059660416
2037.0,81.48,1.0,10.893830002448977,28.989976588411942,10.893830002448977,28.989976588411942,0.34412597476552426,-0.044847049775378865,-0.007127431596254434
2038.0,81.52,1.0,11.0138789689951,28.948366200667966,11.0138789689951,28.948366200667966,0.3488991463601025,-0.043825763960447316,-0.009331996392421743
2039.0,81.56,1.0,11.134432843556812,28.90659954796438,11.134432843556812,28.90659954796438,0.35370160006708823,-0.04206762488691188,-0.011503889201752182
2040.0,81.60000000000001,1.0,11.254922539279427,28.864198762551247,11.254922539279427,28.864198762551247,0.35852698416579154,-0.039651200868976944,-0.01358464265103872
2041.0,81.64,1.0,11.375899268139056,28.820387744796523,11.375899268139056,28.820387744796523,0.36337064142761283,-0.03667520148059165,-0.01551500434557434
2042.0,81.68,1.0,11.495600887357078,28.77612495902386,11.495600887357078,28.77612495902386,0.3682272043963886,-0.03326032703290331,-0.017237454454102435
2043.0,81.72,1.0,11.61633653943385,28.731139325397198,11.61633653943385,28.731139325397198,0.3730947135216286,-0.029538441430411823,-0.0186981188822884
2044.0,81.76,1.0,11.736042065433184,28.6847332891284,11.736042065433184,28.6847332891284,0.3779712804601303,-0.025640068049387586,-0.01984827872203134
2045.0,81.8,1.0,11.856448694094391,28.63812891856582,11.856448694094391,28.63812891856582,0.3828591845434916,-0.02169656911338652,-0.020645712815639983
2046.0,81.84,1.0,11.976693476991668,28.591040696179384,11.976693476991668,28.591040696179384,0.38776121860540014,-0.017838913157261594,-0.021056052947682764
2047.0,81.88,1.0,12.095882534942723,28.54229105278005,12.095882534942723,28.54229105278005,0.3926805285469526,-0.014192453297457963,-0.02105509281155458
2048.0,81.92,1.0,12.214586122885773,28.4939584850382,12.214586122885773,28.4939584850382,0.3976199761176968,-0.010866213974820849,-0.020630254847765296
2049.0,81.96000000000001,1.0,12.332842298500482,28.442926719902992,12.332842298500482,28.442926719902992,0.40258244731619086,-0.00795590895596442,-0.01978123829578559
2050.0,82.0,1.0,12.452178877503576,28.39311571816766,12.452178877503576,28.39311571816766,0.40757007712552007,-0.005534929089135832,-0.01852015936787017
2051.0,82.04,1.0,12.569937165877459,28.34025477219213,12.569937165877459,28.34025477219213,0.41258481949071735,-0.0036578433015687973,-0.016872457211975462
2052.0,82.08,1.0,12.687140985086282,28.288563341895916,12.687140985086282,28.288563341895916,0.4176288085498746,-0.002355464708096622,-0.014877275595675726
2053.0,82.12,1.0,12.803565606850634,28.234178091392202,12.803565606850634,28.234178091392202,0.4227046989237019,-0.0016301650567764336,-0.012585701648555356
2054.0,82.16,1.0,12.919879019444377,28.181814414491686,12.919879019444377,28.181814414491686,0.42781461017627526,-0.0014603819119932914,-0.010059127586775834
2055.0,82.2,1.0,13.035736704235763,28.12727403319321,13.035736704235763,28.12727403319321,0.4329615914514527,-0.0018102027113388486,-0.00736720697177185
2056.0,82.24,1.0,13.150874849517638,28.07233684912932,13.150874849517638,28.07233684912932,0.438145746266814,-0.0026257247867999545,-0.0045865413907604366
2057.0,82.28,1.0,13.264385003434715,28.016325050176544,13.264385003434715,28.016325050176544,0.44336649334823414,-0.003832775860291937,-0.0017979553676478546
2058.0,82.32000000000001,1.0,13.377885597710597,27.96110462315072,13.377885597710597,27.96110462315072,0.4486213650591955,-0.0053409564408587575,0.0009168401451823398
2059.0,82.36,1.0,13.491049418923414,27.904519790930756,13.491049418923414,27.904519790930756,0.4539072073115422,-0.007054230082035184,0.0034788847517791396
2060.0,82.4,1.0,13.60328200361623,27.846853983223717,13.60328200361623,27.846853983223717,0.4592199822191839,-0.008872100036769026,0.005814354623287038
2061.0,82.44,1.0,13.71531735795269,27.789427775460602,13.71531735795269,27.789427775460602,0.4645546812386471,-0.010699163709010518,0.007856842664223665
2062.0,82.48,1.0,13.828242144281589,27.731103758855635,13.828242144281589,27.731103758855635,0.4699058298165304,-0.012437765026462478,0.00955095949977677
2063.0,82.52,1.0,13.941263181452538,27.67203041504019,13.941263181452538,27.67203041504019,0.47526466466022904,-0.013997088785270928,0.010855338583379847
2064.0,82.56,1.0,14.055022188981173,27.613265511794303,14.055022188981173,27.613265511794303,0.48062166176942667,-0.015298722494172056,0.011743995688979818
2065.0,82.60000000000001,1.0,14.168933595953012,27.553683420702253,14.168933595953012,27.553683420702253,0.48596353303895645,-0.016282741924488385,0.012207542277947413
2066.0,82.64,1.0,14.281392800853585,27.494306109442782,14.281392800853585,27.494306109442782,0.4912749804019053,-0.016902586581960345,0.012253512608042283
2067.0,82.68,1.0,14.394020572184345,27.43316859507815,14.394020572184345,27.43316859507815,0.49653965531058086,-0.017129510122606318,0.011907518441834472
2068.0,82.72,1.0,14.507056944405516,27.37161411249823,14.507056944405516,27.37161411249823,0.5017411058252415,-0.016958277065879445,0.01121168424118928
2069.0,82.76,1.0,14.620951149143545,27.308816182248897,14.620951149143545,27.308816182248897,0.5068637974670279,-0.016402761761605888,0.010223035066709562
2070.0,82.8,1.0,14.73471067983075,27.245598473009586,14.73471067983075,27.245598473009586,0.5118934570274806,-0.015493823132931572,0.009010441970081221
2071.0,82.84,1.0,14.848241727088773,27.18296925574969,14.848241727088773,27.18296925574969,0.5168181979735017,-0.014274421054849318,0.007653123747852444
2072.0,82.88,1.0,14.962144043576776,27.119014634271576,14.962144043576776,27.119014634271576,0.5216279753229458,-0.012794761944693112,0.006237772981373546
2073.0,82.92,1.0,15.074760653520494,27.056782712592774,15.074760653520494,27.056782712592774,0.526315796446044,-0.011121900191259115,0.00485426835332294
2074.0,82.96000000000001,1.0,15.187681270419125,26.992706534216836,15.187681270419125,26.992706534216836,0.5308790047653111,-0.009330111980884414,0.0035913300234688993
2075.0,83.0,1.0,15.299203742636365,26.92902965917161,15.299203742636365,26.92902965917161,0.5353174582555568,-0.007496627446168469,0.002533067132840838
2076.0,83.04,1.0,15.41064329368468,26.86454074609828,15.41064329368468,26.86454074609828,0.5396363023009323,-0.005691132536464094,0.0017554642213539022
2077.0,83.08,1.0,15.521739595396735,26.798343772803655,15.521739595396735,26.798343772803655,0.5438434039336559,-0.003981134088291749,0.0013228287195932015
2078.0,83.12,1.0,15.632148253554032,26.73054480190546,15.632148253554032,26.73054480190546,0.5479505858248931,-0.002425449755781406,0.0012839501856079572
2079.0,83.16,1.0,15.742419309081887,26.662606967367775,15.742419309081887,26.662606967367775,0.5519715042839966,-0.0010699233442261423,0.001670264522063651
2080.0,83.2,1.0,15.852498863477232,26.59492418947871,15.852498863477232,26.59492418947871,0.5559216430085979,5.3373206117479643e-05,0.002494248193996789
2081.0,83.24,1.0,15.962032208305171,26.525166102672205,15.962032208305171,26.525166102672205,0.5598166994334973,0.0009310769985422573,0.0037491827431287523
2082.0,83.28,1.0,16.06974013045616,26.454030592411062,16.06974013045616,26.454030592411062,0.5636709677909124,0.0015619883015744573,0.0054076126933233016
2083.0,83.32000000000001,1.0,16.177649597602745,26.383183365686723,16.177649597602745,26.383183365686723,0.5674984772072695,0.0019569255248674143,0.007422464235918522
2084.0,83.36,1.0,16.284414097549654,26.310933727186665,16.284414097549654,26.310933727186665,0.5713100667144109,0.002144495303172289,0.009729203044846802
2085.0,83.4,1.0,16.390846490154154,26.238897959491027,16.390846490154154,26.238897959491027,0.5751142910999549,0.002169045638789657,0.012248904812096457
2086.0,83.44,1.0,16.497216175814067,26.166622070767716,16.497216175814067,26.166622070767716,0.5789169094414149,0.0020829911838085914,0.014890663972697754
2087.0,83.48,1.0,16.60354568132865,26.094240070788498,16.60354568132865,26.094240070788498,0.5827200354123507,0.0019407612716804024,0.017554870861626572
2088.0,83.52,1.0,16.70886207875845,26.022000219162543,16.70886207875845,26.022000219162543,0.5865241542329976,0.0018034604910217356,0.020137695172389565
2089.0,83.56,1.0,16.81340862097629,25.948944002359593,16.81340862097629,25.948944002359593,0.5903260492904934,0.0017309725440428525,0.022535717312968422
2090.0,83.60000000000001,1.0,16.91828830291646,25.875528649845535,16.91828830291646,25.875528649845535,0.594120452322086,0.0017834532282582805,0.02465030418240114
2091.0,83.64,1.0,17.02314531363439,25.800816613050465,17.02314531363439,25.800816613050465,0.5978985622655015,0.0020130294499851376,0.026391414099574545
2092.0,83.68,1.0,17.128209639720144,25.728136113298568,17.128209639720144,25.728136113298568,0.6016507145205938,0.0024578212814550192,0.02768139408866981
2093.0,83.72,1.0,17.234007778789113,25.652879280003873,17.234007778789113,25.652879280003873,0.6053664862232412,0.0031459970466362285,0.02845927940171302
2094.0,83.76,1.0,17.339586629930015,25.579965620611894,17.339586629930015,25.579965620611894,0.6090349950476319,0.004093495063107222,0.028683109209064906
2095.0,83.8,1.0,17.445116057161165,25.505288588118596,17.445116057161165,25.505288588118596,0.6126460840060605,0.005300440089756775,0.028331121408542843
2096.0,83.84,1.0,17.550920659553867,25.43076825122011,17.550920659553867,25.43076825122011,0.6161902492007763,0.00674583613980978,0.027402153903823008
2097.0,83.88,1.0,17.656751164699017,25.355894807829273,17.656751164699017,25.355894807829273,0.6196593828017487,0.008398496861237604,0.025916535768986615
2098.0,83.92,1.0,17.762797171026797,25.281975480916,17.762797171026797,25.281975480916,0.6230480597508199,0.010216157342060295,0.023915549404409302
2099.0,83.96000000000001,1.0,17.868553996014967,25.206730205795697,17.868553996014967,25.206730205795697,0.6263513397626165,0.012144033093318596,0.02145916665512912
2100.0,84.0,1.0,17.974390771788066,25.13027042592344,17.974390771788066,25.13027042592344,0.6295676124295,0.014118081935602655,0.01862320309120162
2101.0,84.04,1.0,18.079443044836786,25.055037670368243,18.079443044836786,25.055037670368243,0.6326977226695176,0.016061412663353637,0.01549584739542897
2102.0,84.08,1.0,18.185087762536167,24.980160132182867,18.185087762536167,24.980160132182867,0.6357478122542155,0.017893816082136128,0.012174561777165829
2103.0,84.12,1.0,18.28964973184404,24.90480366832261,18.28964973184404,24.90480366832261,0.6387265964342387,0.019538496405711925,0.008761673303699799
2104.0,84.16,1.0,18.39390539835096,24.82875251014423,18.39390539835096,24.82875251014423,0.6416461488997387,0.020919492249815354,0.005359897039787237
2105.0,84.2,1.0,18.49802672186987,24.752659532215475,18.49802672186987,24.752659532215475,0.6445205776686941,0.021962396999916877,0.002067680580476234
2106.0,84.24,1.0,18.601580712018404,24.675890963206324,18.601580712018404,24.675890963206324,0.6473662733676536,0.022601865494590145,-0.0010239961969317726
2107.0,84.28,1.0,18.70449050659656,24.600638091671417,18.70449050659656,24.600638091671417,0.6502011795400617,0.022787483101500593,-0.003835165416111065
2108.0,84.32000000000001,1.0,18.807632414992707,24.523250077799197,18.807632414992707,24.523250077799197,0.6530442172041271,0.022477532977435655,-0.006300180692991386
2109.0,84.36,1.0,18.90971622496504,24.447367727855728,18.90971622496504,24.447367727855728,0.6559138067306644,0.021644829740059955,-0.00837055613177616
2110.0,84.4,1.0,19.010967887443137,24.37026220043274,19.010967887443137,24.37026220043274,0.6588298332402563,0.020275838593384044,-0.010015786625775276
2111.0,84.44,1.0,19.111076207767944,24.293665313056536,19.111076207767944,24.293665313056536,0.6618109247345683,0.01837271439338082,-0.011223602032625502
2112.0,84.48,1.0,19.21125676538891,24.21468804827824,19.21125676538891,24.21468804827824,0.6648742677654936,0.01595577052291939,-0.011999555522767802
2113.0,84.52,1.0,19.31047216499489,24.137861841052665,19.31047216499489,24.137861841052665,0.6680325631792472,0.01306018518689125,-0.012366655306576357
2114.0,84.56,1.0,19.40854527140238,24.05786264707739,19.40854527140238,24.05786264707739,0.6712949850615553,0.009729265654545082,-0.012363345189595814
2115.0,84.60000000000001,1.0,19.50647932773582,23.97823544686705,19.50647932773582,23.97823544686705,0.6746668154649974,0.006019398113456131,-0.01204108456122396
2116.0,84.64,1.0,19.603867843320234,23.897495742120704,19.603867843320234,23.897495742120704,0.6781492635058316,0.0020033623195846785,-0.01146044378538741
2117.0,84.68,1.0,19.701530322596604,23.817783956844462,19.701530322596604,23.817783956844462,0.6817405852591746,-0.002241239328889544,-0.01068849215679043
2118.0,84.72,1.0,19.798178274698127,23.735289550284357,19.798178274698127,23.735289550284357,0.685434412106672,-0.006634307388199612,-0.00979508461279658
2119.0,84.76,1.0,19.89578284031097,23.65525234287066,19.89578284031097,23.65525234287066,0.6892225986656356,-0.011090477466571536,-0.008849861217277152
2120.0,84.8,1.0,19.991804271038184,23.57509992576566,19.991804271038184,23.57509992576566,0.6930938943260329,-0.015522957528922377,-0.007917748250998443
2121.0,84.84,1.0,20.089769491485317,23.494369815964628,20.089769491485317,23.494369815964628,0.6970340897088996,-0.019841889373021858,-0.0070566732606108075
2122.0,84.88,1.0,20.187113303501896,23.413369626056756,20.187113303501896,23.413369626056756,0.7010269303889853,-0.023955587775132004,-0.006315065924136215
2123.0,84.92,1.0,20.285083907277148,23.331066784830938,20.285083907277148,23.331066784830938,0.7050547877843606,-0.027775958102712384,-0.005730432569226501
2124.0,84.96000000000001,1.0,20.38292464105022,23.249965384647112,20.38292464105022,23.249965384647112,0.7091010962587646,-0.03122027764200621,-0.005327266792460087
2125.0,85.0,1.0,20.480105335803195,23.1681157708675,20.480105335803195,23.1681157708675,0.7131507447871224,-0.03420635484844255,-0.005116629503752467
2126.0,85.04,1.0,20.575906300957186,23.08623989744806,20.575906300957186,23.08623989744806,0.717191186266289,-0.036658007767211044,-0.005096258189890859
2127.0,85.08,1.0,20.672564375557453,23.00201239708576,20.672564375557453,23.00201239708576,0.7212133228433669,-0.0385094137516022,-0.005252079846297618
2128.0,85.12,1.0,20.76799341469063,22.91796674603639,20.76799341469063,22.91796674603639,0.7252100464786728,-0.03969811817979364,-0.005559102466267752
2129.0,85.16,1.0,20.864853683164803,22.832896388320126,20.864853683164803,22.832896388320126,0.7291794209703898,-0.04016668126818788,-0.005983036933476331
2130.0,85.2,1.0,20.96099067206797,22.747671598502574,20.96099067206797,22.747671598502574,0.733119973900298,-0.0398698851469383,-0.006481960943341122
2131.0,85.24,1.0,21.057693719215173,22.661937863548207,21.057693719215173,22.661937863548207,0.7370341788464376,-0.03877499298074742,-0.007010242575285574
2132.0,85.28,1.0,21.153263824104254,22.575268592387662,21.153263824104254,22.575268592387662,0.7409260764268655,-0.03686214012779865,-0.007520737661066451
2133.0,85.32000000000001,1.0,21.249039978676674,22.487472956379733,21.249039978676674,22.487472956379733,0.7448021275316686,-0.03412800885023547,-0.007967628412917111
2134.0,85.36,1.0,21.345177653859047,22.39874009854901,21.345177653859047,22.39874009854901,0.7486708833389429,-0.030580788496745538,-0.008307826354991357
2135.0,85.4,1.0,21.44143849647319,22.309865422720893,21.44143849647319,22.309865422720893,0.7525408907031614,-0.02624161988596684,-0.008504377841359453
2136.0,85.44,1.0,21.537707976416975,22.221501408341005,21.537707976416975,22.221501408341005,0.7564212686015807,-0.021151786590749344,-0.008527916656357132
2137.0,85.48,1.0,21.632903649601076,22.131682555342092,21.632903649601076,22.131682555342092,0.7603186833067462,-0.015370363859547343,-0.008358243893290472
2138.0,85.52,1.0,21.72854840361908,22.04281438521813,21.72854840361908,22.04281438521813,0.7642390301629303,-0.008971917301765631,-0.007984453647437377
2139.0,85.56,1.0,21.821844646494746,21.95095289139382,21.821844646494746,21.95095289139382,0.7681858273700938,-0.0020480213584459285,-0.007405514123007545
2140.0,85.60000000000001,1.0,21.91628033406498,21.858270193819997,21.91628033406498,21.858270193819997,0.7721598358021343,0.005293900339171753,-0.006630588159472345
2141.0,85.64,1.0,22.009127176734914,21.76467173365434,22.009127176734914,21.76467173365434,0.7761611955279031,0.01293779332283399,-0.0056784709279524125
2142.0,85.68,1.0,22.102321174220346,21.67136085236653,22.102321174220346,21.67136085236653,0.7801873069824,0.020755785128008387,-0.004575503287808177
2143.0,85.72,1.0,22.194323709606994,21.57796220549147,22.194323709606994,21.57796220549147,0.7842354916465717,0.028608883837418487,-0.0033542034717253103
2144.0,85.76,1.0,22.285948904471418,21.483718730406927,22.285948904471418,21.483718730406927,0.7883013724860132,0.03635265185133414,-0.0020516486525625965
2145.0,85.8,1.0,22.377680421849604,21.389523418498193,22.377680421849604,21.389523418498193,0.7923795926254522,0.04384038729767646,-0.0007085475307004194
2146.0,85.84,1.0,22.47087678474398,21.294307424148336,22.47087678474398,21.294307424148336,0.7964644081121011,0.050926292204986734,0.000634077854999051
2147.0,85.88,1.0,22.563781853044297,21.199919211582237,22.563781853044297,21.199919211582237,0.8005485929474447,0.05747557760543235,0.0019364312090931126
2148.0,85.92,1.0,22.65603542846851,21.105037324773356,22.65603542846851,21.105037324773356,0.8046261900859168,0.06336517468449622,0.0031621464952782674
2149.0,85.96000000000001,1.0,22.74588465395322,21.010995389577268,22.74588465395322,21.010995389577268,0.8086890509917405,0.06848566052193493,0.004278929470254242
2150.0,86.0,1.0,22.83492390606599,20.916866410167806,22.83492390606599,20.916866410167806,0.8127311300611731,0.07274528470300166,0.0052604361627899094
2151.0,86.04,1.0,22.922787324917003,20.823068100358437,22.922787324917003,20.823068100358437,0.8167461314380293,0.07607637548064185,0.00608757125411615
2152.0,86.08,1.0,23.009657712724568,20.72973073241983,23.009657712724568,20.72973073241983,0.8207288096331615,0.07843111209785068,0.006749275707597546
2153.0,86.12,1.0,23.09628610692306,20.637249827243945,23.09628610692306,20.637249827243945,0.8246751948284556,0.0797899166457751,0.007242254340059868
2154.0,86.16,1.0,23.18072736915555,20.544052962874865,23.18072736915555,20.544052962874865,0.8285799891583056,0.08015956197511996,0.0075708626770923295
2155.0,86.2,1.0,23.265108933252566,20.451874354325575,23.265108933252566,20.451874354325575,0.8324391988137126,0.07957269550262172,0.007747228218396599
2156.0,86.24,1.0,23.347544578769842,20.357538990518503,23.347544578769842,20.357538990518503,0.8362473673106399,0.07808363683985199,0.007790883051956294
2157.0,86.28,1.0,23.43115894701573,20.26463440076521,23.43115894701573,20.26463440076521,0.8400002564077818,0.0757722582905686,0.007727004150455749
2158.0,86.32000000000001,1.0,23.513713594838517,20.170485610043208,23.513713594838517,20.170485610043208,0.8436933193630068,0.072737429411476,0.007585410191752767
2159.0,86.36,1.0,23.597636634155887,20.078097686275896,23.597636634155887,20.078097686275896,0.8473225305507512,0.06909660791416863,0.007398984407109453
2160.0,86.4,1.0,23.679993067334006,19.985255619698503,23.679993067334006,19.985255619698503,0.8508855881272931,0.06498115667978278,0.0072030082224198416
2161.0,86.44,1.0,23.762106467157057,19.893617660201464,23.762106467157057,19.893617660201464,0.85437960345803,0.060532538492363216,0.0070326494076303255
2162.0,86.48,1.0,23.842428539902265,19.800737036789062,23.842428539902265,19.800737036789062,0.8578024951808999,0.05589043697664695,0.0069214978156371286
2163.0,86.52,1.0,23.923011169988904,19.708064801622555,23.923011169988904,19.708064801622555,0.8611516677211078,0.051199220797764664,0.006899936878068838
2164.0,86.56,1.0,24.00249263066049,19.615067347150095,24.00249263066049,19.615067347150095,0.8644240455353799,0.04659908575634877,0.00699417984195814
2165.0,86.60000000000001,1.0,24.081564168831612,19.521590025843874,24.081564168831612,19.521590025843874,0.8676189679370874,0.042224798500982486,0.007225065147322065
2166.0,86.64,1.0,24.160117769673626,19.427806138985613,24.160117769673626,19.427806138985613,0.8707351445611697,0.03819822921525422,0.007606307864692933
2167.0,86.68,1.0,24.2369035643541,19.334139344048843,24.2369035643541,19.334139344048843,0.8737752138789311,0.034628989314173596,0.008143802679085476
2168.0,86.72,1.0,24.313825017702786,19.23984604721599,24.313825017702786,19.23984604721599,0.8767411904074212,0.03160537266698982,0.008835109569776779
2169.0,86.76,1.0,24.391496267625623,19.145458583272063,24.391496267625623,19.145458583272063,0.8796391646878556,0.02919535179563033,0.00966917917753957
2170.0,86.8,1.0,24.468795745746533,19.049660489390742,24.468795745746533,19.049660489390742,0.8824749141008315,0.027443116060188854,0.010626116638834605
2171.0,86.84,1.0,24.54654168191744,18.954126490047454,24.54654168191744,18.954126490047454,0.885255908817672,0.026368733944476787,0.011677114371708876
2172.0,86.88,1.0,24.62431874509641,18.858189756473017,24.62431874509641,18.858189756473017,0.8879899391102019,0.025967297368432275,0.01278552595778105
2173.0,86.92,1.0,24.69983730114696,18.7611868456724,24.69983730114696,18.7611868456724,0.8906857573678172,0.026216268612814543,0.013907435983556444
2174.0,86.96000000000001,1.0,24.777079482892304,18.66491340153407,24.777079482892304,18.66491340153407,0.893353878747204,0.02706953978205521,0.014992365461459545
2175.0,87.0,1.0,24.852850824879905,18.56684204477065,24.852850824879905,18.56684204477065,0.8960064072707622,0.028461980232205107,0.015984590060371902
2176.0,87.04,1.0,24.930198158316024,18.470217870451343,24.930198158316024,18.470217870451343,0.8986557743353222,0.030311293401112428,0.016824843170112458
2177.0,87.08,1.0,25.005757158505737,18.37249931351881,25.005757158505737,18.37249931351881,0.9013159017170829,0.03252725004099043,0.01745270323773618
2178.0,87.12,1.0,25.08108995924315,18.275624465230713,25.08108995924315,18.275624465230713,0.9039992773696752,0.03500674358242989,0.017807953626003244
2179.0,87.16,1.0,25.155112190113453,18.1782709094229,25.155112190113453,18.1782709094229,0.9067199591350621,0.03764109665151686,0.017832949404910113
2180.0,87.2,1.0,25.229833675892156,18.081098819989688,25.229833675892156,18.081098819989688,0.9094887654238152,0.040316103783606026,0.017474296076550346
2181.0,87.24,1.0,25.302953282159045,17.984616638995377,25.302953282159045,17.984616638995377,0.9123176852300576,0.04291804781450528,0.01668569640425597
2182.0,87.28,1.0,25.378135594039037,17.887198655459066,25.378135594039037,17.887198655459066,0.9152169992143792,0.04533962041620112,0.01542944804974374
2183.0,87.32000000000001,1.0,25.45189178870981,17.789460283248726,25.45189178870981,17.789460283248726,0.918197480390916,0.04748113987132811,0.013678521407830754
2184.0,87.36,1.0,25.526541512408496,17.69291694250323,25.526541512408496,17.69291694250323,0.9212699342878746,0.04925085799113913,0.011418162908441819
2185.0,87.4,1.0,25.60029449065098,17.59588044014784,25.60029449065098,17.59588044014784,0.9244433911191615,0.05056853479463395,0.008647964339148162
2186.0,87.44,1.0,25.67487816283562,17.4993670646317,25.67487816283562,17.4993670646317,0.9277261912524108,0.05136969597145867,0.005382352654468278
2187.0,87.48,1.0,25.74892881179108,17.40266291831749,25.74892881179108,17.40266291831749,0.9311242529585957,0.05160596883295032,0.0016510123926779738
2188.0,87.52,1.0,25.822409239871313,17.307460550556097,25.822409239871313,17.307460550556097,0.9346426192026225,0.05124188000217365,-0.0025012957496874594
2189.0,87.56,1.0,25.89456616186181,17.21189562434847,25.89456616186181,17.21189562434847,0.9382842161092642,0.05026274922245272,-0.007013927930471353
2190.0,87.60000000000001,1.0,25.966426478164273,17.117834818168124,25.966426478164273,17.117834818168124,0.9420502246572843,0.04867123845672631,-0.011811979351043916
2191.0,87.64,1.0,26.03739021030979,17.02319674622308,26.03739021030979,17.02319674622308,0.9459416794475727,0.046490191586422716,-0.01680704373557148
2192.0,87.68,1.0,26.108704344141717,16.92934780120893,26.108704344141717,16.92934780120893,0.9499582164853212,0.04375884440751547,-0.021900271126811525
2193.0,87.72,1.0,26.1804886160075,16.835453166412538,26.1804886160075,16.835453166412538,0.9540995273024354,0.040529770674723485,-0.026983426300842044
2194.0,87.76,1.0,26.251340768722606,16.740592369029795,26.251340768722606,16.740592369029795,0.958364089326691,0.03686820161087985,-0.03194197178806635
2195.0,87.8,1.0,26.321163873252495,16.646946145138156,26.321163873252495,16.646946145138156,0.9627483126235561,0.03285214212865635,-0.03665773234483848
2196.0,87.84,1.0,26.389835760961564,16.552828713643578,26.389835760961564,16.552828713643578,0.9672486255905259,0.02856900183433877,-0.041013007822436234
2197.0,87.88,1.0,26.459499684686726,16.45785321681796,26.459499684686726,16.45785321681796,0.971859579118432,0.0241066823285949,-0.044893112877196814
2198.0,87.92,1.0,26.52882232948962,16.362997757522045,26.52882232948962,16.362997757522045,0.9765767191801367,0.019555623505623277,-0.04818975813250055
2199.0,87.96000000000001,1.0,26.59636157929781,16.266893014428412,26.59636157929781,16.266893014428412,0.9813934770206172,0.015006868936172679,-0.05080426337335435
2200.0,88.0,1.0,26.663675780118705,16.170585386098622,26.663675780118705,16.170585386098622,0.9863051011678688,0.010547496139899127,-0.05265202318390398
2201.0,88.04,1.0,26.730351680476055,16.072195066378228,26.730351680476055,16.072195066378228,0.9913056181610651,0.0062593198784781645,-0.053664385458928245
2202.0,88.08,1.0,26.796372736855965,15.97493156358199,26.796372736855965,15.97493156358199,0.9963899926274719,0.0022172090584168247,-0.053791244187950615
2203.0,88.12,1.0,26.861420828448207,15.877601819660862,26.861420828448207,15.877601819660862,1.0015519272404279,-0.0015123588830391666,-0.05300194084133756
2204.0,88.16,1.0,26.925428093190806,15.779408365540585,26.925428093190806,15.779408365540585,1.006784006804809,-0.004874864882776364,-0.0512879903814951
2205.0,88.2,1.0,26.9877147205245,15.680222586661383,26.9877147205245,15.680222586661383,1.012078110675524,-0.007825087754219983,-0.04866345726790952
2206.0,88.24,1.0,27.049028967818067,15.581197417626607,27.049028967818067,15.581197417626607,1.0174262098466147,-0.010332724624692601,-0.04516528038303412
2207.0,88.28,1.0,27.108884797849306,15.480926700489984,27.108884797849306,15.480926700489984,1.0228191156818758,-0.01238066921440074,-0.04085152106951407
2208.0,88.32000000000001,1.0,27.169258990196717,15.379131563715044,27.169258990196717,15.379131563715044,1.0282473934364158,-0.013960292199850111,-0.03580104121651399
2209.0,88.36,1.0,27.228132073888844,15.276588859276922,27.228132073888844,15.276588859276922,1.0336997440557765,-0.015074823261431124,-0.03011187610468231
2210.0,88.4,1.0,27.287313415641997,15.172971892621328,27.287313415641997,15.172971892621328,1.0391655640540391,-0.015737695745490755,-0.02389870162587914
2211.0,88.44,1.0,27.34512606662596,15.069139185702358,27.34512606662596,15.069139185702358,1.0446316386542107,-0.015971317139026164,-0.017288955018247815
2212.0,88.48,1.0,27.402429367098232,14.964270408954562,27.402429367098232,14.964270408954562,1.0500855168863874,-0.015802852393852273,-0.010419850672863766
2213.0,88.52,1.0,27.458718525161828,14.859005999513348,27.458718525161828,14.859005999513348,1.0555119912071853,-0.015266914935503783,-0.003435180084783711
2214.0,88.56,1.0,27.51462781063724,14.753388190618534,27.51462781063724,14.753388190618534,1.060896587063279,-0.014401128788929175,0.0035180656299549336
2215.0,88.60000000000001,1.0,27.570469597496537,14.647219580695793,27.570469597496537,14.647219580695793,1.0662248227821323,-0.01324068303648659,0.01029481728073536
2216.0,88.64,1.0,27.626382582442194,14.540462983165067,27.626382582442194,14.540462983165067,1.0714825782526747,-0.011820543682662232,0.016755542055253838
2217.0,88.68,1.0,27.680730249132058,14.433825166525557,27.680730249132058,14.433825166525557,1.0766561548219997,-0.010172056529426743,0.022769816932024383
2218.0,88.72,1.0,27.733811331955547,14.326465933535312,27.733811331955547,14.326465933535312,1.081732673518024,-0.008322227002106063,0.02821869089319613
2219.0,88.76,1.0,27.787668876929587,14.22071271611533,27.787668876929587,14.22071271611533,1.086701607644391,-0.006294331642048734,0.03299847569782762
2220.0,88.8,1.0,27.83982192272544,14.113521489927816,27.83982192272544,14.113521489927816,1.0915541589108746,-0.004105870839780956,0.037024005380123584
2221.0,88.84,1.0,27.893598829874257,14.007094669545376,27.893598829874257,14.007094669545376,1.0962834075252939,-0.001768704801423704,0.040230303966985285
2222.0,88.88,1.0,27.94499365535903,13.899950055938282,27.94499365535903,13.899950055938282,1.1008846626687576,0.000709747438181929,0.042573429134860584
2223.0,88.92,1.0,27.997104101211125,13.79284608663058,27.997104101211125,13.79284608663058,1.1053544668757955,0.003324327816269923,0.04403103422647296
2224.0,88.96000000000001,1.0,28.049596674380645,13.684657804170095,28.049596674380645,13.684657804170095,1.1096928201713208,0.006074896281630349,0.0446034551639845
2225.0,89.0,1.0,28.102331273068433,13.577117106635374,28.102331273068433,13.577117106635374,1.1139007914196801,0.008961711174998832,0.044313372133489674
2226.0,89.04,1.0,28.154370569499907,13.468752265985003,28.154370569499907,13.468752265985003,1.1179815397597561,0.011982922198682055,0.04320388591256223
2227.0,89.08,1.0,28.20699467203957,13.361331501970273,28.20699467203957,13.361331501970273,1.1219395833124255,0.015133024321637123,0.04133660048315015
2228.0,89.12,1.0,28.258659338563383,13.253649728237438,28.258659338563383,13.253649728237438,1.12578099516004,0.018405103090288477,0.03879008994518688
2229.0,89.16,1.0,28.31058037832006,13.14617637160335,28.31058037832006,13.14617637160335,1.1295137723112718,0.021788297954240598,0.03565807663958631
2230.0,89.2,1.0,28.36181172348472,13.038335555266187,28.36181172348472,13.038335555266187,1.1331453209685867,0.025267658449829512,0.03204598261003506
2231.0,89.24,1.0,28.41343400654778,12.930186795179058,28.41343400654778,12.930186795179058,1.1366848644760819,0.028819583566747374,0.02806719798101897
2232.0,89.28,1.0,28.46426854729312,12.822505195460916,28.46426854729312,12.822505195460916,1.1401404599550422,0.03241019979432107,0.02384012199475199
2233.0,89.32000000000001,1.0,28.515464811786,12.714772043320442,28.515464811786,12.714772043320442,1.1435218454548817,0.03599921222509722,0.019485360582454956
2234.0,89.36,1.0,28.565885123171586,12.607432051858817,28.565885123171586,12.607432051858817,1.146838507132164,0.039540213552432424,0.015122651175058618
2235.0,89.4,1.0,28.615676907177964,12.498508076628859,28.615676907177964,12.498508076628859,1.1500996091767979,0.04297710294099719,0.010866435813238037
2236.0,89.44,1.0,28.665087282839274,12.389981435127057,28.665087282839274,12.389981435127057,1.153314724041733,0.04624819539690376,0.006822956918117522
2237.0,89.48,1.0,28.714059245019666,12.281840214444438,28.714059245019666,12.281840214444438,1.1564932852207204,0.04928744803192592,0.00308795666653806
2238.0,89.52,1.0,28.763620043438003,12.174364567113784,28.763620043438003,12.174364567113784,1.159645165840638,0.052028310381391774,-0.00025482035484811867
2239.0,89.56,1.0,28.81188450833425,12.065412272572294,28.81188450833425,12.065412272572294,1.162779739575889,0.054401926546261484,-0.00313639284207533
2240.0,89.60000000000001,1.0,28.860255318879133,11.958443127250701,28.860255318879133,11.958443127250701,1.1659058363414319,0.05634004714242223,-0.005504594081276017
2241.0,89.64,1.0,28.90659132025441,11.849840580579457,28.90659132025441,11.849840580579457,1.1690324461431205,0.0577762039629528,-0.007324422017381644
2242.0,89.68,1.0,28.952847060386688,11.742563578759313,28.952847060386688,11.742563578759313,1.172167067385026,0.058653269658137205,-0.0085781671198802
2243.0,89.72,1.0,28.99799679507194,11.634893292631368,28.99799679507194,11.634893292631368,1.1753182735964782,0.05892740072530415,-0.009265343690791239
2244.0,89.76,1.0,29.041509340283902,11.52784247800041,29.041509340283902,11.52784247800041,1.1784918662962216,0.058564950567057975,-0.009402707497323842
2245.0,89.8,1.0,29.085036632844094,11.420861187809312,29.085036632844094,11.420861187809312,1.1816932781896714,0.05754115960078658,-0.009023098200351303
2246.0,89.84,1.0,29.12747742937835,11.314358127347417,29.12747742937835,11.314358127347417,1.1849263877084972,0.05584943064181976,-0.008172864124963953
2247.0,89.88,1.0,29.169744868634815,11.207945473760692,29.169744868634815,11.207945473760692,1.1881939570008084,0.05350248529741536,-0.006910007676249224
2248.0,89.92,1.0,29.211209044446974,11.101130340653262,29.211209044446974,11.101130340653262,1.1914967765909188,0.0505304410822367,-0.005302190904747902
2249.0,89.96000000000001,1.0,29.25270397182664,10.993950948590243,29.25270397182664,10.993950948590243,1.194832981406074,0.046978202764466126,-0.00342493879941107
2250.0,90.0,1.0,29.293789914409565,10.88779789403883,29.293789914409565,10.88779789403883,1.1981989757476865,0.042908196260111796,-0.0013580230309779388
2251.0,90.04,1.0,29.333852314313127,10.782362299532242,29.333852314313127,10.782362299532242,1.2015879570420895,0.03840243982564325,0.0008176172602124447
2252.0,90.08,1.0,29.37381824042263,10.676120793437452,29.37381824042263,10.676120793437452,1.2049921771075223,0.03356260989399751,0.003022167537356637
2253.0,90.12,1.0,29.412680783633043,10.570291574390852,29.412680783633043,10.570291574390852,1.208401655828267,0.02850247623458495,0.005179222906590604
2254.0,90.16,1.0,29.451277112856083,10.464237697720252,29.451277112856083,10.464237697720252,1.2118052331383262,0.02334460260340975,0.007218190320038388
2255.0,90.2,1.0,29.489689749942226,10.359480882366292,29.489689749942226,10.359480882366292,1.2151920065671429,0.018220557915543834,0.009077020670108783
2256.0,90.24,1.0,29.527487448401114,10.253608835801105,29.527487448401114,10.253608835801105,1.2185509906023366,0.013272319687174561,0.010703622297315942
2257.0,90.28,1.0,29.56455915673983,10.148135001051157,29.56455915673983,10.148135001051157,1.221872025458316,0.008641530059043301,0.01205682577839651
2258.0,90.32000000000001,1.0,29.601919007180225,10.04174343749864,29.601919007180225,10.04174343749864,1.2251451138210312,0.004461507905744034,0.013107034851861534
2259.0,90.36,1.0,29.63878152512669,9.935638467386438,29.63878152512669,9.935638467386438,1.2283616269400839,0.0008576597350451354,0.013837106097528088
2260.0,90.4,1.0,29.676189577138395,9.82892442047568,29.676189577138395,9.82892442047568,1.231515162089233,-0.002052231851939523,0.014242464674087013
2261.0,90.44,1.0,29.71391030503513,9.723221709250552,29.71391030503513,9.723221709250552,1.2346013437409749,-0.004165406593519971,0.014329521154673041
2262.0,90.48,1.0,29.752475195763587,9.616191237168291,29.752475195763587,9.616191237168291,1.2376196739576109,-0.005404549192961583,0.01411479356481917
2263.0,90.52,1.0,29.78976078520328,9.509258901156606,29.78976078520328,9.509258901156606,1.2405705323922538,-0.0057230244179131695,0.013623531158693228
2264.0,90.56,1.0,29.82768057059791,9.401867498858044,29.82768057059791,9.401867498858044,1.2434583092496234,-0.00509749032645328,0.01288858327223397
2265.0,90.60000000000001,1.0,29.864758155407213,9.29423051381409,29.864758155407213,9.29423051381409,1.246288155714867,-0.0035303479332061904,0.011948099953258382
2266.0,90.64,1.0,29.902360257406322,9.185536456085568,29.902360257406322,9.185536456085568,1.2490676675397767,-0.0010555694727336085,0.010843385387016503
2267.0,90.68,1.0,29.938541776517507,9.076157096525552,29.938541776517507,9.076157096525552,1.2518049761303345,0.002257453418251787,0.009617239109885175
2268.0,90.72,1.0,29.974484501182665,8.96787491921614,29.974484501182665,8.96787491921614,1.2545096423893878,0.006309550561813171,0.008312037055351112
2269.0,90.76,1.0,30.009015095309174,8.858410237192183,30.009015095309174,8.858410237192183,1.2571916540025845,0.01097786258025164,0.006968136760174553
2270.0,90.8,1.0,30.04330179627334,8.748223984783788,30.04330179627334,8.748223984783788,1.2598618658539422,0.016115138596847767,0.005621761606511665
2271.0,90.84,1.0,30.07843866744785,8.637017935816635,30.07843866744785,8.637017935816635,1.262531296391543,0.021549023107945497,0.004303774571721386
2272.0,90.88,1.0,30.11274799716646,8.526128794458174,30.11274799716646,8.526128794458174,1.265210228386833,0.02708873902744522,0.003039536415439499
2273.0,90.92,1.0,30.148564804841385,8.41500875909729,30.148564804841385,8.41500875909729,1.2679076844854664,0.03253840716448446,0.0018479413200320912
2274.0,90.96000000000001,1.0,30.182518597765323,8.30415799236203,30.182518597765323,8.30415799236203,1.2706323786273932,0.037704080038264164,0.000741311407957416
2275.0,91.0,1.0,30.217951598859884,8.19322528757154,30.217951598859884,8.19322528757154,1.2733912122314623,0.04238867237944453,-0.0002752235182853077
2276.0,91.04,1.0,30.252377169453695,8.083558138200633,30.252377169453695,8.083558138200633,1.2761912228540369,0.04639884715592561,-0.0012023642614391165
2277.0,91.08,1.0,30.28673998349104,7.973506114510196,30.28673998349104,7.973506114510196,1.2790372484654937,0.049560399488817,-0.0020464741487107993
2278.0,91.12,1.0,30.319278161962284,7.865183702328902,30.319278161962284,7.865183702328902,1.2819342192431513,0.05172870845816615,-0.002818605128599479
2279.0,91.16,1.0,30.35223798112775,7.756408081500038,30.35223798112775,7.756408081500038,1.284884645334921,0.052786176154079746,-0.0035339500933114195
2280.0,91.2,1.0,30.38384245682924,7.648695097331587,30.38384245682924,7.648695097331587,1.2878916575315844,0.05264512178209997,-0.004210207311413331
2281.0,91.24,1.0,30.41476483628087,7.541741249562323,30.41476483628087,7.541741249562323,1.2909570361048024,0.051254931165270676,-0.004866350573079235
2282.0,91.28,1.0,30.444046644055476,7.435894649170099,30.444046644055476,7.435894649170099,1.294081991015152,0.048608281890235285,-0.0055215033344363
2283.0,91.32000000000001,1.0,30.474309064854925,7.329633552480156,30.474309064854925,7.329633552480156,1.2972683788929975,0.044742153011958455,-0.006194422693585719
2284.0,91.36,1.0,30.50308574712064,7.224082589894008,30.50308574712064,7.224082589894008,1.3005178906789585,0.039728510411297414,-0.006902202168501082
2285.0,91.4,1.0,30.53267391607863,7.119175682546803,30.53267391607863,7.119175682546803,1.3038334408208967,0.03367605439698303,-0.007659486246014788
2286.0,91.44,1.0,30.561331657929532,7.0141674947504855,30.561331657929532,7.0141674947504855,1.3072174798881004,0.02673297936607356,-0.008477203629719206
2287.0,91.48,1.0,30.59024058518377,6.909362681768817,30.59024058518377,6.909362681768817,1.3106723605908308,0.01908452995083192,-0.009363277149249009
2288.0,91.52,1.0,30.618502301436102,6.80360679369233,30.618502301436102,6.80360679369233,1.3142008961255773,0.010937951074083218,-0.01032167413736004
2289.0,91.56,1.0,30.64746054120248,6.699357347834774,30.64746054120248,6.699357347834774,1.317806121087759,0.0025133266440978464,-0.011352909482262452
2290.0,91.60000000000001,1.0,30.675496032719742,6.594430596349069,30.675496032719742,6.594430596349069,1.3214926371442217,-0.005953659364627839,-0.012452833322641552
2291.0,91.64,1.0,30.702979856104132,6.490667011307776,30.702979856104132,6.490667011307776,1.3252640278808305,-0.014217947651090024,-0.013613977637696631
2292.0,91.68,1.0,30.730020468539625,6.385260598660302,30.730020468539625,6.385260598660302,1.3291247375214486,-0.02203734930328982,-0.014825172183390472
2293.0,91.72,1.0,30.756228365503716,6.280226116201846,30.756228365503716,6.280226116201846,1.3330791207060284,-0.029184386718907683,-0.01607200171779288
2294.0,91.76,1.0,30.783234554978634,6.174921373937379,30.783234554978634,6.174921373937379,1.3371305627720755,-0.03545327749544515,-0.017336268629601123
2295.0,91.8,1.0,30.80921946435805,6.069881577127774,30.80921946435805,6.069881577127774,1.3412820217845653,-0.040656720112295486,-0.01859670216287678
2296.0,91.84,1.0,30.834918743347412,5.963230530941396,30.834918743347412,5.963230530941396,1.345533631118841,-0.04463783299842552,-0.019829151171476156
2297.0,91.88,1.0,30.860186402782908,5.855843657003318,30.860186402782908,5.855843657003318,1.3498846727604306,-0.047276357797225645,-0.02100744882753366
2298.0,91.92,1.0,30.8845520592515,5.746663599567415,30.8845520592515,5.746663599567415,1.354332163571407,-0.04849576688421929,-0.022102785305624675
2299.0,91.96000000000001,1.0,30.909522705865875,5.637791053365815,30.909522705865875,5.637791053365815,1.3588719907265452,-0.04825434417041892,-0.023084381636376407
2300.0,92.0,1.0,30.933153348838704,5.527324662865982,30.933153348838704,5.527324662865982,1.3634967237953008,-0.04655009216968766,-0.023919269925698563
2301.0,92.04,1.0,30.95728755590049,5.41612319279593,30.95728755590049,5.41612319279593,1.3681963423903418,-0.043423770092339775,-0.024574098919676178
2302.0,92.08,1.0,30.9808039587381,5.3035472909604895,30.9808039587381,5.3035472909604895,1.3729586791466715,-0.038960049688452,-0.025014363805610472
2303.0,92.12,1.0,31.004220387720967,5.1915556004420615,31.004220387720967,5.1915556004420615,1.377769025852118,-0.0332794961509746,-0.02520569331581201
2304.0,92.16,1.0,31.027508216773022,5.077629836667926,31.027508216773022,5.077629836667926,1.3826107181678255,-0.026530984523540913,-0.025114032989721723
2305.0,92.2,1.0,31.0498544284418,4.9636944217422325,31.0498544284418,4.9636944217422325,1.3874658897091563,-0.01888828350725663,-0.024707771759303533
2306.0,92.24,1.0,31.071434936924295,4.849258067137915,31.071434936924295,4.849258067137915,1.3923159399780243,-0.0105504619004128,-0.02395799433390673
2307.0,92.28,1.0,31.093105054559395,4.734198141405436,31.093105054559395,4.734198141405436,1.3971431642282537,-0.0017306712196950124,-0.02284013630814367
2308.0,92.32000000000001,1.0,31.113771597577767,4.619977409245233,31.113771597577767,4.619977409245233,1.4019309268433084,0.007352235729526424,-0.021334513638857668
2309.0,92.36,1.0,31.134167391439824,4.504881625158404,31.134167391439824,4.504881625158404,1.4066645801455167,0.016484642010294114,-0.019428248985885205
2310.0,92.4,1.0,31.153147942303537,4.39102883021045,31.153147942303537,4.39102883021045,1.4113307491896863,0.025451813494846154,-0.017116558057001144
2311.0,92.44,1.0,31.171591410055647,4.276611385310337,31.171591410055647,4.276611385310337,1.4159194741277665,0.034051511721843196,-0.01440406493838405
2312.0,92.48,1.0,31.18847812466862,4.163848522952015,31.18847812466862,4.163848522952015,1.4204236318948853,0.0420975101842598,-0.011304783985811242
2313.0,92.52,1.0,31.20401204690999,4.051246981349657,31.20401204690999,4.051246981349657,1.4248392596056132,0.049427782332914325,-0.007843773058044349
2314.0,92.56,1.0,31.21875064486335,3.9382441942703728,31.21875064486335,3.9382441942703728,1.4291643254650919,0.05590377207904572,-0.004057469271297346
2315.0,92.60000000000001,1.0,31.232531750867366,3.825919576143677,31.232531750867366,3.825919576143677,1.4333990405401744,0.06141323852235777,5.530811135796843e-06
2316.0,92.64,1.0,31.2449968455061,3.713434216937956,31.2449968455061,3.713434216937956,1.4375447222493212,0.06587348363900788,0.004285872930471017
2317.0,92.68,1.0,31.257669972243036,3.6014253266092644,31.257669972243036,3.6014253266092644,1.441604290812019,0.06923522878542461,0.008713087445341303
2318.0,92.72,1.0,31.269799615793442,3.4899537569094727,31.269799615793442,3.4899537569094727,1.4455812244114628,0.07147810446373665,0.013207567622963495
2319.0,92.76,1.0,31.281116771466156,3.3790510772608804,31.281116771466156,3.3790510772608804,1.4494786887917308,0.07260856013591341,0.017681290711764962
2320.0,92.8,1.0,31.292083676633514,3.2690408834805225,31.292083676633514,3.2690408834805225,1.4532997676767943,0.07265538351863662,0.022040360037889693
2321.0,92.84,1.0,31.30300904738571,3.159764564822722,31.30300904738571,3.159764564822722,1.4570474827466033,0.07167568791470388,0.026187399060132305
2322.0,92.88,1.0,31.3126931654259,3.050637368123049,31.3126931654259,3.050637368123049,1.4607247630530291,0.06974607166240022,0.030024496217074433
2323.0,92.92,1.0,31.321605374417185,2.9422573166999664,31.321605374417185,2.9422573166999664,1.4643328949595198,0.06696217476338212,0.033455414291957655
2324.0,92.96000000000001,1.0,31.33009173294503,2.8343709107850965,31.33009173294503,2.8343709107850965,1.4678729143337068,0.06343034709606596,0.03638891955958076
2325.0,93.0,1.0,31.33879954725122,2.7271911948288836,31.33879954725122,2.7271911948288836,1.4713459256656498,0.05926899251006662,0.03874198180528622
2326.0,93.04,1.0,31.346853727916294,2.61983452474196,31.346853727916294,2.61983452474196,1.4747526610739827,0.0546021692665132,0.04044257724780845
2327.0,93.08,1.0,31.354790752200536,2.5134703554253783,31.354790752200536,2.5134703554253783,1.4780953614640806,0.049557421531764304,0.041431719372824576
2328.0,93.12,1.0,31.362635369881627,2.406106565603908,31.362635369881627,2.406106565603908,1.4813754011849243,0.0442593304663621,0.0416666804001854
2329.0,93.16,1.0,31.3709606476718,2.299875704921436,31.3709606476718,2.299875704921436,1.4845960855824591,0.038829530806425615,0.04112214422179416
2330.0,93.2,1.0,31.379098295518485,2.1934135284545215,31.379098295518485,2.1934135284545215,1.4877618389497314,0.033383730234572015,0.03979236365132188
2331.0,93.24,1.0,31.3883855408893,2.0869657765794885,31.3883855408893,2.0869657765794885,1.4908785820635377,0.028028678253862495,0.037691573380620375
2332.0,93.28,1.0,31.39832913722766,1.980516967771597,31.39832913722766,1.980516967771597,1.4939523300859685,0.022856980025519426,0.034854552103643965
2333.0,93.32000000000001,1.0,31.407600678092336,1.8733572377536032,31.407600678092336,1.8733572377536032,1.4969883719242483,0.017950590032375525,0.03133518596076429
2334.0,93.36,1.0,31.417016116781248,1.766879072314104,31.417016116781248,1.766879072314104,1.499994458293701,0.013376425008178316,0.027205892453708906
2335.0,93.4,1.0,31.424246381082604,1.6594265116252456,31.424246381082604,1.6594265116252456,1.5029773897382877,0.009192220144745378,0.022555925764264816
2336.0,93.44,1.0,31.433381113060108,1.5526783597086298,31.433381113060108,1.5526783597086298,1.5059453093529513,0.005439968874832002,0.01748894159597442
2337.0,93.48,1.0,31.44116327941299,1.4466134075333925,31.44116327941299,1.4466134075333925,1.5089069433371032,0.002149592569558945,0.01212071933363582
2338.0,93.52,1.0,31.449166046029582,1.3397156583627339,31.449166046029582,1.3397156583627339,1.511870201755992,-0.0006657786547427658,0.006575743695698341
2339.0,93.56,1.0,31.457797146802033,1.2333480970964272,31.457797146802033,1.2333480970964272,1.5148455194192532,-0.0030044405906304306,0.0009832972927756114
2340.0,93.60000000000001,1.0,31.466108700678763,1.1264927194912482,31.466108700678763,1.1264927194912482,1.5178409025763808,-0.0048768380183640495,-0.004525747075221664
2341.0,93.64,1.0,31.474279266726636,1.0197012026196162,31.474279266726636,1.0197012026196162,1.520865082577482,-0.006303959520003122,-0.0098225510213208
2342.0,93.68,1.0,31.480635573325532,0.9122263998526778,31.480635573325532,0.9122263998526778,1.5239235978838457,-0.007315528932109272,-0.014784265261326809
2343.0,93.72,1.0,31.489179047344926,0.8041354394316806,31.489179047344926,0.8041354394316806,1.527023454201233,-0.00794689829819989,-0.019298267218426278
2344.0,93.76,1.0,31.49588762790131,0.6965056872720676,31.49588762790131,0.6965056872720676,1.5301712821167173,-0.008239539519574391,-0.023264221912721962
2345.0,93.8,1.0,31.502483515083963,0.5878829243153056,31.502483515083963,0.5878829243153056,1.533372070382001,-0.008239670855586268,-0.026597481675315927
2346.0,93.84,1.0,31.507342084608762,0.47934997865573037,31.507342084608762,0.47934997865573037,1.5366324207685151,-0.00799956492378089,-0.02923157245237773
2347.0,93.88,1.0,31.512316947562102,0.37093560589005226,31.512316947562102,0.37093560589005226,1.5399576633669116,-0.007571103257091682,-0.031120190089127815
2348.0,93.92,1.0,31.516241057258174,0.2622758601443655,31.516241057258174,0.2622758601443655,1.543353701945138,-0.007005436517671393,-0.03223844885207081
2349.0,93.96000000000001,1.0,31.52040326024551,0.15390830392815502,31.52040326024551,0.15390830392815502,1.5468262325304996,-0.0063475691834096295,-0.03258253645111296
2350.0,94.0,1.0,31.52416885758145,0.0446327927020572,31.52416885758145,0.0446327927020572,1.5503779945269072,-0.005640049496056787,-0.0321698386592741
2351.0,94.04,1.0,31.525788898465642,-0.0632641347913461,31.525788898465642,-0.0632641347913461,1.5540123648892101,-0.004919781913683386,-0.031038568964530965
2352.0,94.08,1.0,31.525680353631326,-0.1719186048875469,31.525680353631326,-0.1719186048875469,1.5577296831402587,-0.0042171794725397675,-0.029247627582913067
2353.0,94.12,1.0,31.5262385266887,-0.27919479779842854,31.5262385266887,-0.27919479779842854,1.5615334525040618,-0.003552131680716919,-0.026873111989996312
2354.0,94.16,1.0,31.52550529861881,-0.3881001415898643,31.52550529861881,-0.3881001415898643,1.5654229944524158,-0.002936253916614595,-0.024005313917026806
2355.0,94.2,1.0,31.526219580427487,-0.4953861729359145,31.526219580427487,-0.4953861729359145,1.5693986302264178,-0.0023738424935310087,-0.020746616340363743
2356.0,94.24,1.0,31.525002806010612,-0.6034954793688502,31.525002806010612,-0.6034954793688502,1.5734591613195346,-0.001858170715376417,-0.017208217585695053
2357.0,94.28,1.0,31.523091200304712,-0.7113551912942018,31.523091200304712,-0.7113551912942018,1.5776008078780663,-0.0013724588796268922,-0.01350598395617351
2358.0,94.32000000000001,1.0,31.5218199596358,-0.8190950389317854,31.5218199596358,-0.8190950389317854,1.5818184765530399,-0.000892564319116096,-0.009756163423195081
2359.0,94.36,1.0,31.5172765430956,-0.9267990183391841,31.5172765430956,-0.9267990183391841,1.5861029287232211,-0.0003916968420845324,-0.006071713355274161
2360.0,94.4,1.0,31.514111246503212,-1.035341976804712,31.514111246503212,-1.035341976804712,1.5904433347336862,0.00016320892602524894,-0.002559520528312684
2361.0,94.44,1.0,31.50910961248386,-1.1435118009460645,31.50910961248386,-1.1435118009460645,1.5948266524514771,0.0008084248929153048,0.0006835385802135125
2362.0,94.48,1.0,31.50692606843814,-1.2519689634798055,31.50692606843814,-1.2519689634798055,1.599238838384433,0.0015841944293473631,0.003574155411257999
2363.0,94.52,1.0,31.50154415341587,-1.3618435813442624,31.50154415341587,-1.3618435813442624,1.6036657901701985,0.002527004064275984,0.006046724170878031
2364.0,94.56,1.0,31.496859193053336,-1.4691109949567605,31.496859193053336,-1.4691109949567605,1.608089685936307,0.0036676167054732088,0.008052971482730417
2365.0,94.60000000000001,1.0,31.491694312469946,-1.5785549754788302,31.491694312469946,-1.5785549754788302,1.6124951327980643,0.005030554070618409,0.009563712519918808
2366.0,94.64,1.0,31.48788067164636,-1.6858200345750123,31.48788067164636,-1.6858200345750123,1.6168639804742622,0.006635309401650991,0.01057022332199924
2367.0,94.68,1.0,31.482668000691536,-1.7949278828009443,31.482668000691536,-1.7949278828009443,1.621179345486338,0.00848979031130218,0.011085510628603188
2368.0,94.72,1.0,31.47829339258965,-1.9026526673950983,31.47829339258965,-1.9026526673950983,1.625424514499144,0.010588259631833663,0.011141964392189431
2369.0,94.76,1.0,31.47158561214053,-2.01105169457412,31.47158561214053,-2.01105169457412,1.6295831373813692,0.012912635437626408,0.010789319308214204
2370.0,94.8,1.0,31.46531274731823,-2.118016580763385,31.46531274731823,-2.118016580763385,1.633642876214737,0.015436134759153463,0.010092313814427798
2371.0,94.84,1.0,31.459079209582598,-2.2259995589623247,31.459079209582598,-2.2259995589623247,1.6375930270416295,0.018115386848772952,0.009128644725479172
2372.0,94.88,1.0,31.453474550652338,-2.334159108369133,31.453474550652338,-2.334159108369133,1.6414283874500122,0.020897460008327373,0.007985309746109285
2373.0,94.92,1.0,31.445928627632146,-2.44190164945819,31.445928627632146,-2.44190164945819,1.6451443463947393,0.023714857306386606,0.006754339795418629
2374.0,94.96000000000001,1.0,31.43907165476879,-2.5503484227966737,31.43907165476879,-2.5503484227966737,1.6487405634427486,0.02649927584394608,0.005527588725377018
2375.0,95.0,1.0,31.430994919382176,-2.6593604381746596,31.430994919382176,-2.6593604381746596,1.652220493758398,0.029174562515952428,0.004395134831795472
2376.0,95.04,1.0,31.422781703768727,-2.7682721572385787,31.422781703768727,-2.7682721572385787,1.6555894356088294,0.0316667744744998,0.003440590625054511
2377.0,95.08,1.0,31.414065639297213,-2.8772139521058575,31.414065639297213,-2.8772139521058575,1.6588568461866853,0.03389726265669798,0.002737037530763845
2378.0,95.12,1.0,31.404195046206297,-2.985761082716734,31.404195046206297,-2.985761082716734,1.6620332957041613,0.0357987664857891,0.00234184970277938
2379.0,95.16,1.0,31.395115484213157,-3.094074674931189,31.395115484213157,-3.094074674931189,1.6651321352540243,0.03731368568017225,0.0022962173220341885
2380.0,95.2,1.0,31.384042135937523,-3.2008139493828502,31.384042135937523,-3.2008139493828502,1.6681690126283388,0.03839757803816973,0.0026231472051168165
2381.0,95.24,1.0,31.37293354721667,-3.307905713850716,31.37293354721667,-3.307905713850716,1.6711595327822306,0.039017731385812646,0.0033263272386961002
2382.0,95.28,1.0,31.360588471024577,-3.413280406814932,31.360588471024577,-3.413280406814932,1.6741199356947931,0.03915963182242562,0.00438875542125546
2383.0,95.32000000000001,1.0,31.348127337689032,-3.5176152805429504,31.348127337689032,-3.5176152805429504,1.6770638506814748,0.038826709219735876,0.005773658261307993
2384.0,95.36,1.0,31.335810329538855,-3.623066239560707,31.335810329538855,-3.623066239560707,1.6800069406268854,0.03804250089696385,0.00742655090098869
2385.0,95.4,1.0,31.32233097355702,-3.7266256332081995,31.32233097355702,-3.7266256332081995,1.682961051951881,0.03684460333266706,0.009278484569093698
2386.0,95.44,1.0,31.30835406941805,-3.831047626002802,31.30835406941805,-3.831047626002802,1.6859363303148833,0.035291763224433226,0.011247328549357515
2387.0,95.48,1.0,31.293783151499316,-3.9342750798140917,31.293783151499316,-3.9342750798140917,1.6889394867349783,0.03345147121389221,0.013241638475608043
2388.0,95.52,1.0,31.279461269761214,-4.037562304462259,31.279461269761214,-4.037562304462259,1.6919742721135518,0.03141023360720132,0.015164750784830452
2389.0,95.56,1.0,31.26506652005089,-4.140344861634012,31.26506652005089,-4.140344861634012,1.6950424558051147,0.02925144466300005,0.016920614460074368
2390.0,95.60000000000001,1.0,31.250871283063027,-4.2436527456937325,31.250871283063027,-4.2436527456937325,1.6981424927607596,0.02706684342172173,0.018416124828926107
2391.0,95.64,1.0,31.235840397365543,-4.346996414215771,31.235840397365543,-4.346996414215771,1.7012702655639285,0.02494327134910257,0.019565728521793394
2392.0,95.68,1.0,31.220808366060425,-4.449638450084705,31.220808366060425,-4.449638450084705,1.7044190140657551,0.022968285826901892,0.020295222058310747
2393.0,95.72,1.0,31.206517580074337,-4.5547269477325525,31.206517580074337,-4.5547269477325525,1.7075809991820528,0.02121765985667464,0.020546391339095926
2394.0,95.76,1.0,31.192341769307934,-4.656405596011242,31.192341769307934,-4.656405596011242,1.710747986160753,0.0197522695793918,0.020279238206409082
2395.0,95.8,1.0,31.177642492694666,-4.760553099726045,31.177642492694666,-4.760553099726045,1.7139090488016244,0.018614820961461144,0.019473403382655748
2396.0,95.84,1.0,31.162990463319897,-4.863175021186337,31.162990463319897,-4.863175021186337,1.7170543265231981,0.01782718468547493,0.018128607462911565
2397.0,95.88,1.0,31.14724349183619,-4.96739389909852,31.14724349183619,-4.96739389909852,1.7201733418968288,0.017388485483435644,0.016265631539682676
2398.0,95.92,1.0,31.132313832901595,-5.070969092104832,31.132313832901595,-5.070969092104832,1.7232588204486714,0.01727623053598689,0.013925762606811687
2399.0,95.96000000000001,1.0,31.116925346543944,-5.175794915416306,31.116925346543944,-5.175794915416306,1.726305270361118,0.01744178466452536,0.01116906241183529
2400.0,96.0,1.0,31.101937830973498,-5.279604857963499,31.101937830973498,-5.279604857963499,1.7293099201571582,0.01781999735892048,0.008071050973752795
2401.0,96.04,1.0,31.086887738861805,-5.383956309617753,31.086887738861805,-5.383956309617753,1.7322736568601158,0.018320828120901966,0.004720798554819333
2402.0,96.08,1.0,31.07227199630435,-5.488031524360455,31.07227199630435,-5.488031524360455,1.7352005254523544,0.018840526161626993,0.0012169516344017375
2403.0,96.12,1.0,31.057384002283705,-5.591540905090119,31.057384002283705,-5.591540905090119,1.738098667713175,0.019255069610946963,-0.0023360474178543388
2404.0,96.16,1.0,31.04183972296125,-5.695344312592896,31.04183972296125,-5.695344312592896,1.740977216372246,0.019436861376500546,-0.005833218853733204
2405.0,96.2,1.0,31.025894924755676,-5.798395934701957,31.025894924755676,-5.798395934701957,1.7438474251363256,0.019253409133201005,-0.009172853376950249
2406.0,96.24000000000001,1.0,31.009566847842997,-5.901080152430089,31.009566847842997,-5.901080152430089,1.7467227860355592,0.018578122182579315,-0.012260447168097472
2407.0,96.28,1.0,30.992267421765536,-6.00398474077954,30.992267421765536,-6.00398474077954,1.7496182739552217,0.017289508788303563,-0.015012143262059324
2408.0,96.32000000000001,1.0,30.97456434971686,-6.106246322800915,30.97456434971686,-6.106246322800915,1.7525515549289898,0.015276769256564049,-0.017358221017618705
2409.0,96.36,1.0,30.95642675354015,-6.20894273833533,30.95642675354015,-6.20894273833533,1.7555393070458751,0.012449468678003705,-0.01924591413872243
2410.0,96.4,1.0,30.93775421370423,-6.310283407026821,30.93775421370423,-6.310283407026821,1.7585984313244178,0.008739156690016014,-0.020640923067868765
2411.0,96.44,1.0,30.918537196281733,-6.412467340458692,30.918537196281733,-6.412467340458692,1.7617441399598526,0.004106632356988405,-0.021527906826925833
2412.0,96.48,1.0,30.89904155911369,-6.513571315390331,30.89904155911369,-6.513571315390331,1.7649896934353222,-0.001460011003106243,-0.02191088334080917
2413.0,96.52,1.0,30.879021294043163,-6.613446252733648,30.879021294043163,-6.613446252733648,1.7683451218387662,-0.007940869577176202,-0.021812312098143626
2414.0,96.56,1.0,30.858603803609913,-6.7140548180843735,30.858603803609913,-6.7140548180843735,1.7718161741616147,-0.015280887799433662,-0.021271878970470566
2415.0,96.60000000000001,1.0,30.83765981489247,-6.812212928291094,30.83765981489247,-6.812212928291094,1.7754067346925513,-0.023396611315649195,-0.02034377936081946
2416.0,96.64,1.0,30.816101857515196,-6.911385337635747,30.816101857515196,-6.911385337635747,1.7791176256228347,-0.0321752393007135,-0.0190941895647984
2417.0,96.68,1.0,30.795416178603954,-7.009356110607678,30.795416178603954,-7.009356110607678,1.782947806921415,-0.04148270626947792,-0.017597719342255347
2418.0,96.72,1.0,30.773021529798008,-7.108030698503271,30.773021529798008,-7.108030698503271,1.786893029035589,-0.051158852721747826,-0.01593365511494503
2419.0,96.76,1.0,30.750580538924766,-7.2072037390994215,30.750580538924766,-7.2072037390994215,1.790945067711156,-0.0610242466697688,-0.014182130009486935
2420.0,96.8,1.0,30.728231004607505,-7.30679021745416,30.728231004607505,-7.30679021745416,1.795093194498158,-0.07089193897849114,-0.012420268045039366
2421.0,96.84,1.0,30.70535071250286,-7.40617339676361,30.70535071250286,-7.40617339676361,1.7993231569811894,-0.08057107668275458,-0.010718773674419552
2422.0,96.88,1.0,30.681826108227746,-7.505957515670405,30.681826108227746,-7.505957515670405,1.803618882803392,-0.08987592820182702,-0.009138865961564418
2423.0,96.92,1.0,30.65678115749891,-7.605563632066226,30.65678115749891,-7.605563632066226,1.8079616600747623,-0.09862349006552681,-0.007729817342823876
2424.0,96.96000000000001,1.0,30.63162831281941,-7.706637438240465,30.63162831281941,-7.706637438240465,1.8123326048799828,-0.10664885294518656,-0.006527168283596389
2425.0,97.0,1.0,30.606060933125747,-7.807625069392783,30.606060933125747,-7.807625069392783,1.8167134219422643,-0.11380950137306911,-0.005551257109672878
2426.0,97.04,1.0,30.580634576565252,-7.909542574226802,30.580634576565252,-7.909542574226802,1.8210861258799937,-0.1199927059321059,-0.0048068400939475465
2427.0,97.08,1.0,30.555833144925508,-8.011000401634563,30.555833144925508,-8.011000401634563,1.8254340950333003,-0.12510971235569576,-0.0042831917724884105
2428.0,97.12,1.0,30.52933777012401,-8.113992239491186,30.52933777012401,-8.113992239491186,1.829740424051136,-0.12910305522801982,-0.003955570113623646
2429.0,97.16,1.0,30.50231879746027,-8.218311618631624,30.50231879746027,-8.218311618631624,1.8339907061238623,-0.13195053494995204,-0.0037872292922638434
2430.0,97.2,1.0,30.47461381366015,-8.324139803726041,30.47461381366015,-8.324139803726041,1.838172759426373,-0.13366884270310267,-0.0037317065229167715
2431.0,97.24000000000001,1.0,30.446723263778363,-8.429975781570603,30.446723263778363,-8.429975781570603,1.842277404221046,-0.13430657132242058,-0.0037355580017084796
2432.0,97.28,1.0,30.418083374160403,-8.53730384980745,30.418083374160403,-8.53730384980745,1.8462991650398926,-0.1339408418707691,-0.003741781088253398
2433.0,97.32000000000001,1.0,30.387705802623003,-8.646151467312016,30.387705802623003,-8.646151467312016,1.850235891058955,-0.13267561426687835,-0.003693768509464672
2434.0,97.36,1.0,30.356386919448635,-8.755979108240147,30.356386919448635,-8.755979108240147,1.8540905562816203,-0.1306423318124339,-0.003538399885390726
2435.0,97.4,1.0,30.32452774868067,-8.866546914593423,30.32452774868067,-8.866546914593423,1.8578691942046153,-0.1279858548061113,-0.003229023264521276
2436.0,97.44,1.0,30.292412350065433,-8.97661601879055,30.292412350065433,-8.97661601879055,1.861581738453237,-0.12486051971744291,-0.0027283422169304154
2437.0,97.48,1.0,30.258667361634917,-9.08737506125166,30.258667361634917,-9.08737506125166,1.8652400649542087,-0.12141906897535507,-0.0020109434890941366
2438.0,97.52,1.0,30.224654443375215,-9.197018075912341,30.224654443375215,-9.197018075912341,1.8688572342741971,-0.1178206428331257,-0.001065276931452896
2439.0,97.56,1.0,30.189397004841528,-9.306237538172962,30.189397004841528,-9.306237538172962,1.8724481765209855,-0.114214824965479,0.00010570827685436567
2440.0,97.60000000000001,1.0,30.153544665765633,-9.415696064132161,30.153544665765633,-9.415696064132161,1.8760272779237437,-0.11073764640658061,0.0014842697141986283
2441.0,97.64,1.0,30.11730439128751,-9.525142855352767,30.11730439128751,-9.525142855352767,1.8796090903524671,-0.10750154719044028,0.0030381927305752022
2442.0,97.68,1.0,30.079712158129734,-9.634956981073762,30.079712158129734,-9.634956981073762,1.8832063859496206,-0.10459660358046508,0.004721653309645549
2443.0,97.72,1.0,30.0427991765091,-9.74443180196051,30.0427991765091,-9.74443180196051,1.886830045396166,-0.10209141261519095,0.006477398509406225
2444.0,97.76,1.0,30.005724345275485,-9.854006823837333,30.005724345275485,-9.854006823837333,1.8904888750905566,-0.10003150206175007,0.008240078527913117
2445.0,97.8,1.0,29.967697810380702,-9.963710434463882,29.967697810380702,-9.963710434463882,1.8941877842335102,-0.09843269677731495,0.009938870149597098
2446.0,97.84,1.0,29.928886474840056,-10.074260613345754,29.928886474840056,-10.074260613345754,1.897928666050318,-0.0972854116761646,0.011500721647888987
2447.0,97.88,1.0,29.88922430022142,-10.185038888833947,29.88922430022142,-10.185038888833947,1.901708362712839,-0.09655612166094381,0.012853817340168633
2448.0,97.92,1.0,29.84973269116452,-10.297480579112266,29.84973269116452,-10.297480579112266,1.9055213362191754,-0.09619174104312897,0.013931697594103284
2449.0,97.96000000000001,1.0,29.81014843711003,-10.408020384146074,29.81014843711003,-10.408020384146074,1.9093591695037346,-0.09611736562430992,0.014676631567744347
2450.0,98.0,1.0,29.769982424404485,-10.519639504728257,29.769982424404485,-10.519639504728257,1.9132117463103384,-0.09624682362260935,0.015042323486403181
2451.0,98.04,1.0,29.729677366189815,-10.630798335408329,29.729677366189815,-10.630798335408329,1.9170677017565225,-0.09648497605127723,0.01499637273314996
2452.0,98.08,1.0,29.688648570161092,-10.743148142661141,29.688648570161092,-10.743148142661141,1.9209150324501194,-0.09673430504688034,0.014522284955543701
2453.0,98.12,1.0,29.647213369433736,-10.85480636440708,29.647213369433736,-10.85480636440708,1.9247425789694663,-0.09689722894871325,0.013621023446120659
2454.0,98.16,1.0,29.60544501166634,-10.967426421062841,29.60544501166634,-10.967426421062841,1.9285400983556236,-0.09687910217453316,0.01231127234697495
2455.0,98.2,1.0,29.56432397590471,-11.080524559197979,29.56432397590471,-11.080524559197979,1.9322979889544718,-0.09658844003481976,0.010628539799082803
2456.0,98.24000000000001,1.0,29.52219678677027,-11.19440470444012,29.52219678677027,-11.19440470444012,1.9360082997728174,-0.09594528867164463,0.008624207375959595
2457.0,98.28,1.0,29.48023916123402,-11.308534196435435,29.48023916123402,-11.308534196435435,1.9396651248626817,-0.0948877060122039,0.006363386521156744
2458.0,98.32000000000001,1.0,29.43739198700672,-11.42311118928511,29.43739198700672,-11.42311118928511,1.9432664121192151,-0.09336885731799388,0.00392241980866591
2459.0,98.36,1.0,29.395255713408925,-11.537513284101603,29.395255713408925,-11.537513284101603,1.9468123121950416,-0.09136005476826875,0.001384951713649854
2460.0,98.4,1.0,29.35196494675835,-11.652822615008114,29.35196494675835,-11.652822615008114,1.9503070617258857,-0.08884858653597592,-0.0011611573127883416
2461.0,98.44,1.0,29.307314755148134,-11.769140339214038,29.307314755148134,-11.769140339214038,1.9537573401049166,-0.08583706338989221,-0.0036276323253319753
2462.0,98.48,1.0,29.26284026420148,-11.884814659411102,29.26284026420148,-11.884814659411102,1.957173557314937,-0.08234677622869654,-0.00592926486580403
2463.0,98.52,1.0,29.21683629645678,-12.001304636164985,29.21683629645678,-12.001304636164985,1.9605674287848962,-0.07841560546175237,-0.007987816123780033
2464.0,98.56,1.0,29.169615902893934,-12.117125205072949,29.169615902893934,-12.117125205072949,1.9639516874579868,-0.0740924507073957,-0.009735302286603
2465.0,98.60000000000001,1.0,29.12148214367384,-12.233903676959622,29.12148214367384,-12.233903676959622,1.9673395764461232,-0.06943242486497403,-0.011117173213974863
2466.0,98.64,1.0,29.072141063207518,-12.350323133079801,29.072141063207518,-12.350323133079801,1.9707446125500359,-0.06450137808408155,-0.012094440049603934
2467.0,98.68,1.0,29.02198016699405,-12.46779914515069,29.02198016699405,-12.46779914515069,1.9741803331883667,-0.05937481695468377,-0.012645380096066455
2468.0,98.72,1.0,28.971283064233983,-12.583342584998679,28.971283064233983,-12.583342584998679,1.9776593645446137,-0.05413006369220895,-0.012766000414124092
2469.0,98.76,1.0,28.92067618495515,-12.699861065047482,28.92067618495515,-12.699861065047482,1.981192849373598,-0.04884717488768281,-0.012470447928521604
2470.0,98.8,1.0,28.869880495151524,-12.81592682514289,28.869880495151524,-12.81592682514289,1.984791175755508,-0.04360398448782001,-0.011789813560075219
2471.0,98.84,1.0,28.81792324671475,-12.933396607293613,28.81792324671475,-12.933396607293613,1.9884622534199174,-0.03847926991418869,-0.01077110285996551
2472.0,98.88,1.0,28.766005640143305,-13.049354039927113,28.766005640143305,-13.049354039927113,1.9922115673565615,-0.03354740578896087,-0.009474539225362304
2473.0,98.92,1.0,28.714208778757534,-13.165757274955045,28.714208778757534,-13.165757274955045,1.9960403447964747,-0.0288739510576718,-0.00797134617318509
2474.0,98.96000000000001,1.0,28.660119353458708,-13.28054566255534,28.660119353458708,-13.28054566255534,1.9999477706907651,-0.02451120782442766,-0.006340352269496108
2475.0,99.0,1.0,28.605010961092518,-13.396435635494935,28.605010961092518,-13.396435635494935,2.00393113084915,-0.02050642351438755,-0.004665305873401086
2476.0,99.04,1.0,28.54968461063052,-13.510487024148143,28.54968461063052,-13.510487024148143,2.0079857153597214,-0.016902646568153157,-0.003030661122294602
2477.0,99.08,1.0,28.493876841942402,-13.624558101898227,28.493876841942402,-13.624558101898227,2.0121067382259286,-0.013728859730388187,-0.0015181139985535688
2478.0,99.12,1.0,28.438480149217487,-13.737821790487834,28.438480149217487,-13.737821790487834,2.0162884573991766,-0.010998239355734674,-0.0002032925564584346
2479.0,99.16,1.0,28.382357727000304,-13.85233853269753,28.382357727000304,-13.85233853269753,2.020526392504742,-0.008710199236371462,0.0008465822031460919
2480.0,99.2,1.0,28.326582754939114,-13.967017672998281,28.326582754939114,-13.967017672998281,2.0248156245203957,-0.006857102173541007,0.0015761555536612112
2481.0,99.24000000000001,1.0,28.271992014286838,-14.080957833468764,28.271992014286838,-14.080957833468764,2.0291507308554766,-0.0054228940307284755,0.0019438881570428856
2482.0,99.28,1.0,28.21502966461772,-14.195550585172544,28.21502966461772,-14.195550585172544,2.0335252402394692,-0.004377905266756255,0.0019235269071241426
2483.0,99.32000000000001,1.0,28.159693407715803,-14.309324891790226,28.159693407715803,-14.309324891790226,2.0379331134063134,-0.003679530778556217,0.0015039347582014924
2484.0,99.36,1.0,28.10269869441974,-14.424401059306854,28.10269869441974,-14.424401059306854,2.0423697259046767,-0.00327393972369745,0.0006897949396538989
2485.0,99.4,1.0,28.046187559092534,-14.538214313051833,28.046187559092534,-14.538214313051833,2.0468319205733136,-0.0031060929177822326,-0.000498657754633279
2486.0,99.44,1.0,27.98873098081898,-14.651784006060524,27.98873098081898,-14.651784006060524,2.0513179970958095,-0.0031137184176676545,-0.002026088151508671
2487.0,99.48,1.0,27.931817575091117,-14.763014169401401,27.931817575091117,-14.763014169401401,2.055828794412339,-0.0032302850458055367,-0.0038442501328574386
2488.0,99.52,1.0,27.873798513383452,-14.874372388196601,27.873798513383452,-14.874372388196601,2.0603650711204873,-0.0033904224843743667,-0.0058941210595719615
2489.0,99.56,1.0,27.816433333875164,-14.987002160207771,27.816433333875164,-14.987002160207771,2.064929844532294,-0.003533364862842281,-0.008107804241545747
2490.0,99.60000000000001,1.0,27.756579336368922,-15.099237946582715,27.756579336368922,-15.099237946582715,2.0695234458452036,-0.003601885079754552,-0.010410123265906008
2491.0,99.64,1.0,27.696669327985568,-15.210903050205662,27.696669327985568,-15.210903050205662,2.074146923290263,-0.00353647339834976,-0.0127225221324631
2492.0,99.68,1.0,27.63442275727413,-15.322566115653919,27.63442275727413,-15.322566115653919,2.078800217029523,-0.0032820695267481324,-0.014966152422480259
2493.0,99.72,1.0,27.57346573813698,-15.434181558109662,27.57346573813698,-15.434181558109662,2.0834856001793005,-0.0027936188690186104,-0.01706429438030311
2494.0,99.76,1.0,27.513309230509087,-15.545471633587747,27.513309230509087,-15.545471633587747,2.0882055273389097,-0.0020432072197604455,-0.0189438438186607
2495.0,99.8,1.0,27.452385745778287,-15.655344431171812,27.452385745778287,-15.655344431171812,2.0929632270809733,-0.0010165613731881518,-0.020538251337614905
2496.0,99.84,1.0,27.391440354540215,-15.766620056752043,27.391440354540215,-15.766620056752043,2.097761690835026,0.0002910222874684565,-0.021790160611608222
2497.0,99.88,1.0,27.32853686456437,-15.876978682229367,27.32853686456437,-15.876978682229367,2.102602333685492,0.0018732383124956953,-0.022652927134280233
2498.0,99.92,1.0,27.26534708922232,-15.988731435166997,27.26534708922232,-15.988731435166997,2.107485050229882,0.0037118200573975856,-0.02309123140538017
2499.0,99.96000000000001,1.0,27.20055178614715,-16.098856029814705,27.20055178614715,-16.098856029814705,2.1124085242892456,0.005771358958845685,-0.02308147628179854
2500.0,100.0,1.0,27.134657460072134,-16.208218516717174,27.134657460072134,-16.208218516717174,2.1173678565916942,0.008008993433266786,-0.022613401536721485
2501.0,100.04,1.0,27.06585331612654,-16.316708527666407,27.06585331612654,-16.316708527666407,2.1223594457329478,0.010372136049874725,-0.02169076600919525
2502.0,100.08,1.0,26.998156253152,-16.424563533681443,26.998156253152,-16.424563533681443,2.1273784799795408,0.012801136229743892,-0.02033038833130101
2503.0,100.12,1.0,26.92820162328639,-16.533966475611653,26.92820162328639,-16.533966475611653,2.132422646396676,0.015228988153229938,-0.018560406204240387
2504.0,100.16,1.0,26.85860641550383,-16.641260546066096,26.85860641550383,-16.641260546066096,2.137487684603536,0.0175867120680405,-0.016419994230748365
2505.0,100.2,1.0,26.789745880905883,-16.748179215965088,26.789745880905883,-16.748179215965088,2.14256943856178,0.019807543458902132,-0.013958736058073105
2506.0,100.24000000000001,1.0,26.721352658485678,-16.853614979337653,26.721352658485678,-16.853614979337653,2.147662517554873,0.021825450333717456,-0.01123448444214398
2507.0,100.28,1.0,26.65116188391852,-16.96041901418592,26.65116188391852,-16.96041901418592,2.152760214153953,0.023578973221291145,-0.00831087136300503
2508.0,100.32000000000001,1.0,26.581999666633674,-17.06630261023599,26.581999666633674,-17.06630261023599,2.157856754740591,0.02501115645106925,-0.005255853113304815
2509.0,100.36,1.0,26.509185722383034,-17.170700882838535,26.509185722383034,-17.170700882838535,2.162944633240179,0.026074578403746697,-0.0021404552035478117
2510.0,100.4,1.0,26.43731617498178,-17.27502135993943,26.43731617498178,-17.27502135993943,2.1680174673159445,0.026739806525561106,0.0009625802812439955
2511.0,100.44,1.0,26.364816185326237,-17.377874771879128,26.364816185326237,-17.377874771879128,2.173070664471169,0.026986661928633783,0.003982214466949662
2512.0,100.48,1.0,26.293150148037824,-17.48081350964383,26.293150148037824,-17.48081350964383,2.1781005468631194,0.02680342887498364,0.006851002546810316
2513.0,100.52,1.0,26.21961122400677,-17.582499104224475,26.21961122400677,-17.582499104224475,2.1831044764058936,0.02618576855883149,0.009506878898497542
2514.0,100.56,1.0,26.146360872687012,-17.68454842061999,26.146360872687012,-17.68454842061999,2.188077826390635,0.02514388110953277,0.011893253228971709
2515.0,100.60000000000001,1.0,26.071884283310027,-17.785319069180602,26.071884283310027,-17.785319069180602,2.1930167399682605,0.023695371093610494,0.013961790100657737
2516.0,100.64,1.0,25.996831133113723,-17.885731214186645,25.996831133113723,-17.885731214186645,2.1979166877379646,0.021867604169293287,0.015673754733855207
2517.0,100.68,1.0,25.922824764658763,-17.985368048744693,25.922824764658763,-17.985368048744693,2.2027733642947744,0.01969279319799939,0.01700086088504681
2518.0,100.72,1.0,25.848022214927177,-18.084486136004,25.848022214927177,-18.084486136004,2.207583362032074,0.017207771964622663,0.017924818104246818
2519.0,100.76,1.0,25.77289910076349,-18.183739742316575,25.77289910076349,-18.183739742316575,2.212342538831261,0.014454079609647886,0.018437963480892213
2520.0,100.8,1.0,25.69844167059232,-18.28302359257164,25.69844167059232,-18.28302359257164,2.2170502517906066,0.01147691638867988,0.018543238815882233
2521.0,100.84,1.0,25.62304600536992,-18.382640072286897,25.62304600536992,-18.382640072286897,2.2217056165073017,0.0083176780283588,0.018254309627441838
2522.0,100.88,1.0,25.548315325646346,-18.481851694385096,25.548315325646346,-18.481851694385096,2.226309029171554,0.005015081616100004,0.01759382785928445
2523.0,100.92,1.0,25.472810733177415,-18.580049224571418,25.472810733177415,-18.580049224571418,2.2308602912588023,0.0016103873720655138,0.016592583731033596
2524.0,100.96000000000001,1.0,25.397658869495814,-18.677834923566444,25.397658869495814,-18.677834923566444,2.2353602853848997,-0.0018581496965555332,0.015288278841401427
2525.0,101.0,1.0,25.320252844616125,-18.77647582239157,25.320252844616125,-18.77647582239157,2.239812013537884,-0.0053601753538069395,0.013725426810835991
2526.0,101.04,1.0,25.2425884804017,-18.874876841659592,25.2425884804017,-18.874876841659592,2.2442199731673336,-0.008864946674817752,0.01195255233709219
2527.0,101.08,1.0,25.16534736779255,-18.97254495245348,25.16534736779255,-18.97254495245348,2.248591181581298,-0.012342988940358568,0.010020517942825168
2528.0,101.12,1.0,25.0867009865037,-19.070305978892556,25.0867009865037,-19.070305978892556,2.2529347196945753,-0.015764528484030028,0.007980466987220011
2529.0,101.16,1.0,25.008501267603624,-19.167524902722707,25.008501267603624,-19.167524902722707,2.2572611259721893,-0.019101430461053025,0.005883386272364998
2530.0,101.2,1.0,24.93072428231987,-19.264171053989354,24.93072428231987,-19.264171053989354,2.2615836251917276,-0.02232920455113374,0.0037783256367521943
2531.0,101.24000000000001,1.0,24.85133116361555,-19.360929005078084,24.85133116361555,-19.360929005078084,2.2659133784385146,-0.025426852052399074,0.0017115834241560172
2532.0,101.28,1.0,24.77188683827227,-19.457023527751037,24.77188683827227,-19.457023527751037,2.2702626599379716,-0.02837249405161041,-0.0002748078154920744
2533.0,101.32000000000001,1.0,24.691788561646355,-19.552771837925828,24.691788561646355,-19.552771837925828,2.2746414462959117,-0.031142247698733704,-0.002143348557882964
2534.0,101.36,1.0,24.61074994460954,-19.648219183624214,24.61074994460954,-19.648219183624214,2.279059849498311,-0.03371650953234322,-0.0038614896937585034
2535.0,101.4,1.0,24.53010894321587,-19.74341614156145,24.53010894321587,-19.74341614156145,2.283525095222143,-0.03607724503991342,-0.005401678853876056
2536.0,101.44,1.0,24.447694672976333,-19.838376552307913,24.447694672976333,-19.838376552307913,2.2880419386415007,-0.0382046128624838,-0.0067420596528367845
2537.0,101.48,1.0,24.365153682319836,-19.932580468054134,24.365153682319836,-19.932580468054134,2.292612029959371,-0.04008364514168457,-0.007865746169127299
2538.0,101.52,1.0,24.28189010197525,-20.027047175238057,24.28189010197525,-20.027047175238057,2.297233028695379,-0.04170746786887071,-0.008760169383478619
2539.0,101.56,1.0,24.19806955817135,-20.12114534856819,24.19806955817135,-20.12114534856819,2.3018990107005597,-0.0430714173588402,-0.009416265457656973
2540.0,101.60000000000001,1.0,24.113611301989813,-20.214698703754248,24.113611301989813,-20.214698703754248,2.3066009352450854,-0.04417628438288177,-0.009828320942898398
2541.0,101.64,1.0,24.02878687640804,-20.308358983570542,24.02878687640804,-20.308358983570542,2.3113256221724265,-0.045024641312979286,-0.009993305252016797
2542.0,101.68,1.0,23.942586139039367,-20.403282439440783,23.942586139039367,-20.403282439440783,2.3160602856373016,-0.04562612423359329,-0.009910054747403191
2543.0,101.72,1.0,23.855684035062563,-20.49570087563937,23.855684035062563,-20.49570087563937,2.320789480590445,-0.045996673175883684,-0.009578396052124783
2544.0,101.76,1.0,23.76928223755736,-20.590580761084254,23.76928223755736,-20.590580761084254,2.325499379679181,-0.04615845556385566,-0.008998747124756425
2545.0,101.8,1.0,23.681133383631,-20.68351962492566,23.681133383631,-20.68351962492566,2.3301744350124385,-0.04613320797226593,-0.008172455897693057
2546.0,101.84,1.0,23.59274995919919,-20.778043136073677,23.59274995919919,-20.778043136073677,2.3348008570635863,-0.045944427848595315,-0.007102149797496277
2547.0,101.88,1.0,23.50362709524146,-20.870687258006235,23.50362709524146,-20.870687258006235,2.3393650551718475,-0.045617867163410895,-0.0057917491391241815
2548.0,101.92,1.0,23.413696811318196,-20.962693769857815,23.413696811318196,-20.962693769857815,2.343855335888974,-0.04517929976136088,-0.0042465912404233
2549.0,101.96000000000001,1.0,23.323438801254838,-21.054341522416387,23.323438801254838,-21.054341522416387,2.348262294538633,-0.04464938110459159,-0.0024743607580559046
2550.0,102.0,1.0,23.231492715130837,-21.145722751552565,23.231492715130837,-21.145722751552565,2.3525785271564104,-0.04404709235902199,-0.00048584657124936813
2551.0,102.04,1.0,23.14180238518078,-21.237034588379707,23.14180238518078,-21.237034588379707,2.3567995756952542,-0.043386027129134065,0.001704163847304607
2552.0,102.08,1.0,23.049668209059632,-21.328302181057637,23.049668209059632,-21.328302181057637,2.3609238525763248,-0.04267502951354255,0.0040766877254924325
2553.0,102.12,1.0,22.957699552611842,-21.419546880086173,22.957699552611842,-21.419546880086173,2.3649501560854422,-0.04191197762269916,0.006607143922698062
2554.0,102.16,1.0,22.863274504651866,-21.507021071808847,22.863274504651866,-21.507021071808847,2.36887991009629,-0.04108750336688192,0.00926500178040126
2555.0,102.2,1.0,22.768357605311245,-21.596436162205865,22.768357605311245,-21.596436162205865,2.372714245622692,-0.04018030222132324,0.01201283452593347
2556.0,102.24000000000001,1.0,22.673000605428193,-21.684104621977276,22.673000605428193,-21.684104621977276,2.3764564655996,-0.03917007838061143,0.014807304783574499
2557.0,102.28,1.0,22.57745255663987,-21.773165811286,22.57745255663987,-21.773165811286,2.38011013288986,-0.038028861815620985,0.017598994211786168
2558.0,102.32000000000001,1.0,22.48115068834213,-21.859742872803743,22.48115068834213,-21.859742872803743,2.3836805238502436,-0.03672491703856009,0.020333336351526635
2559.0,102.36,1.0,22.38501913302884,-21.947161983585396,22.38501913302884,-21.947161983585396,2.387173898027,-0.03522115307731634,0.022950679808251086
2560.0,102.4,1.0,22.28645417317831,-22.03439208315251,22.28645417317831,-22.03439208315251,2.3905972496041668,-0.03348109407243878,0.025388454040057885
2561.0,102.44,1.0,22.18967213737682,-22.12224395338937,22.18967213737682,-22.12224395338937,2.3939588215763887,-0.03147064776026096,0.027583041749299597
2562.0,102.48,1.0,22.093738220483136,-22.20915311443929,22.093738220483136,-22.20915311443929,2.3972653832118445,-0.02916072890911995,0.029472051410871926
2563.0,102.52,1.0,21.997502103145433,-22.29855244314074,21.997502103145433,-22.29855244314074,2.400523126204759,-0.026527659801427916,0.03099538619174645
2564.0,102.56,1.0,21.89960076345872,-22.38551020637024,21.89960076345872,-22.38551020637024,2.403737008660376,-0.02355863042094577,0.03209794444698319
2565.0,102.60000000000001,1.0,21.80108079533388,-22.472800109564876,21.80108079533388,-22.472800109564876,2.4069108093746427,-0.020247086278797354,0.03273147944141651
2566.0,102.64,1.0,21.70142637960986,-22.55893383779746,21.70142637960986,-22.55893383779746,2.4100473953898316,-0.016604063491816902,0.03285749588675797
2567.0,102.68,1.0,21.601431552285035,-22.647520119726313,21.601431552285035,-22.647520119726313,2.4131494778275497,-0.012643762977692097,0.032448067211516676
2568.0,102.72,1.0,21.501596047302787,-22.734835237397967,21.501596047302787,-22.734835237397967,2.416219248721532,-0.00839253425412464,0.031488388738531645
2569.0,102.76,1.0,21.401878282134767,-22.822237801208164,21.401878282134767,-22.822237801208164,2.4192594957897446,-0.003883924813128703,0.02997728986727132
2570.0,102.8,1.0,21.301500497256303,-22.90988202922366,21.301500497256303,-22.90988202922366,2.4222716958479866,0.0008321698742609129,0.027929148027322836
2571.0,102.84,1.0,21.200782169449745,-22.996504509842786,21.200782169449745,-22.996504509842786,2.4252575960732274,0.0057018317831080915,0.025372831790392587
2572.0,102.88,1.0,21.09940815583019,-23.08248764644756,21.09940815583019,-23.08248764644756,2.428217523068662,0.010665119350377505,0.022351342693657378
2573.0,102.92,1.0,21.00098554122495,-23.168652374728072,21.00098554122495,-23.168652374728072,2.431153175206827,0.015660652593276758,0.01892026459863818
2574.0,102.96000000000001,1.0,20.9012604060726,-23.25798133654259,20.9012604060726,-23.25798133654259,2.4340663717430333,0.020620537652912517,0.01514765339467702
2575.0,103.0,1.0,20.803099080215972,-23.344313752850596,20.803099080215972,-23.344313752850596,2.436961492491432,0.025474946470653393,0.011111405385859117
2576.0,103.04,1.0,20.703743789651845,-23.43184679689474,20.703743789651845,-23.43184679689474,2.4398452683708696,0.030152426760324747,0.006896656405093217
2577.0,103.08,1.0,20.605079552345178,-23.518662948645133,20.605079552345178,-23.518662948645133,2.4427279196048763,0.03458977354776992,0.002592606174785238
2578.0,103.12,1.0,20.505029662638815,-23.607428424156115,20.505029662638815,-23.607428424156115,2.445621443702442,0.038724255228499906,-0.0017093842046296479
2579.0,103.16,1.0,20.405554841580578,-23.694928082695586,20.405554841580578,-23.694928082695586,2.4485400585439248,0.04250002958773973,-0.0059191045302552855
2580.0,103.2,1.0,20.306756979747323,-23.78172890554851,20.306756979747323,-23.78172890554851,2.4514975044325134,0.0458618353851155,-0.009950015931293766
2581.0,103.24000000000001,1.0,20.207506838637038,-23.86653404905799,20.207506838637038,-23.86653404905799,2.4545087247245823,0.04877349881430709,-0.013722849100202172
2582.0,103.28,1.0,20.106740326603333,-23.949932495291936,20.106740326603333,-23.949932495291936,2.4575873624730913,0.051201149997117966,-0.017167142556121437
2583.0,103.32000000000001,1.0,20.007320829588974,-24.031626122660033,20.007320829588974,-24.031626122660033,2.4607482310002644,0.05311947541783892,-0.02022354391039822
2584.0,103.36,1.0,19.90614849593699,-24.112798384194107,19.90614849593699,-24.112798384194107,2.4640051752228422,0.05450639932091304,-0.02284477623440013
2585.0,103.4,1.0,19.807331224373524,-24.19284532476065,19.807331224373524,-24.19284532476065,2.4673721322393085,0.055351476976463365,-0.02499796953675925
2586.0,103.44,1.0,19.707001262072048,-24.273582837789597,19.707001262072048,-24.273582837789597,2.4708613526348953,0.05565620932155072,-0.02666409845643969
2587.0,103.48,1.0,19.606429693459013,-24.353045547921287,19.606429693459013,-24.353045547921287,2.4744817307030154,0.05542953304190877,-0.027837220750710535
2588.0,103.52,1.0,19.506155999333668,-24.433938745730487,19.506155999333668,-24.433938745730487,2.4782379416449363,0.054684043129575255,-0.028523482754242706
2589.0,103.56,1.0,19.404114190388178,-24.513588015920117,19.404114190388178,-24.513588015920117,2.482129556032571,0.05344109340333927,-0.028741021439430893
2590.0,103.60000000000001,1.0,19.30363163853403,-24.592526028941556,19.30363163853403,-24.592526028941556,2.486152041369962,0.05172909629409552,-0.028518294885221507
2591.0,103.64,1.0,19.201182143938098,-24.671782108419315,19.201182143938098,-24.671782108419315,2.4902968928085976,0.049585768420870625,-0.02789193733035658
2592.0,103.68,1.0,19.10041089035363,-24.749592243325814,19.10041089035363,-24.749592243325814,2.49455248388895,0.047045092333610726,-0.02690432102765608
2593.0,103.72,1.0,18.99788359754655,-24.82570332201177,18.99788359754655,-24.82570332201177,2.4989056590439978,0.044148685329648475,-0.025601779004536453
2594.0,103.76,1.0,18.89640949242795,-24.9009998700518,18.89640949242795,-24.9009998700518,2.503340292972563,0.04094344529496865,-0.024032490570554746
2595.0,103.8,1.0,18.79581747937835,-24.976347964061897,18.79581747937835,-24.976347964061897,2.5078392779646057,0.03748595000319771,-0.0222442494448447
2596.0,103.84,1.0,18.69491946930173,-25.051161443945862,18.69491946930173,-25.051161443945862,2.5123838779701595,0.0338347866451831,-0.020281672231519353
2597.0,103.88,1.0,18.594321574861294,-25.12457961728581,18.594321574861294,-25.12457961728581,2.516954157262964,0.03004920650944145,-0.01818527243542678
2598.0,103.92,1.0,18.49268788816881,-25.196465088743416,18.49268788816881,-25.196465088743416,2.5215300044437527,0.02619077586587377,-0.01599096834041193
2599.0,103.96000000000001,1.0,18.391004227474532,-25.267867375195614,18.391004227474532,-25.267867375195614,2.526091302392791,0.022324639833604887,-0.013729586003129226
2600.0,104.0,1.0,18.28750288481361,-25.339066700124334,18.28750288481361,-25.339066700124334,2.5306203031806396,0.018519271791964186,-0.011425597200914041
2601.0,104.04,1.0,18.184365949195374,-25.410194242791142,18.184365949195374,-25.410194242791142,2.5351010311376014,0.014835246783949351,-0.009097814681091592
2602.0,104.08,1.0,18.07965076934436,-25.481668562589896,18.07965076934436,-25.481668562589896,2.5395213211149072,0.011333508365635302,-0.0067605280003624505
2603.0,104.12,1.0,17.975945488098354,-25.553258889387074,17.975945488098354,-25.553258889387074,2.543871811370235,0.008073181124862595,-0.0044243979666019504
2604.0,104.16,1.0,17.872481041931074,-25.623862020214393,17.872481041931074,-25.623862020214393,2.548145916680035,0.005110131247831462,-0.0020972508500413482
2605.0,104.2,1.0,17.767255113844246,-25.695535287181475,17.767255113844246,-25.695535287181475,2.552340322928191,0.0024932005123024736,0.00021486722397192452
2606.0,104.24000000000001,1.0,17.66260694827219,-25.765176163337266,17.66260694827219,-25.765176163337266,2.5564530276582884,0.0002631493829659104,0.002505668040933484
2607.0,104.28,1.0,17.55725808220314,-25.834062512837583,17.55725808220314,-25.834062512837583,2.5604842474978597,-0.0015454918197440493,0.004766838623592192
2608.0,104.32000000000001,1.0,17.45066407969819,-25.90136556967412,17.45066407969819,-25.90136556967412,2.5644356605819114,-0.0029049522445883103,0.006986919334684792
2609.0,104.36,1.0,17.34494004241925,-25.968765202038764,17.34494004241925,-25.968765202038764,2.5683117993792526,-0.003797905845046967,0.0091509170158783
2610.0,104.4,1.0,17.238348052886675,-26.034740435428905,17.238348052886675,-26.034740435428905,2.572119612838814,-0.00421808364563131,0.011239265879568836
2611.0,104.44,1.0,17.131752482707363,-26.100529457961358,17.131752482707363,-26.100529457961358,2.575868081974454,-0.00417866836973243,0.013226683896696656
2612.0,104.48,1.0,17.024870243046887,-26.166372443949193,17.024870243046887,-26.166372443949193,2.5795674417268932,-0.0036950069583077004,0.01508268038778919
2613.0,104.52,1.0,16.915912965936222,-26.232806968901816,16.915912965936222,-26.232806968901816,2.5832284201211726,-0.002796589760942758,0.016772729572992657
2614.0,104.56,1.0,16.80754402488834,-26.297714512222832,16.80754402488834,-26.297714512222832,2.586861306283399,-0.001519154287841351,0.01825894454665859
2615.0,104.60000000000001,1.0,16.697013247663637,-26.3639964505062,16.697013247663637,-26.3639964505062,2.5904752915607436,8.909234870808635e-05,0.019501007269365996
2616.0,104.64,1.0,16.588123736064283,-26.428651878899196,16.588123736064283,-26.428651878899196,2.5940774490039273,0.001977066895075563,0.020457698491062312
2617.0,104.68,1.0,16.478322328734894,-26.493832746347003,16.478322328734894,-26.493832746347003,2.5976744729110304,0.004084861158543685,0.02108904972282217
2618.0,104.72,1.0,16.3695364208616,-26.558156079221924,16.3695364208616,-26.558156079221924,2.6012719183281225,0.006352616861256532,0.021358060117064325
2619.0,104.76,1.0,16.25962339320223,-26.622084081935487,16.25962339320223,-26.622084081935487,2.604875971656404,0.0087150866638409,0.02123274345020566
2620.0,104.8,1.0,16.150509178643137,-26.685836817820253,16.150509178643137,-26.685836817820253,2.608491173413076,0.011109119202848761,0.020687569975689254
2621.0,104.84,1.0,16.040597422279184,-26.750034799503176,16.040597422279184,-26.750034799503176,2.6121220188472645,0.013474241859468916,0.019706003889501673
2622.0,104.88,1.0,15.931674565610152,-26.813875760169225,15.931674565610152,-26.813875760169225,2.615771517704374,0.01576267324084043,0.01828249755501497
2623.0,104.92,1.0,15.820988898325004,-26.877977258526624,15.820988898325004,-26.877977258526624,2.619441763300496,0.01792843181270436,0.016423761475613096
2624.0,104.96000000000001,1.0,15.710749714259768,-26.942764234453712,15.710749714259768,-26.942764234453712,2.623133191774747,0.019937186825763197,0.01414890557205305
2625.0,105.0,1.0,15.600735087473103,-27.006125329839087,15.600735087473103,-27.006125329839087,2.626845813149504,0.02176119896456343,0.011490293864354658
2626.0,105.04,1.0,15.491208345541661,-27.069519855641772,15.491208345541661,-27.069519855641772,2.63057966340273,0.023388467576666194,0.008493545296585773
2627.0,105.08,1.0,15.381886597230096,-27.131779515030395,15.381886597230096,-27.131779515030395,2.634335560025056,0.02481036673486765,0.005216849191990282
2628.0,105.12,1.0,15.273525954927502,-27.194255618979252,15.273525954927502,-27.194255618979252,2.6381144044644325,0.026031820502735847,0.0017295390909230178
2629.0,105.16,1.0,15.164778607972655,-27.255554878773985,15.164778607972655,-27.255554878773985,2.641916891742235,0.02705912321613967,-0.0018888088011553596
2630.0,105.2,1.0,15.05618409463007,-27.317243109518053,15.05618409463007,-27.317243109518053,2.645742595448426,0.027910498123968917,-0.005550676699952564
2631.0,105.24000000000001,1.0,14.946689446769213,-27.377877849040807,14.946689446769213,-27.377877849040807,2.6495911042450926,0.028610487234902404,-0.009162544897457872
2632.0,105.28,1.0,14.837503133818718,-27.438627133168318,14.837503133818718,-27.438627133168318,2.653460361453523,0.02918943675998471,-0.012627994973175499
2633.0,105.32000000000001,1.0,14.727948692534081,-27.49835614804318,14.727948692534081,-27.49835614804318,2.6573475297678377,0.029674224730738073,-0.01585037295798677
2634.0,105.36,1.0,14.61860496354456,-27.5582945782645,14.61860496354456,-27.5582945782645,2.661249223497107,0.03009668409163514,-0.018736118767264567
2635.0,105.4,1.0,14.509005467162993,-27.61695698637276,14.509005467162993,-27.61695698637276,2.6651618546278106,0.03048438553252083,-0.021197339709303407
2636.0,105.44,1.0,14.399313211124408,-27.67529425672282,14.399313211124408,-27.67529425672282,2.6690821453995848,0.030860945078937087,-0.023155435792522484
2637.0,105.48,1.0,14.288017883706567,-27.733313851518385,14.288017883706567,-27.733313851518385,2.6730065989023353,0.031239003912378473,-0.02454367912710043
2638.0,105.52,1.0,14.178385327353212,-27.79074450286698,14.178385327353212,-27.79074450286698,2.6769324495838727,0.031626952661250186,-0.025309782703704365
2639.0,105.56,1.0,14.067289677950873,-27.847590671248962,14.067289677950873,-27.847590671248962,2.68085670235688,0.032021043875650065,-0.02541750716755172
2640.0,105.60000000000001,1.0,13.956882719222765,-27.904293568379835,13.956882719222765,-27.904293568379835,2.684777929223049,0.032411357924521364,-0.02484912795407906
2641.0,105.64,1.0,13.844980834886096,-27.959610365024027,13.844980834886096,-27.959610365024027,2.6886952869349625,0.03277380836398134,-0.023606049989937726
2642.0,105.68,1.0,13.732963380717228,-28.013936940120498,13.732963380717228,-28.013936940120498,2.692608635530098,0.03307716745439994,-0.021709753220894707
2643.0,105.72,1.0,13.62009886499481,-28.066617073092658,13.62009886499481,-28.066617073092658,2.6965189414815907,0.0332806511002056,-0.019201582957479656
2644.0,105.76,1.0,13.507492174795763,-28.11815119225305,13.507492174795763,-28.11815119225305,2.7004280176606743,0.03334311450915547,-0.016142837954555157
2645.0,105.8,1.0,13.394681294921728,-28.169473393014634,13.394681294921728,-28.169473393014634,2.704338713870088,0.03321275732050684,-0.012613030546972836
2646.0,105.84,1.0,13.282157970368331,-28.219507806099436,13.282157970368331,-28.219507806099436,2.7082551162321526,0.032834238743382094,-0.008708313658377667
2647.0,105.88,1.0,13.169088084887118,-28.268870082475956,13.169088084887118,-28.268870082475956,2.7121813707673423,0.03215202151930585,-0.004538485937669588
2648.0,105.92,1.0,13.056081178176424,-28.31734118204681,13.056081178176424,-28.31734118204681,2.716122145030211,0.031114720012813214,-0.00022450057587398742
2649.0,105.96000000000001,1.0,12.942984596058158,-28.3653432695091,12.942984596058158,-28.3653432695091,2.7200814068350034,0.02967432004405184,0.004105093493049284
2650.0,106.0,1.0,12.82999356048468,-28.413198366949064,12.82999356048468,-28.413198366949064,2.7240639136535085,0.027792164713353516,0.008317562370795286
2651.0,106.04,1.0,12.717887349860808,-28.46024035487283,12.717887349860808,-28.46024035487283,2.7280725319467884,0.025440558500430154,0.012280698367220151
2652.0,106.08,1.0,12.604442535316432,-28.50651393693845,12.604442535316432,-28.50651393693845,2.7321093270307033,0.02260765845679218,0.015866272896327416
2653.0,106.12,1.0,12.491695094352966,-28.55242192496491,12.491695094352966,-28.55242192496491,2.7361754334782757,0.019289936340531322,0.01895421406110469
2654.0,106.16,1.0,12.379297814608684,-28.598387506055694,12.379297814608684,-28.598387506055694,2.740271618286152,0.01549685315780579,0.02143608225703228
2655.0,106.2,1.0,12.267723005622457,-28.643800775676215,12.267723005622457,-28.643800775676215,2.74439897810579,0.011248018442966412,0.023219643183209234
2656.0,106.24000000000001,1.0,12.155406625477669,-28.68953714809637,12.155406625477669,-28.68953714809637,2.7485576380595385,0.006583377147135782,0.02423175764725428
2657.0,106.28,1.0,12.043489927190473,-28.73487471554322,12.043489927190473,-28.73487471554322,2.752747413179632,0.0015561240469698756,0.0244214172149426
2658.0,106.32000000000001,1.0,11.9301209333138,-28.780130374482923,11.9301209333138,-28.780130374482923,2.7569675551581847,-0.0037660119588970977,0.023761493954481988
2659.0,106.36,1.0,11.818001928945522,-28.8258376555076,11.818001928945522,-28.8258376555076,2.761217080805634,-0.009306461594019644,0.022250786313115875
2660.0,106.4,1.0,11.706048504117845,-28.870890399163926,11.706048504117845,-28.870890399163926,2.765494208123843,-0.014975103146998759,0.01991464921015198
2661.0,106.44,1.0,11.593611446863878,-28.916405605809075,11.593611446863878,-28.916405605809075,2.76979545139088,-0.02067393297448795,0.01680478707662985
2662.0,106.48,1.0,11.482467881479135,-28.961479110991128,11.482467881479135,-28.961479110991128,2.7741176185249747,-0.026302017265762135,0.012997467576105412
2663.0,106.52,1.0,11.369400432473794,-29.0059649833905,11.369400432473794,-29.0059649833905,2.778457862059906,-0.03175951684553704,0.008592200055520898
2664.0,106.56,1.0,11.25769167572675,-29.051040530969395,11.25769167572675,-29.051040530969395,2.7828141001878617,-0.036945136641810775,0.0037092876551743413
2665.0,106.60000000000001,1.0,11.14574823489805,-29.09616020010268,11.14574823489805,-29.09616020010268,2.787184296377703,-0.04176086070326287,-0.0015129652947918014
2666.0,106.64,1.0,11.033183865691697,-29.140602981068877,11.033183865691697,-29.140602981068877,2.7915661229922266,-0.04611834804664204,-0.006923120288178633
2667.0,106.68,1.0,10.9199543039242,-29.185322781045663,10.9199543039242,-29.185322781045663,2.7959583843384226,-0.049947192313456436,-0.012360958146330172
2668.0,106.72,1.0,10.805489178611497,-29.22970552700818,10.805489178611497,-29.22970552700818,2.800359942637597,-0.05318508581542036,-0.017662408939010103
2669.0,106.76,1.0,10.690623915211187,-29.274488445493823,10.690623915211187,-29.274488445493823,2.804770418215788,-0.055785803745180974,-0.022663927098046783
2670.0,106.8,1.0,10.574376114322579,-29.318115233117975,10.574376114322579,-29.318115233117975,2.809189369753212,-0.057715160059192486,-0.027208424840620048
2671.0,106.84,1.0,10.456828105047707,-29.36094745194155,10.456828105047707,-29.36094745194155,2.8136175804552135,-0.0589627596841807,-0.03115051698646415
2672.0,106.88,1.0,10.341117925934956,-29.403587658339255,10.341117925934956,-29.403587658339255,2.8180579276618816,-0.05953812839192317,-0.03436113131422654
2673.0,106.92,1.0,10.223469507137711,-29.445639074604298,10.223469507137711,-29.445639074604298,2.822514391415092,-0.05947005277152965,-0.03673072089307672
2674.0,106.96000000000001,1.0,10.106161317562059,-29.486921176417788,10.106161317562059,-29.486921176417788,2.826991952800413,-0.05880299862542143,-0.03817306197252364
2675.0,107.0,1.0,9.986455024382419,-29.526879994606993,9.986455024382419,-29.526879994606993,2.83149517030201,-0.05759975417826274,-0.03862851360484064
2676.0,107.04,1.0,9.867317809744906,-29.566587344512527,9.867317809744906,-29.566587344512527,2.8360281648552284,-0.05593846655756627,-0.03806609769639172
2677.0,107.08,1.0,9.746785308939604,-29.604603684890094,9.746785308939604,-29.604603684890094,2.840593726786624,-0.05390365656030856,-0.03648359264207362
2678.0,107.12,1.0,9.626079906939317,-29.64251320298111,9.626079906939317,-29.64251320298111,2.8451922394276368,-0.05158335351859,-0.033907385474767966
2679.0,107.16,1.0,9.503334342416757,-29.676649229704395,9.503334342416757,-29.676649229704395,2.849821293916129,-0.04907679865771164,-0.030391764814387368
2680.0,107.2,1.0,9.379874815843118,-29.710881120429786,9.379874815843118,-29.710881120429786,2.8544758842479596,-0.04648836592178425,-0.02601798550736605
2681.0,107.24000000000001,1.0,9.25673679125153,-29.742749078987895,9.25673679125153,-29.742749078987895,2.8591485418849625,-0.04392386041587033,-0.020890549107402158
2682.0,107.28,1.0,9.1328829309559,-29.775385749682037,9.1328829309559,-29.775385749682037,2.8638296639973504,-0.04148004435335193,-0.015133195886799278
2683.0,107.32000000000001,1.0,9.00869476395619,-29.80731366109964,9.00869476395619,-29.80731366109964,2.8685057581162217,-0.03924594901532217,-0.008884690814936822
2684.0,107.36,1.0,8.884715714521759,-29.8386796859492,8.884715714521759,-29.8386796859492,2.8731604579674452,-0.0372999444840895,-0.0022954526816071825
2685.0,107.4,1.0,8.76019592616915,-29.86921835883995,8.76019592616915,-29.86921835883995,2.877773617631348,-0.03571020507836163,0.00447752486717357
2686.0,107.44,1.0,8.636218541712243,-29.899371013649375,8.636218541712243,-29.899371013649375,2.882322930711536,-0.034528107073619765,0.011276175049529217
2687.0,107.48,1.0,8.512087804937654,-29.92880139933866,8.512087804937654,-29.92880139933866,2.886784725709935,-0.03378701100922872,0.017946102448814633
2688.0,107.52,1.0,8.388215296099307,-29.957197412604632,8.388215296099307,-29.957197412604632,2.8911346275717444,-0.03350803727409497,0.024339988895420866
2689.0,107.56,1.0,8.264510567203875,-29.98543646253632,8.264510567203875,-29.98543646253632,2.895349492490733,-0.03369641802991149,0.030321179078415174
2690.0,107.60000000000001,1.0,8.140446434317031,-30.01244684162949,8.140446434317031,-30.01244684162949,2.8994091685816104,-0.03433960514684359,0.035767722339141786
2691.0,107.64,1.0,8.016914895129887,-30.040373214919395,8.016914895129887,-30.040373214919395,2.903297219385847,-0.035406669817311345,0.0405757342495054
2692.0,107.68,1.0,7.892960105439942,-30.066907362062228,7.892960105439942,-30.066907362062228,2.907001559328733,-0.03685659279287902,0.044660735736428994
2693.0,107.72,1.0,7.768382387697008,-30.09372720550528,7.768382387697008,-30.09372720550528,2.910512991523107,-0.03863910686857992,0.04795814567148067
2694.0,107.76,1.0,7.643491785963954,-30.120839584230442,7.643491785963954,-30.120839584230442,2.913827502673034,-0.04069563006291611,0.05042370526695068
2695.0,107.8,1.0,7.517970230724442,-30.14833731663948,7.517970230724442,-30.14833731663948,2.916944977957832,-0.04295818446877865,0.052034139329157306
2696.0,107.84,1.0,7.391333266610907,-30.175237234074075,7.391333266610907,-30.175237234074075,2.919871143562828,-0.045351882904747634,0.05278559999429906
2697.0,107.88,1.0,7.264644043461637,-30.201701452924624,7.264644043461637,-30.201701452924624,2.922616489294432,-0.04779949624441946,0.05269152385261355
2698.0,107.92,1.0,7.13851816618202,-30.22829086839092,7.13851816618202,-30.22829086839092,2.9251964028242856,-0.05022699731949415,0.05178021897337657
2699.0,107.96000000000001,1.0,7.0137647770168785,-30.25631538599909,7.0137647770168785,-30.25631538599909,2.927632280457008,-0.052557663232299136,0.05009353931152394
2700.0,108.0,1.0,6.888466185296961,-30.2837579540194,6.888466185296961,-30.2837579540194,2.9299491826477917,-0.05472089417913051,0.04768459963468509
2701.0,108.04,1.0,6.762530062041999,-30.311650001285443,6.762530062041999,-30.311650001285443,2.9321753233557364,-0.056648201814601104,0.04461452195314956
2702.0,108.08,1.0,6.634978172019418,-30.338195544057164,6.634978172019418,-30.338195544057164,2.934338977530024,-0.0582814235233489,0.040949730559320205
2703.0,108.12,1.0,6.508818205665884,-30.364687819338947,6.508818205665884,-30.364687819338947,2.9364690104631443,-0.05956367530901373,0.03675998473944518
2704.0,108.16,1.0,6.379976198929049,-30.390677815660872,6.379976198929049,-30.390677815660872,2.9385949323458336,-0.060448313014380674,0.03211716583975999
2705.0,108.2,1.0,6.2527208065493385,-30.41661123181182,6.2527208065493385,-30.41661123181182,2.9407456270652697,-0.0608953847234873,0.027093239680902343
2706.0,108.24000000000001,1.0,6.124441252613578,-30.443431978908706,6.124441252613578,-30.443431978908706,2.9429500411752465,-0.06087679780042808,0.021758563082646426
2707.0,108.28,1.0,5.996450131675119,-30.46901325868439,5.996450131675119,-30.46901325868439,2.94523487539315,-0.060373926716331835,0.016181310340255703
2708.0,108.32000000000001,1.0,5.867183524313864,-30.49635681043655,5.867183524313864,-30.49635681043655,2.9476262019503934,-0.05938174990419472,0.010427512779220032
2709.0,108.36,1.0,5.738237788024576,-30.522996231733252,5.738237788024576,-30.522996231733252,2.950147196712785,-0.057901723409213054,0.004561440627590503
2710.0,108.4,1.0,5.6083814663716405,-30.551530299121318,5.6083814663716405,-30.551530299121318,2.952816641794152,-0.05594999620240591,-0.0013547262564500054
2711.0,108.44,1.0,5.477802446980451,-30.579360756372257,5.477802446980451,-30.579360756372257,2.955649155632575,-0.05354803553076666,-0.007260344112331528
2712.0,108.48,1.0,5.345940427877027,-30.60723410851112,5.345940427877027,-30.60723410851112,2.9586539201679356,-0.05073258338384111,-0.013095538911632154
2713.0,108.52,1.0,5.215046661290054,-30.634606306326265,5.215046661290054,-30.634606306326265,2.9618381577117288,-0.04754242833471175,-0.018800399217430264
2714.0,108.56,1.0,5.0837270770433935,-30.660773234863502,5.0837270770433935,-30.660773234863502,2.9652050497946156,-0.0440294020682081,-0.024314792932783564
2715.0,108.60000000000001,1.0,4.952399795236719,-30.686774461706563,4.952399795236719,-30.686774461706563,2.9687554684211936,-0.04024602447630159,-0.02957842103889454
2716.0,108.64,1.0,4.820939759773163,-30.712364321639626,4.820939759773163,-30.712364321639626,2.9724875656228726,-0.03625499004532497,-0.034530219514636196
2717.0,108.68,1.0,4.689378935218244,-30.73785808845596,4.689378935218244,-30.73785808845596,2.9763966578245737,-0.03212142531695866,-0.03910857919781409
2718.0,108.72,1.0,4.556939133314327,-30.76329047777898,4.556939133314327,-30.76329047777898,2.9804770932642852,-0.027918573572779836,-0.04325160127133555
2719.0,108.76,1.0,4.423587013349271,-30.78794339395217,4.423587013349271,-30.78794339395217,2.9847194258932803,-0.023714858659002157,-0.046898465448918056
2720.0,108.8,1.0,4.29030795440193,-30.811680038107443,4.29030795440193,-30.811680038107443,2.989113351389883,-0.01958026298933031,-0.04999062176595543
2721.0,108.84,1.0,4.157188217063778,-30.834727965617155,4.157188217063778,-30.834727965617155,2.993646976017959,-0.015580779038032889,-0.05247341658060946
2722.0,108.88,1.0,4.024269306255013,-30.85778348427447,4.024269306255013,-30.85778348427447,2.9983093174878777,-0.011783388894131108,-0.05429791653270242
2723.0,108.92,1.0,3.8912840862895086,-30.87985001593184,3.8912840862895086,-30.87985001593184,3.003090780310725,-0.008242465446795567,-0.05542266023315462
2724.0,108.96000000000001,1.0,3.7588103805928528,-30.901690530624457,3.7588103805928528,-30.901690530624457,3.0079820877723025,-0.005009999748383476,-0.05581589462225374
2725.0,109.0,1.0,3.6247088700872596,-30.92207277757625,3.6247088700872596,-30.92207277757625,3.01297568820199,-0.0021256817068704414,-0.055457262871083754
2726.0,109.04,1.0,3.490535365229062,-30.94118523794956,3.490535365229062,-30.94118523794956,3.0180640964250443,0.0003726339080633356,-0.054339667569001625
2727.0,109.08,1.0,3.3570206955528774,-30.95941493992355,3.3570206955528774,-30.95941493992355,3.0232409787175505,0.0024649409014568025,-0.05247081748146739
2728.0,109.12,1.0,3.2235617831256,-30.975579567418585,3.2235617831256,-30.975579567418585,3.0285006127791294,0.00413830575252575,-0.04987394072681124
2729.0,109.16,1.0,3.0899681900209996,-30.990375090515982,3.0899681900209996,-30.990375090515982,3.0338368002002425,0.005398611741749282,-0.04658856719019176
2730.0,109.2,1.0,2.9563056242968053,-31.002999703494623,2.9563056242968053,-31.002999703494623,3.039244615031647,0.00625562718144862,-0.042670155847304644
2731.0,109.24000000000001,1.0,2.824420598273758,-31.01380591677587,2.824420598273758,-31.01380591677587,3.044718930783774,0.006729832586048023,-0.03818985360139382
2732.0,109.28,1.0,2.6905240681672256,-31.025102816335426,2.6905240681672256,-31.025102816335426,3.050256587050884,0.006851276514337179,-0.033232709667262945
2733.0,109.32000000000001,1.0,2.558462088246708,-31.03481871338521,2.558462088246708,-31.03481871338521,3.0558531402202638,0.00666216606070188,-0.02789602636308519
2734.0,109.36,1.0,2.42369251645991,-31.04431946993076,2.42369251645991,-31.04431946993076,3.0615030584654455,0.006204614537325315,-0.02228699082329532
2735.0,109.4,1.0,2.2907950485036706,-31.052323756999336,2.2907950485036706,-31.052323756999336,3.0671983376841867,0.005522877739458909,-0.01651987582668599
2736.0,109.44,1.0,2.1571871174570245,-31.059617909353808,2.1571871174570245,-31.059617909353808,3.0729282361498287,0.004660408313426734,-0.01071268506688551
2737.0,109.48,1.0,2.0248711336636944,-31.06679647116623,2.0248711336636944,-31.06679647116623,3.078679964576135,0.003665947906835487,-0.0049833792000009095
2738.0,109.52,1.0,1.8911271022450187,-31.07179471856748,1.8911271022450187,-31.07179471856748,3.084437495160816,0.0025810134082198343,0.0005536824540904161
2739.0,109.56,1.0,1.7581995256916358,-31.076790172823166,1.7581995256916358,-31.076790172823166,3.0901835089691922,0.0014467000919681672,0.005791013594723915
2740.0,109.60000000000001,1.0,1.6237405352180445,-31.080295474696765,1.6237405352180445,-31.080295474696765,3.0958996115041044,0.0002935598687166641,0.010631341147197508
2741.0,109.64,1.0,1.490937436409073,-31.084237531565947,1.490937436409073,-31.084237531565947,3.1015674517401703,-0.000848948472886113,0.014990758566105555
2742.0,109.68,1.0,1.3559761682842102,-31.085961390044027,1.3559761682842102,-31.085961390044027,3.107168300135732,-0.0019588140359400375,0.018801773638407005
2743.0,109.72,1.0,1.2224666925658978,-31.088563671932597,1.2224666925658978,-31.088563671932597,3.1126821995709717,-0.0030218221257424906,0.02201470619113694
2744.0,109.76,1.0,1.088267843139585,-31.089304731863297,1.088267843139585,-31.089304731863297,3.1180896182039026,-0.004035628066471808,0.024599234733806395
2745.0,109.8,1.0,0.9558279497815032,-31.090645203408677,0.9558279497815032,-31.090645203408677,3.1233721196010444,-0.005002076873509764,0.02654482836362785
2746.0,109.84,1.0,0.8224504533638092,-31.090952228925158,0.8224504533638092,-31.090952228925158,3.1285142317137797,-0.005923536562257037,0.027861198940776943
2747.0,109.88,1.0,0.6890215995322053,-31.092711182524134,0.6890215995322053,-31.092711182524134,3.1335041039129967,-0.00680700811967574,0.02857706878415748
2748.0,109.92,1.0,0.5548514169260452,-31.093623383563397,0.5548514169260452,-31.093623383563397,3.1383335916228807,-0.007663860053070226,0.028738416231820052
2749.0,109.96000000000001,1.0,0.42018918005274825,-31.09463154872015,0.42018918005274825,-31.09463154872015,3.142999722310508,-0.0085094616417988,0.0284061039502864
2750.0,110.0,1.0,0.28597194152878286,-31.09560064210882,0.28597194152878286,-31.09560064210882,3.147502621817908,-0.009358579865803384,0.0276533806882066
2751.0,110.04,1.0,0.15072778209251972,-31.097011200276903,0.15072778209251972,-31.097011200276903,3.151845705783533,-0.01022360398142309,0.026562975899384757
2752.0,110.08,1.0,0.01755304196528702,-31.09683082652436,0.01755304196528702,-31.09683082652436,3.1560334242605848,-0.011114591841352706,0.02522328360171187
2753.0,110.12,1.0,-0.11794749464207296,-31.09464835489367,-0.11794749464207296,-31.09464835489367,3.16007219441022,-0.012038876837261648,0.02372428381437194
2754.0,110.16,1.0,-0.2513360909742214,-31.09172894838877,-0.2513360909742214,-31.09172894838877,3.163970367780529,-0.012999269927943157,0.022154397352099016
2755.0,110.2,1.0,-0.38593466646529484,-31.087660895504644,-0.38593466646529484,-31.087660895504644,3.167738612459172,-0.01399015459424836,0.020597177492144948
2756.0,110.24000000000001,1.0,-0.5192376508495543,-31.08300082534948,-0.5192376508495543,-31.08300082534948,3.1713894555320365,-0.01499930870215992,0.019128292189282657
2757.0,110.28,1.0,-0.6542753930125673,-31.076640657445857,-0.6542753930125673,-31.076640657445857,3.1749364713320634,-0.01601339943393565,0.017812031022151724
2758.0,110.32000000000001,1.0,-0.7879577307640373,-31.071363248209185,-0.7879577307640373,-31.071363248209185,3.1783932026481763,-0.0170128984412247,0.016699448361304235
2759.0,110.36,1.0,-0.9215048700472254,-31.064959090755945,-0.9215048700472254,-31.064959090755945,3.1817724647469463,-0.017975916565274974,0.015826883500693396
2760.0,110.4,1.0,-1.0535641607139603,-31.059350491506933,-1.0535641607139603,-31.059350491506933,3.1850853498553087,-0.01887236921712223,0.015215206054952782
2761.0,110.44,1.0,-1.1874071335336822,-31.051899185130388,-1.1874071335336822,-31.051899185130388,3.18834174649872,-0.019674152714214455,0.014868899051636044
2762.0,110.48,1.0,-1.3201123293889334,-31.045240913186596,-1.3201123293889334,-31.045240913186596,3.1915505264848836,-0.020351974729589127,0.014775979776702383
2763.0,110.52,1.0,-1.453936972523707,-31.037203846439972,-1.453936972523707,-31.037203846439972,3.1947208404899046,-0.020882534721337866,0.01490912035681292
2764.0,110.56,1.0,-1.5883634776278885,-31.029334574029697,-1.5883634776278885,-31.029334574029697,3.1978626139067456,-0.0212426287614339,0.015227591728495835
2765.0,110.60000000000001,1.0,-1.725249462796603,-31.020631984532656,-1.725249462796603,-31.020631984532656,3.2009863492518122,-0.021412233009602676,0.015678912901024782
2766.0,110.64,1.0,-1.8611217125169701,-31.0119699753349,-1.8611217125169701,-31.0119699753349,3.2041025161258583,-0.021375808720903212,0.016200714565544755
2767.0,110.68,1.0,-1.9974561571737044,-31.002397964406406,-1.9974561571737044,-31.002397964406406,3.2072208665246853,-0.021126197155610437,0.016723509170532204
2768.0,110.72,1.0,-2.132502101235686,-30.992110966454767,-2.132502101235686,-30.992110966454767,3.210350178835003,-0.020659226949948907,0.017174164218303613
2769.0,110.76,1.0,-2.2677508671705193,-30.98104013798412,-2.2677508671705193,-30.98104013798412,3.213498431740856,-0.01997459253103513,0.017478542620479993
2770.0,110.8,1.0,-2.402444377285525,-30.968489068705594,-2.402444377285525,-30.968489068705594,3.2166736983460473,-0.019074454403919396,0.017564103008605544
2771.0,110.84,1.0,-2.5374633038369496,-30.956092374287294,-2.5374633038369496,-30.956092374287294,3.21988435937313,-0.017968860386114005,0.017362556561784013
2772.0,110.88,1.0,-2.673286031537968,-30.942767788650002,-2.673286031537968,-30.942767788650002,3.2231397004011257,-0.01667140648891563,0.01681322495149112
2773.0,110.92,1.0,-2.808534498994661,-30.93128349015065,-2.808534498994661,-30.93128349015065,3.2264496070014177,-0.01520121504054559,0.01586557533466052
2774.0,110.96000000000001,1.0,-2.9430978099710483,-30.91936415892831,-2.9430978099710483,-30.91936415892831,3.229824501164027,-0.013576165214736091,0.014481093716633123
2775.0,111.0,1.0,-3.0785061081105525,-30.90815644435658,-3.0785061081105525,-30.90815644435658,3.23327360398257,-0.011816213559848587,0.01263452685167366
2776.0,111.04,1.0,-3.2148227774170453,-30.89634183902018,-3.2148227774170453,-30.89634183902018,3.236804604280554,-0.009943534323636549,0.010315526710082993
2777.0,111.08,1.0,-3.3504927864382834,-30.884805494027614,-3.3504927864382834,-30.884805494027614,3.2404232258022043,-0.007980561106230277,0.00753007417329337
2778.0,111.12,1.0,-3.4863673518355354,-30.872082333678396,-3.4863673518355354,-30.872082333678396,3.2441341095482423,-0.0059446810265122,0.004300669889997331
2779.0,111.16,1.0,-3.62222268678482,-30.85917563384615,-3.62222268678482,-30.85917563384615,3.2479410994020292,-0.0038514757509032884,0.0006657355180583795
2780.0,111.2,1.0,-3.7598787275518717,-30.846047293533253,-3.7598787275518717,-30.846047293533253,3.2518477382320214,-0.0017197693680826355,-0.003320470910620055
2781.0,111.24000000000001,1.0,-3.896243478900236,-30.833333229811206,-3.896243478900236,-30.833333229811206,3.2558569476640393,0.00043064717320814296,-0.007588346162350668
2782.0,111.28,1.0,-4.032060622413936,-30.820711276051412,-4.032060622413936,-30.820711276051412,3.2599705194592827,0.002581827698701167,-0.01205438226896413
2783.0,111.32000000000001,1.0,-4.16711813789336,-30.80790180097879,-4.16711813789336,-30.80790180097879,3.2641882725146374,0.004718818895441623,-0.01662359038024277
2784.0,111.36,1.0,-4.302788636604808,-30.794451996909345,-4.302788636604808,-30.794451996909345,3.2685074811425943,0.006828340045926307,-0.021191454389401756
2785.0,111.4,1.0,-4.4369877129296755,-30.78069321698632,-4.4369877129296755,-30.78069321698632,3.2729219984243363,0.00889667059118845,-0.025646116518541946
2786.0,111.44,1.0,-4.57216247945775,-30.765955346555966,-4.57216247945775,-30.765955346555966,3.277423400010845,0.010907158375752301,-0.029870969290489192
2787.0,111.48,1.0,-4.7075058179872915,-30.74935197755218,-4.7075058179872915,-30.74935197755218,3.2820016040551314,0.012844030705202736,-0.03374823251358552
2788.0,111.52,1.0,-4.8438120813320475,-30.732710922756873,-4.8438120813320475,-30.732710922756873,3.2866461481599663,0.01468907135891323,-0.037162623739696414
2789.0,111.56,1.0,-4.979147350603815,-30.715792242914056,-4.979147350603815,-30.715792242914056,3.29134613856122,0.016418937740275686,-0.04000463938182824
2790.0,111.60000000000001,1.0,-5.114950663508121,-30.698162496687736,-5.114950663508121,-30.698162496687736,3.2960902707075,0.0180033362242062,-0.04217345691108779
2791.0,111.64,1.0,-5.249401175702645,-30.67920608231075,-5.249401175702645,-30.67920608231075,3.300866785141809,0.01941424871385866,-0.04358090372794304
2792.0,111.68,1.0,-5.383538848810511,-30.659590135249367,-5.383538848810511,-30.659590135249367,3.3056630412613073,0.020623198275924313,-0.04415508365815839
2793.0,111.72,1.0,-5.516884171345332,-30.639433991743864,-5.516884171345332,-30.639433991743864,3.3104667762251845,0.021603612658204985,-0.043843005783593916
2794.0,111.76,1.0,-5.6514690779668415,-30.617486386807588,-5.6514690779668415,-30.617486386807588,3.315266705736235,0.022329819248594285,-0.04261237022599342
2795.0,111.8,1.0,-5.784916906766274,-30.594021430284663,-5.784916906766274,-30.594021430284663,3.3200539612454074,0.022780106322775707,-0.040454168187158246
2796.0,111.84,1.0,-5.918709504783439,-30.569782390426553,-5.918709504783439,-30.569782390426553,3.3248231740051835,0.022936320405975374,-0.037384463279346046
2797.0,111.88,1.0,-6.051582616901745,-30.544860782031947,-6.051582616901745,-30.544860782031947,3.329572125895562,0.022787433936895352,-0.033445072323570864
2798.0,111.92,1.0,-6.1835939287919865,-30.518819879919864,-6.1835939287919865,-30.518819879919864,3.3343017326477287,0.022327742395606653,-0.028702859443421814
2799.0,111.96000000000001,1.0,-6.31509064678705,-30.49254147052796,-6.31509064678705,-30.49254147052796,3.3390140820012015,0.02155737234816446,-0.02324879882216973
2800.0,112.0,1.0,-6.44543099724004,-30.464054449521434,-6.44543099724004,-30.464054449521434,3.343711731824405,0.020484062230331047,-0.017196274417821813
2801.0,112.04,1.0,-6.575970522767231,-30.43401015851115,-6.575970522767231,-30.43401015851115,3.3483969006509104,0.019128010617963265,-0.01067869371484785
2802.0,112.08,1.0,-6.706612955292181,-30.401802854147547,-6.706612955292181,-30.401802854147547,3.353071302667285,0.017517794190510316,-0.0038454488200462917
2803.0,112.12,1.0,-6.838290673646465,-30.369069213827554,-6.838290673646465,-30.369069213827554,3.357736292697081,0.015691268029179896,0.003142737132312179
2804.0,112.16,1.0,-6.968565035827827,-30.334381772427076,-6.968565035827827,-30.334381772427076,3.362391310188463,0.013691828190007726,0.010118361059355513
2805.0,112.2,1.0,-7.098835350857728,-30.299574738894137,-7.098835350857728,-30.299574738894137,3.367033854328322,0.01157080706170266,0.016911649606261743
2806.0,112.24000000000001,1.0,-7.227162765145505,-30.26392232982355,-7.227162765145505,-30.26392232982355,3.3716576680005788,0.009385126782549602,0.023356857924833947
2807.0,112.28,1.0,-7.355169231407163,-30.229375285279353,-7.355169231407163,-30.229375285279353,3.3762521753560413,0.007197013468346359,0.02929815993479349
2808.0,112.32000000000001,1.0,-7.48212877931868,-30.19356170849296,-7.48212877931868,-30.19356170849296,3.380802041218371,0.005068923723291707,0.034594925137323915
2809.0,112.36,1.0,-7.609304764872277,-30.157759401863625,-7.609304764872277,-30.157759401863625,3.385287174372679,0.0030621714327657146,0.03912585845359063
2810.0,112.4,1.0,-7.737028809819726,-30.122380010236476,-7.737028809819726,-30.122380010236476,3.389684679795353,0.001239608220070254,0.04279372614177852
2811.0,112.44,1.0,-7.866224608064757,-30.08618481907941,-7.866224608064757,-30.08618481907941,3.393970046496198,-0.000336770761620242,0.04552898852986709
2812.0,112.48,1.0,-7.996519284440426,-30.051193558564268,-7.996519284440426,-30.051193558564268,3.3981193154511757,-0.0016101452185927512,0.0472923527350438
2813.0,112.52,1.0,-8.127526489888908,-30.015616270278507,-8.127526489888908,-30.015616270278507,3.402109342575321,-0.0025343659176330414,0.04807556323400078
2814.0,112.56,1.0,-8.257576235722095,-29.981489246150424,-8.257576235722095,-29.981489246150424,3.4059187917981406,-0.003073259953534213,0.047901064803729305
2815.0,112.60000000000001,1.0,-8.387165386194704,-29.94792829380229,-8.387165386194704,-29.94792829380229,3.4095297709665964,-0.0031998010277143217,0.04682082455119945
2816.0,112.64,1.0,-8.51595104631336,-29.913959552401813,-8.51595104631336,-29.913959552401813,3.4129280586417217,-0.0029004856914029097,0.04491417729103591
2817.0,112.68,1.0,-8.645491282101158,-29.878851367507572,-8.645491282101158,-29.878851367507572,3.416105133757749,-0.002178377163786616,0.04228356217671649
2818.0,112.72,1.0,-8.775213495240255,-29.84322553579231,-8.775213495240255,-29.84322553579231,3.4190588665561528,-0.0010506775483964392,0.03904935304586051
2819.0,112.76,1.0,-8.905583986188168,-29.806742190964883,-8.905583986188168,-29.806742190964883,3.4217958878624275,0.00045724428665658843,0.03534452659783737
2820.0,112.8,1.0,-9.036379256103078,-29.770291310473443,-9.036379256103078,-29.770291310473443,3.42433149451917,0.002312510960374381,0.03130935682275683
2821.0,112.84,1.0,-9.167318272552736,-29.73418128837442,-9.167318272552736,-29.73418128837442,3.4266893926830155,0.004470234718332966,0.02708454072947048
2822.0,112.88,1.0,-9.297524968826052,-29.697827895759467,-9.297524968826052,-29.697827895759467,3.428900496839342,0.006873982300091575,0.02280469362930812
2823.0,112.92,1.0,-9.426683557271074,-29.661476011938202,-9.426683557271074,-29.661476011938202,3.431001141785882,0.009461739865077524,0.0185920274743815
2824.0,112.96000000000001,1.0,-9.555743786324367,-29.62401145064637,-9.555743786324367,-29.62401145064637,3.4330322319811835,0.012172035389744974,0.014551581038064346
2825.0,113.0,1.0,-9.684218554334032,-29.585728890399775,-9.684218554334032,-29.585728890399775,3.4350377039638538,0.014940661451093218,0.010766801954040721
2826.0,113.04,1.0,-9.813335418344366,-29.546933929903894,-9.813335418344366,-29.546933929903894,3.4370630918923766,0.01770047220072536,0.007296260333805834
2827.0,113.08,1.0,-9.942082259396757,-29.507108730640986,-9.942082259396757,-29.507108730640986,3.4391547431322658,0.020385884111586428,0.004171426566120124
2828.0,113.12,1.0,-10.07175358051743,-29.4668543333988,-10.07175358051743,-29.4668543333988,3.441358780994618,0.022943493947891802,0.0013963282196464198
2829.0,113.16,1.0,-10.200837562204487,-29.42654906959776,-10.200837562204487,-29.42654906959776,3.443719302193147,0.02532790911953712,-0.0010508858996302539
2830.0,113.2,1.0,-10.3299441370863,-29.38535384359391,-10.3299441370863,-29.38535384359391,3.446275339355167,0.02749989299766329,-0.0032157890949927556
2831.0,113.24000000000001,1.0,-10.457985988630286,-29.344811300069477,-10.457985988630286,-29.344811300069477,3.4490595602866243,0.02942812604284346,-0.005164316547292422
2832.0,113.28,1.0,-10.58432603342782,-29.303409280941175,-10.58432603342782,-29.303409280941175,3.452096611730922,0.03109686028432427,-0.006977760902316647
2833.0,113.32000000000001,1.0,-10.710410713657613,-29.26241254147058,-10.710410713657613,-29.26241254147058,3.4554033129769186,0.032506737317544554,-0.008746623434944627
2834.0,113.36,1.0,-10.836908408840358,-29.219883460061055,-10.836908408840358,-29.219883460061055,3.4589877050215896,0.033668326595863926,-0.010563848127660171
2835.0,113.4,1.0,-10.96322819398419,-29.177191265588913,-10.96322819398419,-29.177191265588913,3.462850312439232,0.03459902067257602,-0.012518650800996576
2836.0,113.44,1.0,-11.089432969699926,-29.134290024115824,-11.089432969699926,-29.134290024115824,3.4669844236842464,0.035330443192684934,-0.014689822671904208
2837.0,113.48,1.0,-11.215199662035173,-29.092591303386406,-11.215199662035173,-29.092591303386406,3.471377794399193,0.03591004180253767,-0.017139639692408826
2838.0,113.52,1.0,-11.341674986091622,-29.05089041069947,-11.341674986091622,-29.05089041069947,3.4760118860767903,0.036395031108734266,-0.019907810718023104
2839.0,113.56,1.0,-11.46777872751545,-29.009082778564725,-11.46777872751545,-29.009082778564725,3.4808611541468033,0.03684203811144904,-0.023007306328775366
2840.0,113.60000000000001,1.0,-11.592230721986843,-28.967675900159243,-11.592230721986843,-28.967675900159243,3.4858950308112107,0.03731122026971682,-0.026421928887346024
2841.0,113.64,1.0,-11.716213494295934,-28.925716387201714,-11.716213494295934,-28.925716387201714,3.4910787046410214,0.03786558305952516,-0.03010487068782654
2842.0,113.68,1.0,-11.841130934838583,-28.884569571255433,-11.841130934838583,-28.884569571255433,3.496376187915609,0.038566171795852124,-0.03397870285396839
2843.0,113.72,1.0,-11.966175823320265,-28.842300649270197,-11.966175823320265,-28.842300649270197,3.5017515799880528,0.03946099258900569,-0.03793670513526044
2844.0,113.76,1.0,-12.091194020843812,-28.801349783252512,-12.091194020843812,-28.801349783252512,3.5071705958829966,0.040586370599240605,-0.04184711661813365
2845.0,113.8,1.0,-12.21641456102079,-28.759217490431787,-12.21641456102079,-28.759217490431787,3.5126034447066132,0.04196731864328127,-0.04555823694174075
2846.0,113.84,1.0,-12.341609739396343,-28.716901250968014,-12.341609739396343,-28.716901250968014,3.518023971080608,0.043622096846417525,-0.0489045092034301
2847.0,113.88,1.0,-12.466934507157577,-28.67389858076465,-12.466934507157577,-28.67389858076465,3.523411554871516,0.045552540890863434,-0.051713290056813535
2848.0,113.92,1.0,-12.589583969115886,-28.62973759024184,-12.589583969115886,-28.62973759024184,3.5287477066224135,0.04774087531291106,-0.053812715443293045
2849.0,113.96000000000001,1.0,-12.712640966269465,-28.582976203227236,-12.712640966269465,-28.582976203227236,3.5340193492407677,0.050154965787515646,-0.055040719729290775
2850.0,114.0,1.0,-12.833519615636103,-28.534565235696057,-12.833519615636103,-28.534565235696057,3.539218838241522,0.052752014355737765,-0.05525291777521905
2851.0,114.04,1.0,-12.955185605248184,-28.484849512899103,-12.955185605248184,-28.484849512899103,3.5443438695803224,0.055473896059002305,-0.05432979642399133
2852.0,114.08,1.0,-13.075953004373494,-28.43350371629063,-13.075953004373494,-28.43350371629063,3.549398314144579,0.05824562245007285,-0.05218304638238774
2853.0,114.12,1.0,-13.196339633320102,-28.38074522560313,-13.196339633320102,-28.38074522560313,3.5543886394835456,0.060981932225986316,-0.04876167669833027
2854.0,114.16,1.0,-13.315704049209959,-28.326913747853034,-13.315704049209959,-28.326913747853034,3.5593249579563127,0.06359725453964357,-0.04405693000008703
2855.0,114.2,1.0,-13.434627774838955,-28.27247515379391,-13.434627774838955,-28.27247515379391,3.564217426465768,0.06600447023521457,-0.03810369076675556
2856.0,114.24000000000001,1.0,-13.55249123721659,-28.217499318041696,-13.55249123721659,-28.217499318041696,3.569074739665401,0.0681178242106404,-0.030980906412939758
2857.0,114.28,1.0,-13.668844419816912,-28.16034553258306,-13.668844419816912,-28.16034553258306,3.573902745513133,0.06985031534313822,-0.022810186912923032
2858.0,114.32000000000001,1.0,-13.78289121847649,-28.102034746071922,-13.78289121847649,-28.102034746071922,3.578702177754688,0.07112096182754607,-0.01375421698544101
2859.0,114.36,1.0,-13.896407767081882,-28.043047368841865,-13.896407767081882,-28.043047368841865,3.5834727139994724,0.0718597845405802,-0.0040115722453959255
2860.0,114.4,1.0,-14.009069430961205,-27.982146721173685,-14.009069430961205,-27.982146721173685,3.5882089042360583,0.07200926095423472,0.006190089255694065
2861.0,114.44,1.0,-14.121921431275007,-27.920902727996964,-14.121921431275007,-27.920902727996964,3.5929033868302924,0.07152289037762323,0.016601632116803065
2862.0,114.48,1.0,-14.233256204468415,-27.85834338331683,-14.233256204468415,-27.85834338331683,3.5975439650099665,0.07037286555533871,0.026960327642867286
2863.0,114.52,1.0,-14.343406554468057,-27.79569551594907,-14.343406554468057,-27.79569551594907,3.602114584329958,0.06855415398377865,0.036998212865177287
2864.0,114.56,1.0,-14.452798847972499,-27.733736343218407,-14.452798847972499,-27.733736343218407,3.6065972425439994,0.06608108709514741,0.04645216548492405
2865.0,114.60000000000001,1.0,-14.561490687936509,-27.671537243347963,-14.561490687936509,-27.671537243347963,3.61097007865429,0.06298445840220034,0.055073476435167176
2866.0,114.64,1.0,-14.670432343624043,-27.610431181620953,-14.670432343624043,-27.610431181620953,3.6152115970596874,0.05930965159152522,0.06263545164517292
2867.0,114.68,1.0,-14.777483166998072,-27.547234512512226,-14.777483166998072,-27.547234512512226,3.619299023626644,0.05511898757384466,0.06894027386067648
2868.0,114.72,1.0,-14.886659661537134,-27.487240220987985,-14.886659661537134,-27.487240220987985,3.6232134998031413,0.05048840411683412,0.07382520913351812
2869.0,114.76,1.0,-14.9947716365572,-27.427222363503375,-14.9947716365572,-27.427222363503375,3.6269404816301742,0.04550572012861757,0.07716945002686525
2870.0,114.8,1.0,-15.103940097908136,-27.368340854403026,-15.103940097908136,-27.368340854403026,3.6304690292921187,0.04026565021578653,0.0788965237453517
2871.0,114.84,1.0,-15.211817074518086,-27.309975948138806,-15.211817074518086,-27.309975948138806,3.63379486746147,0.03486551188055589,0.07897573445349373
2872.0,114.88,1.0,-15.320424286959376,-27.250222776785886,-15.320424286959376,-27.250222776785886,3.636916547370209,0.029407220092289087,0.0774215518830482
2873.0,114.92,1.0,-15.42865282185526,-27.19238256335247,-15.42865282185526,-27.19238256335247,3.639840191891237,0.023991711779421408,0.07429328639841089
2874.0,114.96000000000001,1.0,-15.537202271758199,-27.133267496522215,-15.537202271758199,-27.133267496522215,3.642576464792449,0.018714277148842873,0.06969230683133051
2875.0,115.0,1.0,-15.645876612795567,-27.074742593242043,-15.645876612795567,-27.074742593242043,3.645141769439293,0.013662942518770694,0.06375701995062771
2876.0,115.04,1.0,-15.75455771170262,-27.015778391653384,-15.75455771170262,-27.015778391653384,3.6475585962657915,0.008916661591148544,0.056656835648544256
2877.0,115.08,1.0,-15.863343868875964,-26.95783223593471,-15.863343868875964,-26.95783223593471,3.6498533256493153,0.004546320222251554,0.04858611524854626
2878.0,115.12,1.0,-15.973164793784898,-26.900234295731245,-15.973164793784898,-26.900234295731245,3.652059805826196,0.0006096638653050768,0.0397583465720983
2879.0,115.16,1.0,-16.082014168839134,-26.842764548232072,-16.082014168839134,-26.842764548232072,3.654212747700952,-0.0028461384949447165,0.030398559767438695
2880.0,115.2,1.0,-16.19175020417601,-26.786363934659185,-16.19175020417601,-26.786363934659185,3.656349645372952,-0.00578683065740212,0.020734869148092288
2881.0,115.24000000000001,1.0,-16.300904771501266,-26.728546737093076,-16.300904771501266,-26.728546737093076,3.6585069869965645,-0.008187999436025783,0.01099240361646667
2882.0,115.28,1.0,-16.410715262084132,-26.671033941889924,-16.410715262084132,-26.671033941889924,3.660719881645935,-0.010036056917763348,0.0013873198640893022
2883.0,115.32000000000001,1.0,-16.52108776880148,-26.612098687362398,-16.52108776880148,-26.612098687362398,3.663022554069863,-0.011327706763834499,-0.007878109710696324
2884.0,115.36,1.0,-16.63160305697625,-26.553009170673068,-16.63160305697625,-26.553009170673068,3.6654449315120488,-0.012072209074786688,-0.01662208880691718
2885.0,115.4,1.0,-16.74141349048903,-26.492629040074775,-16.74141349048903,-26.492629040074775,3.6680146494181427,-0.012288911834142435,-0.02468669796382937
2886.0,115.44,1.0,-16.85083156387447,-26.43168025176849,-16.85083156387447,-26.43168025176849,3.6707547550191135,-0.012004119074155517,-0.03194061860882373
2887.0,115.48,1.0,-16.960421435816198,-26.371232990238934,-16.960421435816198,-26.371232990238934,3.6736847937980253,-0.01125156353538027,-0.03827993238715142
2888.0,115.52,1.0,-17.069129209732363,-26.308684959715272,-17.069129209732363,-26.308684959715272,3.6768202409817095,-0.010072037543953605,-0.0436289459821883
2889.0,115.56,1.0,-17.178571688658543,-26.246098417241846,-17.178571688658543,-26.246098417241846,3.6801693627156786,-0.008511845979399834,-0.047940673136164236
2890.0,115.60000000000001,1.0,-17.286956382808956,-26.183883755986038,-17.286956382808956,-26.183883755986038,3.6837365171628087,-0.006620815840337057,-0.05119501476483238
2891.0,115.64,1.0,-17.395730982730512,-26.12029662890641,-17.395730982730512,-26.12029662890641,3.687519242292887,-0.004450524202501538,-0.0533962309998961
2892.0,115.68,1.0,-17.50352978149863,-26.057595141806047,-17.50352978149863,-26.057595141806047,3.691512199874888,-0.0020563803660715307,-0.054570530472141165
2893.0,115.72,1.0,-17.611058142536784,-25.991932749615792,-17.611058142536784,-25.991932749615792,3.6957051564976844,0.0005042489958541063,-0.05476393472141532
2894.0,115.76,1.0,-17.71782950521523,-25.927470977496917,-17.71782950521523,-25.927470977496917,3.700084333281319,0.003170152016911987,-0.054039079506870216
2895.0,115.8,1.0,-17.824249011836745,-25.861757865276058,-17.824249011836745,-25.861757865276058,3.7046330753696552,0.005880022698107268,-0.05247078192112192
2896.0,115.84,1.0,-17.93039759410032,-25.79545202155877,-17.93039759410032,-25.79545202155877,3.709331784933242,0.00857420955310909,-0.05014327641829146
2897.0,115.88,1.0,-18.03627686976914,-25.72858991377737,-18.03627686976914,-25.72858991377737,3.714158872144643,0.011192532241338093,-0.0471470097512166
2898.0,115.92,1.0,-18.14213102866203,-25.660377251208196,-18.14213102866203,-25.660377251208196,3.719089727821212,0.01367764813979403,-0.04357644861930435
2899.0,115.96000000000001,1.0,-18.247765011962525,-25.590611115992186,-18.247765011962525,-25.590611115992186,3.7240981521219636,0.015976787502526235,-0.03952688169817719
2900.0,116.0,1.0,-18.352592763061033,-25.519661095263945,-18.352592763061033,-25.519661095263945,3.729158131990539,0.018043945988816267,-0.03509216097025467
2901.0,116.04,1.0,-18.45623258802511,-25.449352330393403,-18.45623258802511,-25.449352330393403,3.7342437344031274,0.019835794954151432,-0.03036312902953687
2902.0,116.08,1.0,-18.559429299775534,-25.37689680624363,-18.559429299775534,-25.37689680624363,3.739331208501144,0.02131424280834039,-0.02542688330754032
2903.0,116.12,1.0,-18.661369914416888,-25.306123317517745,-18.661369914416888,-25.306123317517745,3.7443978566340883,0.022449225176345455,-0.02036626164591928
2904.0,116.16,1.0,-18.7624454777367,-25.232687039933502,-18.7624454777367,-25.232687039933502,3.749424145483224,0.023221013904439692,-0.015258679483257358
2905.0,116.2,1.0,-18.86381382616085,-25.16083911565875,-18.86381382616085,-25.16083911565875,3.754393244310628,0.023620199367559436,-0.010176715921278593
2906.0,116.24000000000001,1.0,-18.964362394754538,-25.087431624451412,-18.964362394754538,-25.087431624451412,3.7592917343254273,0.023648145296037936,-0.00518841210658059
2907.0,116.28,1.0,-19.06496545695261,-25.015902862122452,-19.06496545695261,-25.015902862122452,3.764109755391144,0.02331364409370299,-0.0003576610196935934
2908.0,116.32000000000001,1.0,-19.165026592390742,-24.943155993288048,-19.165026592390742,-24.943155993288048,3.7688410529580674,0.02263604059178196,0.004255591687476083
2909.0,116.36,1.0,-19.263837911803925,-24.870735769929883,-19.263837911803925,-24.870735769929883,3.7734838574107483,0.021641475921738595,0.008594610911851024
2910.0,116.4,1.0,-19.362896310755254,-24.79625653241438,-19.362896310755254,-24.79625653241438,3.778040932153403,0.020363343287690672,0.012605034395462861
2911.0,116.44,1.0,-19.46084122734212,-24.721326672898826,-19.46084122734212,-24.721326672898826,3.7825182742957253,0.018835799488992156,0.016234729795746267
2912.0,116.48,1.0,-19.557912094451883,-24.646589551601515,-19.557912094451883,-24.646589551601515,3.786925755197069,0.01710027014204548,0.01943380473250963
2913.0,116.52,1.0,-19.65463073886764,-24.570360810343768,-19.65463073886764,-24.570360810343768,3.7912753950940954,0.015198957755515363,0.022155151636712164
2914.0,116.56,1.0,-19.751016265413572,-24.494700867764315,-19.751016265413572,-24.494700867764315,3.795581507339102,0.013172582574524394,0.02435507592743678
2915.0,116.60000000000001,1.0,-19.84652091518382,-24.41632906950904,-19.84652091518382,-24.41632906950904,3.7998590070997458,0.011055992490028876,0.02599389733377431
2916.0,116.64,1.0,-19.941610031614157,-24.339644428677417,-19.941610031614157,-24.339644428677417,3.804123592681262,0.008880636519489882,0.02703765692132858
2917.0,116.68,1.0,-20.03695158083444,-24.260545707733552,-20.03695158083444,-24.260545707733552,3.808390784964529,0.006670490102802051,0.027459417596774772
2918.0,116.72,1.0,-20.13167678296665,-24.18288265288434,-20.13167678296665,-24.18288265288434,3.812674388370744,0.004442472335962566,0.027241062912892428
2919.0,116.76,1.0,-20.22707645734029,-24.105993090582757,-20.22707645734029,-24.105993090582757,3.8169868150474584,0.002202627039752747,0.02637452582024329
2920.0,116.8,1.0,-20.32213623664594,-24.03055533804456,-20.32213623664594,-24.03055533804456,3.8213371693962586,-5.203974929888222e-05,0.024864133968375526
2921.0,116.84,1.0,-20.41809030119099,-23.953968092892676,-20.41809030119099,-23.953968092892676,3.825730603407753,-0.0023378061775784277,0.022727589995027782
2922.0,116.88,1.0,-20.513991133633436,-23.87737505839428,-20.513991133633436,-23.87737505839428,3.8301690230254595,-0.004675795611283495,0.019997308797690537
2923.0,116.92,1.0,-20.61016425025829,-23.799843624973334,-20.61016425025829,-23.799843624973334,3.834650093563005,-0.007099156120291938,0.016720929669156663
2924.0,116.96000000000001,1.0,-20.70635230608094,-23.722138603034466,-20.70635230608094,-23.722138603034466,3.839169058016098,-0.009644987622171386,0.012962037751890088
2925.0,117.0,1.0,-20.80289296880593,-23.643284325786624,-20.80289296880593,-23.643284325786624,3.8437184439644687,-0.012356231849391964,0.008799990308839907
2926.0,117.04,1.0,-20.898258875063487,-23.563977955018828,-20.898258875063487,-23.563977955018828,3.8482899109567166,-0.015273113158174822,0.004329286031410577
2927.0,117.08,1.0,-20.99375611730789,-23.484533259769385,-20.99375611730789,-23.484533259769385,3.852873817223146,-0.018437914183176207,-0.00034234155155741586
2928.0,117.12,1.0,-21.087822548970955,-23.40454931117595,-21.087822548970955,-23.40454931117595,3.857459894815664,-0.021887282937131124,-0.005096099853683791
2929.0,117.16,1.0,-21.182769772472323,-23.32509099033163,-21.182769772472323,-23.32509099033163,3.8620392593406807,-0.02565051826032062,-0.00980493161106626
2930.0,117.2,1.0,-21.274756804848852,-23.246014874549182,-21.274756804848852,-23.246014874549182,3.866602690319181,-0.02974716319524213,-0.014336817772339278
2931.0,117.24000000000001,1.0,-21.368579585753434,-23.16793365147155,-21.368579585753434,-23.16793365147155,3.8711438779768463,-0.03418555091470739,-0.018559297502697778
2932.0,117.28,1.0,-21.461719931605224,-23.087692682131557,-21.461719931605224,-23.087692682131557,3.8756580951978363,-0.03895759387032575,-0.022343148074948496
2933.0,117.32000000000001,1.0,-21.555019227890742,-23.008328994129048,-21.555019227890742,-23.008328994129048,3.88014406466086,-0.044042070184305684,-0.025567070526641568
2934.0,117.36,1.0,-21.647985094016068,-22.92721560699983,-21.647985094016068,-22.92721560699983,3.8846032984299734,-0.04939959994342151,-0.02812195894039956
2935.0,117.4,1.0,-21.741601530670504,-22.84788092384784,-21.741601530670504,-22.84788092384784,3.8890400914366694,-0.05497790465238821,-0.029915755541617593
2936.0,117.44,1.0,-21.833478804837988,-22.76557153585474,-21.833478804837988,-22.76557153585474,3.8934607250432918,-0.06070645472359924,-0.03087695353028882
2937.0,117.48,1.0,-21.92507312371822,-22.683096864508247,-21.92507312371822,-22.683096864508247,3.897872457463547,-0.06650546559306605,-0.03095825769004217
2938.0,117.52,1.0,-22.01589358455782,-22.59857311088141,-22.01589358455782,-22.59857311088141,3.9022835182906457,-0.07228151029593255,-0.030138710014105015
2939.0,117.56,1.0,-22.105394153363797,-22.511386834552,-22.105394153363797,-22.511386834552,3.906702647430214,-0.07793735523525218,-0.028425349747360263
2940.0,117.60000000000001,1.0,-22.193539904722037,-22.422790303579124,-22.193539904722037,-22.422790303579124,3.9111379246691103,-0.08337235853413805,-0.025854072909346125
2941.0,117.64,1.0,-22.28145538521761,-22.333071125497096,-22.28145538521761,-22.333071125497096,3.915599043785164,-0.08848430384217017,-0.02248902013193198
2942.0,117.68,1.0,-22.3681943201507,-22.24318912632196,-22.3681943201507,-22.24318912632196,3.9200936948526754,-0.09317296135620423,-0.018420600455472877
2943.0,117.72,1.0,-22.454970150993535,-22.151987613019237,-22.454970150993535,-22.151987613019237,3.9246296627813337,-0.09734748109679965,-0.013762876769423726
2944.0,117.76,1.0,-22.541616452890402,-22.06113816835505,-22.541616452890402,-22.06113816835505,3.9292108792996023,-0.10092907547415356,-0.008649992414234569
2945.0,117.8,1.0,-22.627927711427397,-21.96969743692934,-22.627927711427397,-21.96969743692934,3.9338385132624927,-0.10385201032798475,-0.0032315209917445644
2946.0,117.84,1.0,-22.71484328551471,-21.878273100361252,-22.71484328551471,-21.878273100361252,3.938508622441604,-0.10606630415078047,0.0023330175824591752
2947.0,117.88,1.0,-22.801627996345427,-21.783834850121902,-22.801627996345427,-21.783834850121902,3.9432136466692045,-0.10754192175530612,0.00787937152767799
2948.0,117.92,1.0,-22.889461311913994,-21.688966071699472,-22.889461311913994,-21.688966071699472,3.9479420306879724,-0.10826868673590544,0.013244755349173692
2949.0,117.96000000000001,1.0,-22.976743969552025,-21.59189809627204,-22.976743969552025,-21.59189809627204,3.9526782614715303,-0.10825868844815094,0.018273515586162345
2950.0,118.0,1.0,-23.066045677189138,-21.494958415170665,-23.066045677189138,-21.494958415170665,3.957404841363676,-0.10753913118081544,0.022822753107312643
2951.0,118.04,1.0,-23.153578304483368,-21.39623041008757,-23.153578304483368,-21.39623041008757,3.962101891603676,-0.10615322850887352,0.02676759873884422
2952.0,118.08,1.0,-23.242365481388177,-21.298445579151988,-23.242365481388177,-21.298445579151988,3.9667472591701967,-0.10416297183206749,0.03000556381595536
2953.0,118.12,1.0,-23.330248121828035,-21.199102458889982,-23.330248121828035,-21.199102458889982,3.9713182055502094,-0.10164624066199253,0.032459922521050524
2954.0,118.16,1.0,-23.418429977858022,-21.100189087033986,-23.418429977858022,-21.100189087033986,3.9757919779819284,-0.09869025079485448,0.0340817694224619
2955.0,118.2,1.0,-23.50689298803406,-20.999222638664868,-23.50689298803406,-20.999222638664868,3.9801480755444993,-0.09538700853371929,0.0348515623664991
2956.0,118.24000000000001,1.0,-23.59694631536021,-20.898291947462308,-23.59694631536021,-20.898291947462308,3.984369136359613,-0.09183905420815168,0.034778672333986016
2957.0,118.28,1.0,-23.68654797150694,-20.79793199475471,-23.68654797150694,-20.79793199475471,3.98844310528445,-0.08815007916988062,0.03390011493874655
2958.0,118.32000000000001,1.0,-23.776332904149957,-20.697092728863776,-23.776332904149957,-20.697092728863776,3.99236340688424,-0.08442272786641883,0.032278075455085216
2959.0,118.36,1.0,-23.8663687321163,-20.5967949416767,-23.8663687321163,-20.5967949416767,3.996129953487235,-0.08075098451470489,0.029996365358642814
2960.0,118.4,1.0,-23.957521389858186,-20.49597682666729,-23.957521389858186,-20.49597682666729,3.9997500024766746,-0.07722073598506254,0.027156266092782183
2961.0,118.44,1.0,-24.04815914373203,-20.394862700906152,-24.04815914373203,-20.394862700906152,4.003235039534468,-0.07390927145850507,0.02387165154505042
2962.0,118.48,1.0,-24.138417493523175,-20.293788768973773,-24.138417493523175,-20.293788768973773,4.0066029233229115,-0.07088590244119794,0.0202637178182545
2963.0,118.52,1.0,-24.227354047332003,-20.19157527458381,-24.227354047332003,-20.19157527458381,4.00987508421707,-0.06820201829028952,0.01645538326837543
2964.0,118.56,1.0,-24.315713361075822,-20.08890812956637,-24.315713361075822,-20.08890812956637,4.013078046194648,-0.06589217509698267,0.012566095406175625
2965.0,118.60000000000001,1.0,-24.40346041201299,-19.98524872895352,-24.40346041201299,-19.98524872895352,4.016240489386119,-0.06397588474014142,0.008707396371133418
2966.0,118.64,1.0,-24.491024003294534,-19.88091635283128,-24.491024003294534,-19.88091635283128,4.019393966143937,-0.06246402837482175,0.004978501804787904
2967.0,118.68,1.0,-24.57798104414914,-19.777134376992954,-24.57798104414914,-19.777134376992954,4.02257006910406,-0.06134821360503471,0.0014631733880159736
2968.0,118.72,1.0,-24.664239339318335,-19.673715752599044,-24.664239339318335,-19.673715752599044,4.025800111328359,-0.06060975596058806,-0.0017729853958497535
2969.0,118.76,1.0,-24.750815204210856,-19.56888733708694,-24.750815204210856,-19.56888733708694,4.029113134964043,-0.06021817182018654,-0.004683515369773121
2970.0,118.8,1.0,-24.837473644169588,-19.461439485239634,-24.837473644169588,-19.461439485239634,4.032534251654405,-0.060140191467981774,-0.007241420868083354
2971.0,118.84,1.0,-24.924102303861538,-19.354107729161328,-24.924102303861538,-19.354107729161328,4.036083643069539,-0.06033295876809826,-0.009438606936632945
2972.0,118.88,1.0,-25.010669872560044,-19.244777141948923,-25.010669872560044,-19.244777141948923,4.039777201243133,-0.0607502407834266,-0.011284260296909054
2973.0,118.92,1.0,-25.09724761072,-19.136804088992584,-25.09724761072,-19.136804088992584,4.043624432812216,-0.06133890145827035,-0.012802430756696381
2974.0,118.96000000000001,1.0,-25.183214217640767,-19.027476970148957,-25.183214217640767,-19.027476970148957,4.047630583213544,-0.062050788157991685,-0.01402848523610586
2975.0,119.0,1.0,-25.2681624947135,-18.920129650115612,-25.2681624947135,-18.920129650115612,4.051794427006189,-0.06283931660258099,-0.015005974506468043
2976.0,119.04,1.0,-25.35251798679754,-18.81047515323686,-25.35251798679754,-18.81047515323686,4.056110332543396,-0.06366336599794922,-0.015782922077373758
2977.0,119.08,1.0,-25.43647065921177,-18.70114147030855,-25.43647065921177,-18.70114147030855,4.060566966584231,-0.06447837962167766,-0.016408100518301463
2978.0,119.12,1.0,-25.520832269775244,-18.59096956342341,-25.520832269775244,-18.59096956342341,4.06514984389892,-0.06524856214478661,-0.016927083594709822
2979.0,119.16,1.0,-25.604605803895662,-18.481773465712166,-25.604605803895662,-18.481773465712166,4.069840453162017,-0.06594121859709721,-0.01737891940171278
2980.0,119.2,1.0,-25.688020090981816,-18.370114241968036,-25.688020090981816,-18.370114241968036,4.074618091240692,-0.06653393371746832,-0.017793908191360883
2981.0,119.24000000000001,1.0,-25.771520910369087,-18.25907960677622,-25.771520910369087,-18.25907960677622,4.079461739066244,-0.06700432030093584,-0.018191850258563166
2982.0,119.28,1.0,-25.855156582528473,-18.14654814279634,-25.855156582528473,-18.14654814279634,4.084350417928784,-0.06734079341862309,-0.01858075553458139
2983.0,119.32000000000001,1.0,-25.939515707902775,-18.03398377625359,-25.939515707902775,-18.03398377625359,4.089265708652633,-0.06753531847874664,-0.018956554927572814
2984.0,119.36,1.0,-26.02351442283039,-17.919542583550772,-26.02351442283039,-17.919542583550772,4.094191793686443,-0.0675889623834296,-0.019303631656305994
2985.0,119.4,1.0,-26.10777014031951,-17.804802317906635,-26.10777014031951,-17.804802317906635,4.09911589179306,-0.06750212120461563,-0.019596804296713406
2986.0,119.44,1.0,-26.190409230294012,-17.68930330387186,-26.190409230294012,-17.68930330387186,4.1040284693217455,-0.06728098634414026,-0.01980278371777268
2987.0,119.48,1.0,-26.27392812315989,-17.573128925110105,-26.27392812315989,-17.573128925110105,4.108923475365277,-0.06693130645816694,-0.019883025673925754
2988.0,119.52,1.0,-26.35603554623583,-17.455717460488284,-26.35603554623583,-17.455717460488284,4.113798664207188,-0.066465699779165,-0.019796319664386306
2989.0,119.56,1.0,-26.436763652117172,-17.338530713199226,-26.436763652117172,-17.338530713199226,4.11865413951527,-0.06589288712197904,-0.019502671222408497
2990.0,119.60000000000001,1.0,-26.516666150340285,-17.222256022048803,-26.516666150340285,-17.222256022048803,4.12349361166896,-0.06522404488258005,-0.01896604824362626
2991.0,119.64,1.0,-26.595760795355766,-17.10373112183924,-26.595760795355766,-17.10373112183924,4.128323148644158,-0.06446384283421727,-0.018157235344155663
2992.0,119.68,1.0,-26.67404506134944,-16.98513857891644,-26.67404506134944,-16.98513857891644,4.133150641631857,-0.06362322042831856,-0.01705620819997154
2993.0,119.72,1.0,-26.751943932935166,-16.865254361647143,-26.751943932935166,-16.865254361647143,4.1379853102006745,-0.06270803521415692,-0.015654637800373596
2994.0,119.76,1.0,-26.829178829328168,-16.744060814267932,-26.829178829328168,-16.744060814267932,4.142834814364422,-0.06172627531203682,-0.013957187616941405
2995.0,119.8,1.0,-26.90546771641474,-16.621993693570985,-26.90546771641474,-16.621993693570985,4.147706722890583,-0.060681918219071575,-0.011982300652276196
2996.0,119.84,1.0,-26.98174739543108,-16.498361358859285,-26.98174739543108,-16.498361358859285,4.152606212163205,-0.05958121311452506,-0.009761621389018491
2997.0,119.88,1.0,-27.056840293335284,-16.37490840103122,-27.056840293335284,-16.37490840103122,4.157537681883793,-0.05842751697446721,-0.0073396203885312565
2998.0,119.92,1.0,-27.13177072438784,-16.24948529675274,-27.13177072438784,-16.24948529675274,4.162502933363736,-0.057224528302064925,-0.004771806628561944
2999.0,119.96000000000001,1.0,-27.206159905691266,-16.12359023983988,-27.206159905691266,-16.12359023983988,4.167501895424602,-0.0559722711170223,-0.0021232202784792972
3000.0,120.0,1.0,-27.279605559044672,-15.996963849457327,-27.279605559044672,-15.996963849457327,4.1725331929084515,-0.05467241828546533,0.0005349060782943342
3001.0,120.04,1.0,-27.351373362862354,-15.870974285670778,-27.351373362862354,-15.870974285670778,4.177593083987824,-0.05332403238865678,0.0031275878583454666
3002.0,120.08,1.0,-27.423593703670367,-15.744281186841253,-27.423593703670367,-15.744281186841253,4.182676537960714,-0.05192732243111729,0.005579538809623965
3003.0,120.12,1.0,-27.49577847398937,-15.618154178036523,-27.49577847398937,-15.618154178036523,4.187775890041928,-0.050476413942315626,0.007818238813849517
3004.0,120.16,1.0,-27.56723685902721,-15.491361370937318,-27.56723685902721,-15.491361370937318,4.192881902244551,-0.04896902186797294,0.009777520765872788
3005.0,120.2,1.0,-27.638553412073783,-15.365651037697742,-27.638553412073783,-15.365651037697742,4.197985441058327,-0.04740195787052857,0.011400104728316016
3006.0,120.24000000000001,1.0,-27.710122138467803,-15.237774164680886,-27.710122138467803,-15.237774164680886,4.2030762393407635,-0.04577402134761862,0.01264003752272586
3007.0,120.28,1.0,-27.780908962431504,-15.109423146399688,-27.780908962431504,-15.109423146399688,4.208145791280192,-0.04408183154548968,0.013464576532076713
3008.0,120.32000000000001,1.0,-27.851537575555255,-14.979013785898678,-27.851537575555255,-14.979013785898678,4.213184946040811,-0.04232359699003467,0.01385570844244988
3009.0,120.36,1.0,-27.923181146580834,-14.849248250224875,-27.923181146580834,-14.849248250224875,4.218186864376683,-0.040498196937096796,0.013810502102456065
3010.0,120.4,1.0,-27.993578125534178,-14.717414969498677,-27.993578125534178,-14.717414969498677,4.223145049151137,-0.038607694275514456,0.013341615625815467
3011.0,120.44,1.0,-28.063705974799575,-14.58747901637721,-28.063705974799575,-14.58747901637721,4.228054633468032,-0.036658950291073064,0.012476120097561915
3012.0,120.48,1.0,-28.13235951852551,-14.455855096493622,-28.13235951852551,-14.455855096493622,4.23291261692499,-0.03465838441924061,0.01125448132078286
3013.0,120.52,1.0,-28.19996485144449,-14.324481174385346,-28.19996485144449,-14.324481174385346,4.237717425698986,-0.03261774387775448,0.009728263860690135
3014.0,120.56,1.0,-28.268019044366515,-14.192477165794509,-28.268019044366515,-14.192477165794509,4.242470964281546,-0.030551958054581253,0.007958091586680306
3015.0,120.60000000000001,1.0,-28.33576441235595,-14.059565466441587,-28.33576441235595,-14.059565466441587,4.247177329279641,-0.02847680397133414,0.006010750118943284
3016.0,120.64,1.0,-28.402894525092897,-13.929021563090378,-28.402894525092897,-13.929021563090378,4.251843008097102,-0.02640723779849189,0.003956562695603404
3017.0,120.68,1.0,-28.470419529114633,-13.796632561292308,-28.470419529114633,-13.796632561292308,4.256476899249668,-0.024363938156363542,0.0018665855688662224
3018.0,120.72,1.0,-28.53632864227537,-13.664650061611308,-28.53632864227537,-13.664650061611308,4.261088760000193,-0.022373395921105387,-0.00019056520294394031
3019.0,120.76,1.0,-28.60216536290654,-13.532241321435995,-28.60216536290654,-13.532241321435995,4.265690802030723,-0.020467772934661045,-0.00215126935943393
3020.0,120.8,1.0,-28.667539709724828,-13.400185442895346,-28.667539709724828,-13.400185442895346,4.270294685212197,-0.018682022086329443,-0.00395899863581003
3021.0,120.84,1.0,-28.73340239224792,-13.265731853200851,-28.73340239224792,-13.265731853200851,4.274913586044797,-0.017055032484222077,-0.005566361978543818
3022.0,120.88,1.0,-28.796662370004203,-13.130265208570274,-28.796662370004203,-13.130265208570274,4.27955931904477,-0.015623172286382547,-0.0069366858929863825
3023.0,120.92,1.0,-28.859630065908227,-12.993870297349016,-28.859630065908227,-12.993870297349016,4.284243117544401,-0.01443130710323135,-0.008044942429299335
3024.0,120.96000000000001,1.0,-28.921105878215847,-12.857753437434244,-28.921105878215847,-12.857753437434244,4.288975342725702,-0.013522152038329382,-0.008877590289318851
3025.0,121.0,1.0,-28.981507770542446,-12.719650512675974,-28.981507770542446,-12.719650512675974,4.293763893745394,-0.012939034434411089,-0.00943271812101325
3026.0,121.04,1.0,-29.0418705560099,-12.583808323454651,-29.0418705560099,-12.583808323454651,4.298615645375459,-0.012720505967002926,-0.00971919613033236
3027.0,121.08,1.0,-29.100595852004933,-12.446828916740856,-29.100595852004933,-12.446828916740856,4.3035341725368825,-0.012907948931025537,-0.009755677913274488
3028.0,121.12,1.0,-29.159305010465015,-12.31067775907084,-29.159305010465015,-12.31067775907084,4.308520861315809,-0.013530207684203821,-0.009569092883126278
3029.0,121.16,1.0,-29.215614505439532,-12.172811359883204,-29.215614505439532,-12.172811359883204,4.313573986238298,-0.014609382424709782,-0.009192724867116834
3030.0,121.2,1.0,-29.272393286437442,-12.036014085416037,-29.272393286437442,-12.036014085416037,4.3186891986114055,-0.016154341488588762,-0.008664449151407242
3031.0,121.24000000000001,1.0,-29.328131414550192,-11.897202864585182,-29.328131414550192,-11.897202864585182,4.323860351846501,-0.01816766495933859,-0.008024677518315473
3032.0,121.28,1.0,-29.384359355847344,-11.760409976119533,-29.384359355847344,-11.760409976119533,4.329079166188824,-0.020637569478646957,-0.007314616675098404
3033.0,121.32000000000001,1.0,-29.44059959721228,-11.622273693651977,-29.44059959721228,-11.622273693651977,4.3343377455145795,-0.023544719732423457,-0.006573773933690946
3034.0,121.36,1.0,-29.4954048666088,-11.484797147770166,-29.4954048666088,-11.484797147770166,4.339627745007979,-0.0268503366520919,-0.00583860911224404
3035.0,121.4,1.0,-29.550000886072837,-11.346651058125016,-29.550000886072837,-11.346651058125016,4.344941091861619,-0.030504617749693163,-0.005141549151115468
3036.0,121.44,1.0,-29.603263662809535,-11.207689353311574,-29.603263662809535,-11.207689353311574,4.350270629340118,-0.03444533487318421,-0.004509761449306739
3037.0,121.48,1.0,-29.65593417292366,-11.06805873245295,-29.65593417292366,-11.06805873245295,4.355608656320568,-0.03860439869225648,-0.003964343445800218
3038.0,121.52,1.0,-29.707625925363878,-10.93016463394667,-29.707625925363878,-10.93016463394667,4.360949358108357,-0.04289860140089519,-0.003519955490727532
3039.0,121.56,1.0,-29.759418088386447,-10.790324984368294,-29.759418088386447,-10.790324984368294,4.36628773380732,-0.047242722696746044,-0.0031851604593339314
3040.0,121.60000000000001,1.0,-29.809417437242946,-10.649765526182964,-29.809417437242946,-10.649765526182964,4.371621440814449,-0.051544501400786605,-0.002962648976365499
3041.0,121.64,1.0,-29.858782943404588,-10.508959182400554,-29.858782943404588,-10.508959182400554,4.3769499637299605,-0.05571338492248694,-0.002849968729287216
3042.0,121.68,1.0,-29.907439899328445,-10.368417252269495,-29.907439899328445,-10.368417252269495,4.382275809942943,-0.05965438868371971,-0.002840416550411967
3043.0,121.72,1.0,-29.95555035299144,-10.227003660855818,-29.95555035299144,-10.227003660855818,4.387603555249394,-0.06328024879308268,-0.002923794213119613
3044.0,121.76,1.0,-30.002993820315567,-10.084505661218197,-30.002993820315567,-10.084505661218197,4.392938348533734,-0.06650803260744233,-0.0030878809365704834
3045.0,121.8,1.0,-30.050878541973,-9.94193715210321,-30.050878541973,-9.94193715210321,4.3982863169188695,-0.06927031197264326,-0.0033190957415735467
3046.0,121.84,1.0,-30.09758575988547,-9.797711866711321,-30.09758575988547,-9.797711866711321,4.403653192919617,-0.07151183180160267,-0.0036034509718451896
3047.0,121.88,1.0,-30.143342632043847,-9.65251854503953,-30.143342632043847,-9.65251854503953,4.409044554765256,-0.07319404163919987,-0.003927462413489355
3048.0,121.92,1.0,-30.18803413736534,-9.50704099838495,-30.18803413736534,-9.50704099838495,4.414466645204797,-0.07429240432579357,-0.004279353665429167
3049.0,121.96000000000001,1.0,-30.23313082499168,-9.361810144827126,-30.23313082499168,-9.361810144827126,4.419925750748323,-0.07480259301094604,-0.004649246324821702
3050.0,122.0,1.0,-30.276840827368005,-9.215145629679402,-30.276840827368005,-9.215145629679402,4.425427881050429,-0.07473713179167249,-0.005029060845858772
3051.0,122.04,1.0,-30.320556705830143,-9.067613762331604,-30.320556705830143,-9.067613762331604,4.430978269676662,-0.07412610641346165,-0.005412643372460845
3052.0,122.08,1.0,-30.362999599322496,-8.919375032001142,-30.362999599322496,-8.919375032001142,4.43658052997579,-0.07301317308039632,-0.005795354570204131
3053.0,122.12,1.0,-30.405843158168533,-8.771114956799495,-30.405843158168533,-8.771114956799495,4.442235966981214,-0.07145895170042982,-0.006173710417809864
3054.0,122.16,1.0,-30.447203283762796,-8.621508649023514,-30.447203283762796,-8.621508649023514,4.447943305013252,-0.06953451446222632,-0.006544861592689778
3055.0,122.2,1.0,-30.488098827865677,-8.470846376533101,-30.488098827865677,-8.470846376533101,4.453699751298903,-0.06732041243942366,-0.006905874320861524
3056.0,122.24000000000001,1.0,-30.527563137576852,-8.319944619809498,-30.527563137576852,-8.319944619809498,4.459500103880349,-0.06490037259447407,-0.007253295976469681
3057.0,122.28,1.0,-30.566277281007746,-8.168791856994572,-30.566277281007746,-8.168791856994572,4.465338643667748,-0.06236203664876701,-0.007582486500772007
3058.0,122.32000000000001,1.0,-30.604054824178025,-8.01570489259713,-30.604054824178025,-8.01570489259713,4.4712088109028905,-0.05978911239059979,-0.007887036889580026
3059.0,122.36,1.0,-30.640735702197457,-7.86349207040913,-30.640735702197457,-7.86349207040913,4.477103471449957,-0.05726287616308514,-0.008157802783268655
3060.0,122.4,1.0,-30.677828874924188,-7.711786208136628,-30.677828874924188,-7.711786208136628,4.483014209857399,-0.05485891432734234,-0.008383217465933724
3061.0,122.44,1.0,-30.714158580289727,-7.558174242254094,-30.714158580289727,-7.558174242254094,4.488932568571263,-0.05264384250870856,-0.008549305555183948
3062.0,122.48,1.0,-30.749464906721936,-7.405708502219417,-30.749464906721936,-7.405708502219417,4.494849064808419,-0.05067746715168331,-0.00863989739251873
3063.0,122.52,1.0,-30.78347341199962,-7.252648372236516,-30.78347341199962,-7.252648372236516,4.500754931588541,-0.04900983152726622,-0.008636989212331062
3064.0,122.56,1.0,-30.817249447533772,-7.099910417865445,-30.817249447533772,-7.099910417865445,4.506641268125435,-0.047680669228690645,-0.008521634059413679
3065.0,122.60000000000001,1.0,-30.848680953766177,-6.94643577962829,-30.848680953766177,-6.94643577962829,4.512501061468122,-0.04671784212923817,-0.008274762392797655
3066.0,122.64,1.0,-30.88025089041443,-6.792178514779825,-30.88025089041443,-6.792178514779825,4.518328362139221,-0.04614078571100207,-0.007878406283287238
3067.0,122.68,1.0,-30.911218037413725,-6.638742637689748,-30.911218037413725,-6.638742637689748,4.524119854686518,-0.0459604351541242,-0.007316632970075274
3068.0,122.72,1.0,-30.941780883594607,-6.483801058215008,-30.941780883594607,-6.483801058215008,4.5298734980907716,-0.04617813791250928,-0.006576612639166313
3069.0,122.76,1.0,-30.970266461649253,-6.329010018510944,-30.970266461649253,-6.329010018510944,4.535588464301272,-0.046792990985179125,-0.0056496327850479745
3070.0,122.8,1.0,-30.99802489002989,-6.173943731120513,-30.99802489002989,-6.173943731120513,4.541264609500729,-0.04779913524183772,-0.004532603717091746
3071.0,122.84,1.0,-31.023606659022523,-6.018981714113247,-31.023606659022523,-6.018981714113247,4.546902517952746,-0.04918850760176381,-0.003228184190414295
3072.0,122.88,1.0,-31.048120497662655,-5.8636156665492605,-31.048120497662655,-5.8636156665492605,4.552502794804271,-0.05095463067379883,-0.0017455588180605036
3073.0,122.92,1.0,-31.070467473761404,-5.706796330245688,-31.070467473761404,-5.706796330245688,4.558066876382993,-0.05309060819055043,-0.00010063224592186705
3074.0,122.96000000000001,1.0,-31.092370249922414,-5.550766692022918,-31.092370249922414,-5.550766692022918,4.563595890195393,-0.055589380027314415,0.0016835017794189413
3075.0,123.0,1.0,-31.11278856939405,-5.393901158415712,-31.11278856939405,-5.393901158415712,4.5690918825212385,-0.05844508353922687,0.003577418760165353
3076.0,123.04,1.0,-31.133396410326604,-5.2359138837516666,-31.133396410326604,-5.2359138837516666,4.574556337905773,-0.0616533925828577,0.005545649841709283
3077.0,123.08,1.0,-31.153462847411117,-5.077256589024658,-31.153462847411117,-5.077256589024658,4.579990875815184,-0.06520684386268912,0.00754800227580806
3078.0,123.12,1.0,-31.17295806304144,-4.919017491803976,-31.17295806304144,-4.919017491803976,4.585395429482643,-0.06909835897971957,0.009540436789935085
3079.0,123.16,1.0,-31.191135164313813,-4.759661679517526,-31.191135164313813,-4.759661679517526,4.590768523661207,-0.07331717198275003,0.011476491732494608
3080.0,123.2,1.0,-31.209119151757267,-4.600102655517656,-31.209119151757267,-4.600102655517656,4.596107689735661,-0.07784460131334738,0.013308443461566257
3081.0,123.24000000000001,1.0,-31.225334284236148,-4.442318139627335,-31.225334284236148,-4.442318139627335,4.601409500921948,-0.082654341910457,0.01498952611326428
3082.0,123.28,1.0,-31.2417531741294,-4.283396324548887,-31.2417531741294,-4.283396324548887,4.606670942058755,-0.08770795844426556,0.016474783095272193
3083.0,123.32000000000001,1.0,-31.256395673426397,-4.123285454400275,-31.256395673426397,-4.123285454400275,4.6118892393817985,-0.09295348518047082,0.017722835853307112
3084.0,123.36,1.0,-31.27145317610721,-3.963690893172165,-31.27145317610721,-3.963690893172165,4.617062813863628,-0.09832247106296195,0.018696928278079446
3085.0,123.4,1.0,-31.28546200608372,-3.803929254333881,-31.28546200608372,-3.803929254333881,4.622191232485333,-0.10373591858065753,0.019366832426947186
3086.0,123.44,1.0,-31.29853695500496,-3.64379311267106,-31.29853695500496,-3.64379311267106,4.627274997332693,-0.10909646295651235,0.019709052045957375
3087.0,123.48,1.0,-31.31078301350119,-3.482907216041955,-31.31078301350119,-3.482907216041955,4.632315448196577,-0.11429191549747837,0.01970817646334783
3088.0,123.52,1.0,-31.322129838426925,-3.3217699440587856,-31.322129838426925,-3.3217699440587856,4.637314041509646,-0.11919709054690464,0.01935683174121142
3089.0,123.56,1.0,-31.333149805999646,-3.1586986304243703,-31.333149805999646,-3.1586986304243703,4.642273973578808,-0.123674196179086,0.01865620938377886
3090.0,123.60000000000001,1.0,-31.343706063779354,-2.995604775242108,-31.343706063779354,-2.995604775242108,4.6472004487290715,-0.12758055571770638,0.01761558428929897
3091.0,123.64,1.0,-31.354304024782216,-2.831957951141572,-31.354304024782216,-2.831957951141572,4.652100374704305,-0.13077235046464608,0.016252393890084642
3092.0,123.68,1.0,-31.36486916219288,-2.6670118444779436,-31.36486916219288,-2.6670118444779436,4.656982538630894,-0.13310267523783853,0.01459095993427539
3093.0,123.72,1.0,-31.374522361922356,-2.502309757205415,-31.374522361922356,-2.502309757205415,4.661856088072467,-0.13443054029159845,0.012662155512571618
3094.0,123.76,1.0,-31.38430953242112,-2.335279334192413,-31.38430953242112,-2.335279334192413,4.666731669317967,-0.13462516695549745,0.010502234806509025
3095.0,123.8,1.0,-31.39254999482021,-2.167726262986125,-31.39254999482021,-2.167726262986125,4.671618575140938,-0.1335721572998586,0.008152274084176023
3096.0,123.84,1.0,-31.40117795140198,-2.001767299481176,-31.40117795140198,-2.001767299481176,4.676526095222786,-0.13117352170845262,0.005656504754609881
3097.0,123.88000000000001,1.0,-31.407444761707126,-1.8344185451505322,-31.407444761707126,-1.8344185451505322,4.681461991070148,-0.12736160271342908,0.003061908212243476
3098.0,123.92,1.0,-31.413632405006446,-1.6655236732935919,-31.413632405006446,-1.6655236732935919,4.686433765528247,-0.12209673768419119,0.0004163534658225592
3099.0,123.96000000000001,1.0,-31.41842247746219,-1.496091301464986,-31.41842247746219,-1.496091301464986,4.691448710101869,-0.11537601899735406,-0.0022319485522283846
3100.0,124.0,1.0,-31.422756431045986,-1.3240595353448303,-31.422756431045986,-1.3240595353448303,4.696513500298221,-0.1072285479719401,-0.004835685563046333
3101.0,124.04,1.0,-31.425947625660058,-1.1498029602256856,-31.425947625660058,-1.1498029602256856,4.701633337881502,-0.09771703096974853,-0.007348750165695766
3102.0,124.08,1.0,-31.428583984474347,-0.9751348270151687,-31.428583984474347,-0.9751348270151687,4.706811888983774,-0.08693577869460752,-0.009727602289298361
3103.0,124.12,1.0,-31.430440831207925,-0.7996399182451877,-31.430440831207925,-0.7996399182451877,4.712050827410534,-0.07502128554502245,-0.01193143892156987
3104.0,124.16,1.0,-31.432082969459515,-0.6239855300709938,-31.432082969459515,-0.6239855300709938,4.717350693424399,-0.06213976068175868,-0.013922859841779201
3105.0,124.2,1.0,-31.432260073998286,-0.4471513221259916,-31.432260073998286,-0.4471513221259916,4.7227089943939315,-0.04848090515412775,-0.01566827667140882
3106.0,124.24000000000001,1.0,-31.431954852411128,-0.2712334333711038,-31.431954852411128,-0.2712334333711038,4.728123368766013,-0.034256897953628365,-0.01713856937146119
3107.0,124.28,1.0,-31.430067954829752,-0.09339750679890148,-31.430067954829752,-0.09339750679890148,4.733589424910997,-0.019700464426464937,-0.018309321630169673
3108.0,124.32000000000001,1.0,-31.427708402033755,0.08273441475332452,-31.427708402033755,0.08273441475332452,4.739103473272853,-0.005050855478662353,-0.01916137351428951
3109.0,124.36,1.0,-31.424531795919314,0.2576192136128913,-31.424531795919314,0.2576192136128913,4.744660496724707,0.009445349183918572,-0.01968055151896005
3110.0,124.4,1.0,-31.420498364039936,0.43313724012867744,-31.420498364039936,0.43313724012867744,4.750255441529278,0.02354875038568558,-0.019858147034530444
3111.0,124.44,1.0,-31.413584108618075,0.6088165803964429,-31.413584108618075,0.6088165803964429,4.755881871740059,0.03702761140808262,-0.01969121951206123
3112.0,124.48,1.0,-31.406505182204995,0.7834849675842256,-31.406505182204995,0.7834849675842256,4.761533702440481,0.04966486980797813,-0.01918316878395037
3113.0,124.52,1.0,-31.3977226264241,0.9593306477926559,-31.3977226264241,0.9593306477926559,4.7672049099127864,0.061263358820355475,-0.018343079574791775
3114.0,124.56,1.0,-31.386918622595722,1.13366562108446,-31.386918622595722,1.13366562108446,4.7728901412315015,0.07166243538996757,-0.01718597721099534
3115.0,124.60000000000001,1.0,-31.37586567629532,1.3068040866256974,-31.37586567629532,1.3068040866256974,4.778584390086877,0.08072667345664661,-0.01573313378412759
3116.0,124.64,1.0,-31.362576002004943,1.4803879945524074,-31.362576002004943,1.4803879945524074,4.784284156765067,0.08834928914846482,-0.014011872966607584
3117.0,124.68,1.0,-31.34957897721091,1.6524592814902614,-31.34957897721091,1.6524592814902614,4.789986135904361,0.09446042553715125,-0.012055316958414431
3118.0,124.72,1.0,-31.335259613611026,1.822495088594192,-31.335259613611026,1.822495088594192,4.795688651650938,0.09903325738163322,-0.009901792196915452
3119.0,124.76,1.0,-31.32032742523835,1.9934666596277668,-31.32032742523835,1.9934666596277668,4.801389633111792,0.10207472897675936,-0.007594408078675484
3120.0,124.8,1.0,-31.303452392831712,2.160861960064447,-31.303452392831712,2.160861960064447,4.80708794344499,0.10362758597149616,-0.005180359136296544
3121.0,124.84,1.0,-31.286220102690823,2.327023635569623,-31.286220102690823,2.327023635569623,4.812781833830531,0.10376505362657369,-0.00271025500959661
3122.0,124.88000000000001,1.0,-31.267736971841067,2.492503674753361,-31.267736971841067,2.492503674753361,4.818470689277296,0.10258602116020002,-0.00023645235333291867
3123.0,124.92,1.0,-31.248693647783465,2.657588102369769,-31.248693647783465,2.657588102369769,4.82415362236169,0.10021595268238481,0.0021882441695947703
3124.0,124.96000000000001,1.0,-31.226747744231098,2.822085241493313,-31.226747744231098,2.822085241493313,4.829829519069375,0.09679850948757432,0.0045114802862814595
3125.0,125.0,1.0,-31.20573893535377,2.9865574630063527,-31.20573893535377,2.9865574630063527,4.835497288747318,0.09248090249191021,0.006682690522624117
3126.0,125.04,1.0,-31.18226786067037,3.149982963288364,-31.18226786067037,3.149982963288364,4.841154951065169,0.08742128936833093,0.008655354792463568
3127.0,125.08,1.0,-31.159393714236906,3.3122760733792567,-31.159393714236906,3.3122760733792567,4.846800538684301,0.0817835209604925,0.010388335890077326
3128.0,125.12,1.0,-31.135581383050656,3.474736837797342,-31.135581383050656,3.474736837797342,4.852430598488701,0.07572273664622502,0.011847149750342257
3129.0,125.16,1.0,-31.111120993144244,3.6380867123916696,-31.111120993144244,3.6380867123916696,4.8580404772140495,0.06937986124538957,0.013005009655205133
3130.0,125.2,1.0,-31.084658541305203,3.8000142906674634,-31.084658541305203,3.8000142906674634,4.863624086239133,0.06288612551277088,0.013844237242667196
3131.0,125.24000000000001,1.0,-31.059766851329947,3.9612754910923003,-31.059766851329947,3.9612754910923003,4.869174662624423,0.05635821998238062,0.01435670532655325
3132.0,125.28,1.0,-31.032808725339464,4.122857862716424,-31.032808725339464,4.122857862716424,4.874685203314541,0.04989166396826863,0.014544891342697926
3133.0,125.32000000000001,1.0,-31.006411329688454,4.283193498239804,-31.006411329688454,4.283193498239804,4.880148133691769,0.043562748546109774,0.014421313671938496
3134.0,125.36,1.0,-30.979035868823512,4.4433788897551985,-30.979035868823512,4.4433788897551985,4.88555563582403,0.03742198604845683,0.014008344109061455
3135.0,125.4,1.0,-30.951049913814728,4.603880534172685,-30.951049913814728,4.603880534172685,4.890901050724361,0.031498601835895125,0.013337530391073568
3136.0,125.44,1.0,-30.92156394343649,4.765185267890834,-30.92156394343649,4.765185267890834,4.89617770737209,0.025806254037538688,0.012448867109121818
3137.0,125.48,1.0,-30.89126507526413,4.925998339054948,-30.89126507526413,4.925998339054948,4.90138106687979,0.020340932080621134,0.01138863337856324
3138.0,125.52,1.0,-30.860474388692914,5.087408814895218,-30.860474388692914,5.087408814895218,4.9065066640438895,0.015076408484120396,0.010207804847767486
3139.0,125.56,1.0,-30.82953470976123,5.247639985129059,-30.82953470976123,5.247639985129059,4.911552837948056,0.009978123745764922,0.008960260880072535
3140.0,125.60000000000001,1.0,-30.797811863952063,5.408976253095578,-30.797811863952063,5.408976253095578,4.91651989908158,0.00500489403090405,0.007700738058801138
3141.0,125.64,1.0,-30.7654453022695,5.568840704426503,-30.7654453022695,5.568840704426503,4.921412166567091,0.00010665225269890222,0.0064820247077469525
3142.0,125.68,1.0,-30.732281466428287,5.729308546310028,-30.732281466428287,5.729308546310028,4.926236298816646,-0.004771423531255592,0.005353241590681386
3143.0,125.72,1.0,-30.698099365372382,5.888158383666952,-30.698099365372382,5.888158383666952,4.931001470793339,-0.009678288947626124,0.004357274445826129
3144.0,125.76,1.0,-30.663565957657926,6.046861040653232,-30.663565957657926,6.046861040653232,4.935718753760379,-0.014658573954396603,0.003529146964691339
3145.0,125.8,1.0,-30.627243177302454,6.205209618186252,-30.627243177302454,6.205209618186252,4.940400669817358,-0.019745512062408443,0.002894421847851274
3146.0,125.84,1.0,-30.591328464985054,6.364304286019465,-30.591328464985054,6.364304286019465,4.945059839269943,-0.024962521034039085,0.0024681825664620268
3147.0,125.88000000000001,1.0,-30.551847584862607,6.522504007489279,-30.551847584862607,6.522504007489279,4.949709163523929,-0.03032047463989156,0.0022539874278145002
3148.0,125.92,1.0,-30.51216297797273,6.680843007481703,-30.51216297797273,6.680843007481703,4.954360980789491,-0.035820469638518884,0.0022440058108454263
3149.0,125.96000000000001,1.0,-30.47076191899337,6.8385137681577906,-30.47076191899337,6.8385137681577906,4.9590280015843335,-0.041445282677309334,0.0024192547811859285
3150.0,126.0,1.0,-30.429176573393,6.9964270692949455,-30.429176573393,6.9964270692949455,4.963721794409623,-0.047164282715244754,0.0027503968515116624
3151.0,126.04,1.0,-30.38700353983456,7.154540420033406,-30.38700353983456,7.154540420033406,4.96845293545062,-0.05293629102559736,0.0031991148824285025
3152.0,126.08,1.0,-30.34374543646693,7.312778598271441,-30.34374543646693,7.312778598271441,4.973228912369941,-0.05870699615890333,0.003720321648055936
3153.0,126.12,1.0,-30.29919360179081,7.4714006234981865,-30.29919360179081,7.4714006234981865,4.978054532387335,-0.06440813971391057,0.004263798043210928
3154.0,126.16,1.0,-30.254929645633762,7.629624178648572,-30.254929645633762,7.629624178648572,4.982931975848748,-0.06996601300240808,0.004776656291476576
3155.0,126.2,1.0,-30.209203156660173,7.7879285973243055,-30.209203156660173,7.7879285973243055,4.987860671938389,-0.07529869932892416,0.005206024724935613
3156.0,126.24000000000001,1.0,-30.164114718424525,7.945643460923572,-30.164114718424525,7.945643460923572,4.992838668034605,-0.08032265009778143,0.005501594149354408
3157.0,126.28,1.0,-30.11726569548073,8.1034533962823,-30.11726569548073,8.1034533962823,4.99786221766752,-0.08495202947620613,0.005617721172952489
3158.0,126.32000000000001,1.0,-30.069778453724847,8.261591399631211,-30.069778453724847,8.261591399631211,5.0029277705451785,-0.0891060873151452,0.005515931747493949
3159.0,126.36,1.0,-30.021733158301572,8.420144257173117,-30.021733158301572,8.420144257173117,5.008030623010061,-0.0927027161021261,0.005166878581782457
3160.0,126.4,1.0,-29.973231980568833,8.579644241142242,-29.973231980568833,8.579644241142242,5.013165775855261,-0.09567079146078843,0.0045519467425458844
3161.0,126.44,1.0,-29.92486612665627,8.739718241861514,-29.92486612665627,8.739718241861514,5.018327564042797,-0.09795399516865375,0.003664352506040393
3162.0,126.48,1.0,-29.874907037551473,8.900463798721317,-29.874907037551473,8.900463798721317,5.0235097883155255,-0.09950841720891705,0.002509463023044294
3163.0,126.52,1.0,-29.823863327208823,9.061258812386448,-29.823863327208823,9.061258812386448,5.028706973953005,-0.10030276428341083,0.001104693544457885
3164.0,126.56,1.0,-29.771825040779447,9.223414547253073,-29.771825040779447,9.223414547253073,5.033914914524603,-0.10032605273173882,-0.0005207305090770247
3165.0,126.60000000000001,1.0,-29.718540049407117,9.38609355077256,-29.718540049407117,9.38609355077256,5.039130806888812,-0.09958563532287831,-0.002326725631755867
3166.0,126.64,1.0,-29.663787024052567,9.548193936495661,-29.663787024052567,9.548193936495661,5.044354095560683,-0.09810822839429642,-0.004264170540412282
3167.0,126.68,1.0,-29.610212753875594,9.710817131451421,-29.610212753875594,9.710817131451421,5.049585223595971,-0.09593900567839934,-0.00627686404572615
3168.0,126.72,1.0,-29.55522412904373,9.873062052569313,-29.55522412904373,9.873062052569313,5.054826543907446,-0.09314184311973979,-0.008303026165618139
3169.0,126.76,1.0,-29.499520040996536,10.036574082198548,-29.499520040996536,10.036574082198548,5.060080215566858,-0.08979420212800585,-0.010277855633050465
3170.0,126.8,1.0,-29.44284149445093,10.199040269927348,-29.44284149445093,10.199040269927348,5.065349192014611,-0.08599762783938061,-0.012136159621032433
3171.0,126.84,1.0,-29.38395932757453,10.36240909084084,-29.38395932757453,10.36240909084084,5.070635883064761,-0.08186283336800167,-0.013814875507138025
3172.0,126.88000000000001,1.0,-29.32375895890188,10.52521356218764,-29.32375895890188,10.52521356218764,5.075942812454001,-0.07750792155703774,-0.015255293946738802
3173.0,126.92,1.0,-29.263052720427158,10.687748922058951,-29.263052720427158,10.687748922058951,5.081272803384875,-0.07305702987827008,-0.016404955843816328
3174.0,126.96000000000001,1.0,-29.200276375926357,10.850620401333734,-29.200276375926357,10.850620401333734,5.08662819827712,-0.06864888760088865,-0.017219465715075308
3175.0,127.0,1.0,-29.137002055366178,11.013865935962132,-29.137002055366178,11.013865935962132,5.0920108363025625,-0.06441936455457295,-0.01766409235689271
3176.0,127.04,1.0,-29.072393174437117,11.176960185656132,-29.072393174437117,11.176960185656132,5.097421379629653,-0.0604993146460278,-0.017714864670271366
3177.0,127.08,1.0,-29.00749599717979,11.339915122974652,-29.00749599717979,11.339915122974652,5.1028588300182385,-0.05701410131702174,-0.017358846954833813
3178.0,127.12,1.0,-28.939227805509383,11.504251224876201,-28.939227805509383,11.504251224876201,5.108320288975028,-0.05407871949825473,-0.016594199744181255
3179.0,127.16,1.0,-28.871041567296267,11.665596886764133,-28.871041567296267,11.665596886764133,5.113800948298878,-0.05179543952445902,-0.015430606028732526
3180.0,127.2,1.0,-28.800815346898627,11.82636944164249,-28.800815346898627,11.82636944164249,5.119294016501021,-0.050249379744800836,-0.013888642516517077
3181.0,127.24000000000001,1.0,-28.729093982562535,11.986882040661524,-28.729093982562535,11.986882040661524,5.124791450563182,-0.04949576006388301,-0.011998674395379967
3182.0,127.28,1.0,-28.656765641056545,12.146796752420816,-28.656765641056545,12.146796752420816,5.130284582970451,-0.04956880869251734,-0.009799587769644786
3183.0,127.32000000000001,1.0,-28.584362394064804,12.305331308348634,-28.584362394064804,12.305331308348634,5.135764658983055,-0.0504799579127984,-0.007337921583793927
3184.0,127.36,1.0,-28.511551607679042,12.463609765332304,-28.511551607679042,12.463609765332304,5.141222554715382,-0.05221624720134086,-0.0046663741737138454
3185.0,127.4,1.0,-28.438380810922478,12.62020223244199,-28.438380810922478,12.62020223244199,5.146649516718105,-0.054726464135307996,-0.001842308369116057
3186.0,127.44,1.0,-28.363560190650656,12.778334514016743,-28.363560190650656,12.778334514016743,5.152036664940939,-0.05793985064171418,0.0010739318632635186
3187.0,127.48,1.0,-28.28755809988101,12.93547625767485,-28.28755809988101,12.93547625767485,5.157375743211661,-0.06176441321728217,0.0040204494147930885
3188.0,127.52,1.0,-28.20980852791571,13.093344868092018,-28.20980852791571,13.093344868092018,5.162659165444592,-0.06608824960002582,0.006935020202833553
3189.0,127.56,1.0,-28.13138158919103,13.24960719867963,-28.13138158919103,13.24960719867963,5.167881212234734,-0.07078054981386592,0.009756337427392386
3190.0,127.60000000000001,1.0,-28.051459796382385,13.407146586532502,-28.051459796382385,13.407146586532502,5.173038077293728,-0.07569759629921124,0.012425420756848545
3191.0,127.64,1.0,-27.971422239920848,13.563276020714067,-27.971422239920848,13.563276020714067,5.178129168291321,-0.08068984270985084,0.014886719307463093
3192.0,127.68,1.0,-27.890199959340016,13.719871917424731,-27.890199959340016,13.719871917424731,5.183156153247597,-0.08561219726724115,0.017088716585062284
3193.0,127.72,1.0,-27.80765256638811,13.876414757263726,-27.80765256638811,13.876414757263726,5.1881228927990275,-0.09032335444546565,0.018984575868290297
3194.0,127.76,1.0,-27.724614023386387,14.032883734992762,-27.724614023386387,14.032883734992762,5.193034528519773,-0.09468319066740269,0.020533377644397926
3195.0,127.8,1.0,-27.640853845024175,14.18847483197493,-27.640853845024175,14.18847483197493,5.197897534589731,-0.09856804944658684,0.021700645561417962
3196.0,127.84,1.0,-27.55518539946231,14.34433080252683,-27.55518539946231,14.34433080252683,5.202718879110056,-0.10188096899896563,0.022458810643366314
3197.0,127.88000000000001,1.0,-27.469737551766126,14.500854341354051,-27.469737551766126,14.500854341354051,5.207506531701194,-0.10454322883414098,0.02278745694146163
3198.0,127.92,1.0,-27.384515582229767,14.655661018013351,-27.384515582229767,14.655661018013351,5.212269049323782,-0.1064989181683377,0.02267383184061868
3199.0,127.96000000000001,1.0,-27.29675023071067,14.8134589986494,-27.29675023071067,14.8134589986494,5.21701572247007,-0.1077177420671102,0.022112955900775368
3200.0,128.0,1.0,-27.20908436716589,14.971326257922916,-27.20908436716589,14.971326257922916,5.221756029136553,-0.10820039600164733,0.021107720731789383
3201.0,128.04,1.0,-27.119526760643698,15.12918499856082,-27.119526760643698,15.12918499856082,5.226498709347448,-0.10797332213047724,0.01966901993269104
3202.0,128.08,1.0,-27.029423382074413,15.288270895898052,-27.029423382074413,15.288270895898052,5.2312514480085754,-0.10708655701279138,0.01781564153978523
3203.0,128.12,1.0,-26.938044799175806,15.448368620868601,-26.938044799175806,15.448368620868601,5.2360208271439586,-0.10560868394758136,0.015574291965810705
3204.0,128.16,1.0,-26.845834168278618,15.608911878589762,-26.845834168278618,15.608911878589762,5.240812805681458,-0.10362479775141879,0.012979292573856304
3205.0,128.2,1.0,-26.752271999999305,15.770004550142312,-26.752271999999305,15.770004550142312,5.245632831573419,-0.10124107258248367,0.010071879307380734
3206.0,128.24,1.0,-26.65897812909924,15.93058337579924,-26.65897812909924,15.93058337579924,5.250486284395729,-0.0985653844711984,0.006899403784244187
3207.0,128.28,1.0,-26.565136419479558,16.09128689644289,-26.565136419479558,16.09128689644289,5.255379442544834,-0.09570224712013412,0.0035147159540783375
3208.0,128.32,1.0,-26.47067051637641,16.251431745921415,-26.47067051637641,16.251431745921415,5.2603189662624,-0.09275430227093584,-2.477261852399243e-05
3209.0,128.36,1.0,-26.375741050392776,16.41212070773984,-26.375741050392776,16.41212070773984,5.265312134542713,-0.08982092622019992,-0.0036583763240321857
3210.0,128.4,1.0,-26.28089313800151,16.571957184854067,-26.28089313800151,16.571957184854067,5.27036622746804,-0.08698739128279875,-0.007323184939279087
3211.0,128.44,1.0,-26.184509761340657,16.731330371724205,-26.184509761340657,16.731330371724205,5.275488333510689,-0.08432060678098244,-0.010955374835543225
3212.0,128.48,1.0,-26.0874783519625,16.8897684825265,-26.0874783519625,16.8897684825265,5.280686394489162,-0.08186981971777343,-0.01449176262609036
3213.0,128.52,1.0,-25.98927050598116,17.04843079445185,-25.98927050598116,17.04843079445185,5.285968502863445,-0.07966600669175686,-0.017871225296986943
3214.0,128.56,1.0,-25.890576463688973,17.20567229085886,-25.890576463688973,17.20567229085886,5.29134315269227,-0.07772361691690441,-0.02103587475418816
3215.0,128.6,1.0,-25.790362626520317,17.36321577939325,-25.790362626520317,17.36321577939325,5.296818070538308,-0.0760363552822945,-0.02393235312858323
3216.0,128.64000000000001,1.0,-25.689659599457134,17.51971820994786,-25.689659599457134,17.51971820994786,5.302400736644779,-0.07457968019932845,-0.026513238636385866
3217.0,128.68,1.0,-25.586913264757676,17.676820402627886,-25.586913264757676,17.676820402627886,5.30809729229804,-0.07331889151747997,-0.0287378803968014
3218.0,128.72,1.0,-25.48322383643967,17.833563970969998,-25.48322383643967,17.833563970969998,5.313911657352166,-0.07221311412379824,-0.03057342923635678
3219.0,128.76,1.0,-25.377971823829178,17.989414978015954,-25.377971823829178,17.989414978015954,5.3198456926269575,-0.07121303777542307,-0.03199527800242898
3220.0,128.8,1.0,-25.270952353092873,18.1448078282074,-25.270952353092873,18.1448078282074,5.325898953748483,-0.07026315786289687,-0.03298750652946138
3221.0,128.84,1.0,-25.162949592311055,18.300472900097798,-25.162949592311055,18.300472900097798,5.3320696116710415,-0.06931286900518052,-0.033543031964955845
3222.0,128.88,1.0,-25.05392191643131,18.454270048238442,-25.05392191643131,18.454270048238442,5.338354253628692,-0.06831813442339192,-0.033663443201550534
3223.0,128.92000000000002,1.0,-24.943909040020152,18.607991845103108,-24.943909040020152,18.607991845103108,5.344747569002595,-0.06724197286464424,-0.0333584208029808
3224.0,128.96,1.0,-24.83194287146256,18.76092791580502,-24.83194287146256,18.76092791580502,5.351242439211939,-0.06605846608720031,-0.03264521895950037
3225.0,129.0,1.0,-24.71832353196892,18.91400788295998,-24.71832353196892,18.91400788295998,5.357830397459194,-0.06475168753495938,-0.031548435819890135
3226.0,129.04,1.0,-24.603067092603247,19.066553020170446,-24.603067092603247,19.066553020170446,5.364502111408026,-0.06332584821361735,-0.030098930237705546
3227.0,129.08,1.0,-24.48673213637423,19.218165655210406,-24.48673213637423,19.218165655210406,5.371246813138188,-0.06179630441892734,-0.028332376310365403
3228.0,129.12,1.0,-24.369028886807754,19.369861916841465,-24.369028886807754,19.369861916841465,5.378053370004194,-0.06019067694082449,-0.02628831803057698
3229.0,129.16,1.0,-24.249689987685336,19.520125839385795,-24.249689987685336,19.520125839385795,5.384910602287013,-0.058540588766594515,-0.024009286901755345
3230.0,129.2,1.0,-24.128529706106825,19.670800570905502,-24.128529706106825,19.670800570905502,5.391808024367809,-0.05688884617350711,-0.021539867137872558
3231.0,129.24,1.0,-24.00727737776749,19.819550375468275,-24.00727737776749,19.819550375468275,5.398735528917744,-0.05527886522647043,-0.018925213879803934
3232.0,129.28,1.0,-23.884210973728294,19.96871836791788,-23.884210973728294,19.96871836791788,5.405682945685148,-0.05375190524181519,-0.01621011144696082
3233.0,129.32,1.0,-23.760603607485173,20.115592690115673,-23.760603607485173,20.115592690115673,5.412640533064865,-0.05234280002490268,-0.013438217344263693
3234.0,129.36,1.0,-23.63485537751737,20.262288555756534,-23.63485537751737,20.262288555756534,5.4195985743151045,-0.051082797242921155,-0.01065175537347009
3235.0,129.4,1.0,-23.509228533215968,20.40694296847837,-23.509228533215968,20.40694296847837,5.426548290201675,-0.04999143141859459,-0.00789054705187717
3236.0,129.44,1.0,-23.38126197074384,20.552525361830416,-23.38126197074384,20.552525361830416,5.433480933020972,-0.04907594230597392,-0.005190986246540946
3237.0,129.48,1.0,-23.252459874404003,20.695099371080925,-23.252459874404003,20.695099371080925,5.44038887768154,-0.048326225439342285,-0.002585933349416569
3238.0,129.52,1.0,-23.12143344167894,20.837246031038347,-23.12143344167894,20.837246031038347,5.4472656759269595,-0.04772068088522445,-0.00010487599808308782
3239.0,129.56,1.0,-22.99065597593053,20.97819553645524,-22.99065597593053,20.97819553645524,5.454105896070797,-0.047222517317683343,0.002226475757252669
3240.0,129.6,1.0,-22.858725613165756,21.120381628090414,-22.858725613165756,21.120381628090414,5.4609050939879555,-0.046789245849251856,0.004387059208986275
3241.0,129.64000000000001,1.0,-22.72596769073505,21.26112468622595,-22.72596769073505,21.26112468622595,5.467658709341544,-0.0463642847258269,0.006360332295895032
3242.0,129.68,1.0,-22.59145426552318,21.401247886206054,-22.59145426552318,21.401247886206054,5.474362781154731,-0.045890316268232166,0.00813361977023612
3243.0,129.72,1.0,-22.456167789394648,21.53971728173914,-22.456167789394648,21.53971728173914,5.481013534971162,-0.045307186135975286,0.009698077059162388
3244.0,129.76,1.0,-22.320076226007895,21.678324306796178,-22.320076226007895,21.678324306796178,5.487607616967671,-0.04456202788162271,0.011048948273088314
3245.0,129.8,1.0,-22.18462735238216,21.814725748547744,-22.18462735238216,21.814725748547744,5.494142390799927,-0.043603729213830024,0.012185991336177582
3246.0,129.84,1.0,-22.047139711859007,21.95087833081474,-22.047139711859007,21.95087833081474,5.5006154063243935,-0.042392423516830216,0.01311251461868905
3247.0,129.88,1.0,-21.90868973425098,22.08716824190621,-21.90868973425098,22.08716824190621,5.507025116980828,-0.04090333807696889,0.013834812445765895
3248.0,129.92000000000002,1.0,-21.768126168174966,22.223715789436067,-21.768126168174966,22.223715789436067,5.513369880361523,-0.039123546446841705,0.014362085933423724
3249.0,129.96,1.0,-21.62746946091785,22.358944051248066,-21.62746946091785,22.358944051248066,5.519648537788336,-0.03705551477143239,0.014706688621667654
3250.0,130.0,1.0,-21.48375514029297,22.49273693377009,-21.48375514029297,22.49273693377009,5.525859460132743,-0.03471885440246734,0.014883259757623784
3251.0,130.04,1.0,-21.33898258971024,22.627593589236703,-21.33898258971024,22.627593589236703,5.53200152744919,-0.03214927853582221,0.014907303549965018
3252.0,130.08,1.0,-21.19427098156669,22.760360748856183,-21.19427098156669,22.760360748856183,5.538074397355085,-0.029397530366267178,0.014794988504588064
3253.0,130.12,1.0,-21.048212024349642,22.89288244482023,-21.048212024349642,22.89288244482023,5.54407886124374,-0.026527675634158875,0.014563113130169291
3254.0,130.16,1.0,-20.90138848056669,23.024383396435645,-20.90138848056669,23.024383396435645,5.550017642033636,-0.023615104625996385,0.014228347992875276
3255.0,130.2,1.0,-20.75249157420401,23.15611522735727,-20.75249157420401,23.15611522735727,5.5558948394502465,-0.020736007929797573,0.013805851549276632
3256.0,130.24,1.0,-20.60572852190617,23.286744448652875,-20.60572852190617,23.286744448652875,5.56171669319341,-0.01796883623986336,0.0133083368551106
3257.0,130.28,1.0,-20.457269906755677,23.41743178476962,-20.457269906755677,23.41743178476962,5.56749092478047,-0.015387489079021054,0.012746447675852372
3258.0,130.32,1.0,-20.30867860429634,23.548322958578634,-20.30867860429634,23.548322958578634,5.573226863760118,-0.0130554808705444,0.012128460551172313
3259.0,130.36,1.0,-20.159119413580527,23.67717133505068,-20.159119413580527,23.67717133505068,5.578934773874621,-0.011028966967349651,0.011459617127053071
3260.0,130.4,1.0,-20.00913739277553,23.802711961112777,-20.00913739277553,23.802711961112777,5.584625483301311,-0.00934829389851155,0.010741121226709444
3261.0,130.44,1.0,-19.858547063192013,23.927963439078788,-19.858547063192013,23.927963439078788,5.590311602525121,-0.00803835458207811,0.00997088007978115
3262.0,130.48,1.0,-19.707435630836102,24.05215295500491,-19.707435630836102,24.05215295500491,5.596005750591369,-0.007103420812874428,0.00914434222149135
3263.0,130.52,1.0,-19.555913911657232,24.17599897432715,-19.555913911657232,24.17599897432715,5.6017211384279095,-0.006536599929028197,0.008254737494793014
3264.0,130.56,1.0,-19.403329245419986,24.297856556744136,-19.403329245419986,24.297856556744136,5.607470093526365,-0.006305254467068022,0.007293017940684149
3265.0,130.6,1.0,-19.24880400437857,24.419837844358938,-19.24880400437857,24.419837844358938,5.613263537522959,-0.006360831693868851,0.006248866470467184
3266.0,130.64000000000001,1.0,-19.094223204993963,24.5408593278716,-19.094223204993963,24.5408593278716,5.61911110630324,-0.00664082891937261,0.005112514711639304
3267.0,130.68,1.0,-18.938482696336443,24.661325159211067,-18.938482696336443,24.661325159211067,5.6250193537799165,-0.007075747698481116,0.003875714637929709
3268.0,130.72,1.0,-18.783746892123837,24.77889846847372,-18.783746892123837,24.77889846847372,5.630992749450018,-0.00758634666846576,0.0025321176366855753
3269.0,130.76,1.0,-18.626969810802056,24.897565293578985,-18.626969810802056,24.897565293578985,5.637032691938711,-0.008092554317361288,0.0010780889044386046
3270.0,130.8,1.0,-18.471650488811058,25.015878863084072,-18.471650488811058,25.015878863084072,5.643139423913818,-0.008514899719288649,-0.0004857759027157765
3271.0,130.84,1.0,-18.31418952193399,25.13247009895293,-18.31418952193399,25.13247009895293,5.649311401833447,-0.008783815011392072,-0.0021531997203533583
3272.0,130.88,1.0,-18.15757662077244,25.249645937509936,-18.15757662077244,25.249645937509936,5.655545333744626,-0.008840685784133195,-0.003912487429932195
3273.0,130.92000000000002,1.0,-17.998516903546104,25.365940417648154,-17.998516903546104,25.365940417648154,5.661837072745241,-0.008640783781326733,-0.005746529014069984
3274.0,130.96,1.0,-17.83992870290248,25.48312852105338,-17.83992870290248,25.48312852105338,5.668181229131984,-0.008145798060702703,-0.007632650895578802
3275.0,131.0,1.0,-17.6800830442031,25.598098867287096,-17.6800830442031,25.598098867287096,5.674572606222568,-0.0073444146332062085,-0.00954200686191627
3276.0,131.04,1.0,-17.518534935174905,25.71266894928304,-17.518534935174905,25.71266894928304,5.681006243134154,-0.006241224626112585,-0.011440345855526215
3277.0,131.08,1.0,-17.356727828907022,25.82594521654613,-17.356727828907022,25.82594521654613,5.687477316744052,-0.004859597609149025,-0.013289681685748437
3278.0,131.12,1.0,-17.19450551859469,25.936976210356924,-17.19450551859469,25.936976210356924,5.693982793070657,-0.003232631629598681,-0.01504936975251413
3279.0,131.16,1.0,-17.031504781486586,26.04899109954834,-17.031504781486586,26.04899109954834,5.700521048213563,-0.0014157485497881205,-0.016676940673528814
3280.0,131.2,1.0,-16.86806713641193,26.160352619063996,-16.86806713641193,26.160352619063996,5.707092846357625,0.0005249657250342432,-0.018129415734562886
3281.0,131.24,1.0,-16.703349165722667,26.26898455522342,-16.703349165722667,26.26898455522342,5.7136990011755975,0.0025149738557622924,-0.019365539841278923
3282.0,131.28,1.0,-16.537074756896182,26.37646736421496,-16.537074756896182,26.37646736421496,5.720341867452557,0.004481991537323271,-0.02034770227431268
3283.0,131.32,1.0,-16.369398670952624,26.48322640366782,-16.369398670952624,26.48322640366782,5.727023791510528,0.006354306888248206,-0.021042891599050297
3284.0,131.36,1.0,-16.201076276048873,26.588743640319752,-16.201076276048873,26.588743640319752,5.73374728807884,0.008063794572935,-0.02142372181339413
3285.0,131.4,1.0,-16.033463568084606,26.69292677002992,-16.033463568084606,26.69292677002992,5.740514920402529,0.009542448996670694,-0.021469874465728032
3286.0,131.44,1.0,-15.863791508956249,26.79360881023814,-15.863791508956249,26.79360881023814,5.747327991999769,0.010741450692075948,-0.021169639423392488
3287.0,131.48,1.0,-15.694869326767986,26.893366116075697,-15.694869326767986,26.893366116075697,5.75418718725952,0.011625112608128773,-0.020520455486474583
3288.0,131.52,1.0,-15.52427612755614,26.991761468789235,-15.52427612755614,26.991761468789235,5.761092010222633,0.012170688467908785,-0.019528426842262227
3289.0,131.56,1.0,-15.353595200225797,27.088722350942938,-15.353595200225797,27.088722350942938,5.768040385115455,0.012363638790202237,-0.018208116078836517
3290.0,131.6,1.0,-15.18278839410289,27.18406329823634,-15.18278839410289,27.18406329823634,5.77502801737086,0.012211689277842174,-0.016582671314392953
3291.0,131.64000000000001,1.0,-15.01168375682322,27.278610247602018,-15.01168375682322,27.278610247602018,5.7820479926265085,0.011737578343715138,-0.014683209015715204
3292.0,131.68,1.0,-14.83894129633805,27.37155338194224,-14.83894129633805,27.37155338194224,5.789092721181526,0.010979051736445334,-0.012547027007227183
3293.0,131.72,1.0,-14.665748800885272,27.462468690011207,-14.665748800885272,27.462468690011207,5.796152198405705,0.009979602159810797,-0.010216170252370111
3294.0,131.76,1.0,-14.491794381442494,27.55235584957889,-14.491794381442494,27.55235584957889,5.80321597368313,0.008795136216947075,-0.007736303758592897
3295.0,131.8,1.0,-14.318351574170553,27.641692790866994,-14.318351574170553,27.641692790866994,5.810272550651694,0.007488508308369246,-0.005155520370372919
3296.0,131.84,1.0,-14.143571464413082,27.7280150482071,-14.143571464413082,27.7280150482071,5.817309327721677,0.0061308745162151675,-0.0025226133089008727
3297.0,131.88,1.0,-13.967604477373602,27.81438290307276,-13.967604477373602,27.81438290307276,5.8243144362043555,0.004786056512031034,0.00011472600768828237
3298.0,131.92000000000002,1.0,-13.791947696329007,27.89826353349929,-13.791947696329007,27.89826353349929,5.831275252668371,0.003514131129253184,0.002711256057115044
3299.0,131.96,1.0,-13.613899023610387,27.980685474411604,-13.613899023610387,27.980685474411604,5.8381806090643495,0.002372328667498791,0.005224705968301367
3300.0,132.0,1.0,-13.435032765908762,28.061749492770343,-13.435032765908762,28.061749492770343,5.845019762351657,0.0014188294908490829,0.0076165718594176455
3301.0,132.04,1.0,-13.255269829147434,28.144562692104977,-13.255269829147434,28.144562692104977,5.851784427361144,0.0006992289342594882,0.009853245192806429
3302.0,132.08,1.0,-13.076492595002339,28.224416009020935,-13.076492595002339,28.224416009020935,5.8584682754264765,0.00024853315854633795,0.011906801144534481
3303.0,132.12,1.0,-12.896859337716226,28.303782701778847,-12.896859337716226,28.303782701778847,5.8650666888123535,8.911792320949185e-05,0.013754235685543256
3304.0,132.16,1.0,-12.718057322052154,28.381583424885214,-12.718057322052154,28.381583424885214,5.871578320766052,0.00023525666414083712,0.015377369697605586
3305.0,132.2,1.0,-12.536135651564921,28.458087924319933,-12.536135651564921,28.458087924319933,5.878003134301273,0.0006887345864783567,0.01676291737325681
3306.0,132.24,1.0,-12.356197937223715,28.534992287533406,-12.356197937223715,28.534992287533406,5.884343539408114,0.0014389942616172212,0.01790222546558292
3307.0,132.28,1.0,-12.173581485960778,28.60991403794234,-12.173581485960778,28.60991403794234,5.890604521981041,0.0024634168047157345,0.01879062521579221
3308.0,132.32,1.0,-11.991786399416364,28.683766528490604,-11.991786399416364,28.683766528490604,5.89679195251385,0.0037339634236958743,0.019426551894159913
3309.0,132.36,1.0,-11.80954812806702,28.755721763759254,-11.80954812806702,28.755721763759254,5.902913946867622,0.0052161656874453845,0.019811120115349686
3310.0,132.4,1.0,-11.626165137030373,28.826365379282283,-11.626165137030373,28.826365379282283,5.908978653829332,0.006869946483609768,0.01994804246493414
3311.0,132.44,1.0,-11.44257063463603,28.89653041129772,-11.44257063463603,28.89653041129772,5.914995799907274,0.008644146323196544,0.019843510267476383
3312.0,132.48,1.0,-11.258206650094808,28.96534921868311,-11.258206650094808,28.96534921868311,5.920973709702285,0.010487686780686812,0.019505511437335706
3313.0,132.52,1.0,-11.074435423062175,29.034059046635157,-11.074435423062175,29.034059046635157,5.92692075591244,0.012349667222629535,0.01894331359144736
3314.0,132.56,1.0,-10.890119719148219,29.10121987878252,-10.890119719148219,29.10121987878252,5.932843923115052,0.014181568522211663,0.018168276745650608
3315.0,132.6,1.0,-10.70399126607126,29.16724778120973,-10.70399126607126,29.16724778120973,5.938747978507641,0.015936387990225696,0.017193844459461344
3316.0,132.64000000000001,1.0,-10.517822551105741,29.232404880243365,-10.517822551105741,29.232404880243365,5.944637194658759,0.017569421236640716,0.016035339364892508
3317.0,132.68,1.0,-10.331974994039946,29.296081644361955,-10.331974994039946,29.296081644361955,5.95051377660291,0.019045206121183857,0.01470999672573319
3318.0,132.72,1.0,-10.146177418865644,29.360093493985204,-10.146177418865644,29.360093493985204,5.956378885643057,0.02033668368105872,0.013237516374532004
3319.0,132.76,1.0,-9.961204735159104,29.42268248854581,-9.961204735159104,29.42268248854581,5.962232700833901,0.021427956532851834,0.01164031833247653
3320.0,132.8,1.0,-9.776256093817395,29.485114775060133,-9.776256093817395,29.485114775060133,5.968074675942191,0.022309548373011846,0.009943322278384875
3321.0,132.84,1.0,-9.59078238576726,29.544135472188714,-9.59078238576726,29.544135472188714,5.973904142530296,0.02298184908933363,0.008173683826804935
3322.0,132.88,1.0,-9.404976017016832,29.604575915807693,-9.404976017016832,29.604575915807693,5.979719534854344,0.023457738090261394,0.00636021540313374
3323.0,132.92000000000002,1.0,-9.219505895424751,29.663712400076086,-9.219505895424751,29.663712400076086,5.985521008827808,0.02376240715353466,0.004533548437129635
3324.0,132.96,1.0,-9.03240956354966,29.722068551006014,-9.03240956354966,29.722068551006014,5.991308258981562,0.02392980531804978,0.0027256139701585165
3325.0,133.0,1.0,-8.846293945110265,29.779822934616966,-8.846293945110265,29.779822934616966,5.997083076256926,0.02400244454429403,0.0009682202060367871
3326.0,133.04,1.0,-8.659075424746025,29.836630731611148,-8.659075424746025,29.836630731611148,6.002847886172541,0.024032436984917815,-0.0007076769786977042
3327.0,133.08,1.0,-8.47219411057424,29.890930211531575,-8.47219411057424,29.890930211531575,6.008606700559745,0.024082873988595432,-0.0022727552211812543
3328.0,133.12,1.0,-8.284978807406038,29.944893781916324,-8.284978807406038,29.944893781916324,6.014364085000633,0.024220293478898713,-0.0036998363427707495
3329.0,133.16,1.0,-8.097283513618605,29.996517768905015,-8.097283513618605,29.996517768905015,6.020126478468039,0.024514995484100077,-0.004965816346305306
3330.0,133.2,1.0,-7.910407656914787,30.047581182166965,-7.910407656914787,30.047581182166965,6.025898151804769,0.02503449597637719,-0.006051656532794708
3331.0,133.24,1.0,-7.723533792730639,30.09653141830509,-7.723533792730639,30.09653141830509,6.031686048260354,0.025849567663708363,-0.0069438552580166095
3332.0,133.28,1.0,-7.5352115052459965,30.144252871277295,-7.5352115052459965,30.144252871277295,6.0374905943343595,0.027024136035480505,-0.007633698607816183
3333.0,133.32,1.0,-7.347337423243329,30.190364874980798,-7.347337423243329,30.190364874980798,6.043318188569359,0.02861645504890964,-0.008119389294092783
3334.0,133.36,1.0,-7.158163522586496,30.234338587568892,-7.158163522586496,30.234338587568892,6.049159931498216,0.0306689682603829,-0.008404002543781411
3335.0,133.4,1.0,-6.969903567207891,30.278202382724494,-6.969903567207891,30.278202382724494,6.055019890127734,0.03321334768650426,-0.0084989384461297
3336.0,133.44,1.0,-6.780648290173987,30.32134227938668,-6.780648290173987,30.32134227938668,6.060872262023802,0.03626652207437928,-0.008417960555270354
3337.0,133.48,1.0,-6.591119427388675,30.36365029660372,-6.591119427388675,30.36365029660372,6.066717455135847,0.03982865884439597,-0.00818424174103373
3338.0,133.52,1.0,-6.399991686694283,30.404045879318808,-6.399991686694283,30.404045879318808,6.072498333845426,0.0438761762886015,-0.007819514835265589
3339.0,133.56,1.0,-6.209444977067505,30.443944301141848,-6.209444977067505,30.443944301141848,6.078210988059858,0.048365902974436346,-0.007358749274050794
3340.0,133.6,1.0,-6.017759648435196,30.48157659371298,-6.017759648435196,30.48157659371298,6.083738646937947,0.05323561474771517,-0.0068274729534638905
3341.0,133.64000000000001,1.0,-5.827134745328705,30.518587830270313,-5.827134745328705,30.518587830270313,6.089075079864641,0.05840694012374366,-0.0062724871721283465
3342.0,133.68,1.0,-5.635691807683795,30.553357595505332,-5.635691807683795,30.553357595505332,6.093990060994173,0.06378262714279956,-0.005718738999264053
3343.0,133.72,1.0,-5.443164926210814,30.587157873295645,-5.443164926210814,30.587157873295645,6.098478230528823,0.0692552284988005,-0.0052313709690875515
3344.0,133.76,1.0,-5.2511507864281395,30.618979520444032,-5.2511507864281395,30.618979520444032,6.102085299101595,0.07470601665262826,-0.004830542513087266
3345.0,133.8,1.0,-5.058933836891472,30.648373213833132,-5.058933836891472,30.648373213833132,6.104813302861283,0.08001539934258242,-0.004616926006549389
3346.0,133.84,1.0,-4.86607237913634,30.676729675960367,-4.86607237913634,30.676729675960367,6.105763091205956,0.08506029725352453,-0.0046031196685223765
3347.0,133.88,1.0,-4.67350870831717,30.70453834769366,-4.67350870831717,30.70453834769366,6.104955681033713,0.08972022212981996,-0.004965776668891714
3348.0,133.92000000000002,1.0,-4.479396009781931,30.73071964667476,-4.479396009781931,30.73071964667476,6.100602666104085,0.09387973375293195,-0.005709041605978249
3349.0,133.96,1.0,-4.28461456562057,30.75656203745575,-4.28461456562057,30.75656203745575,6.092755406331814,0.09743976423697531,-0.006836479707356444
3350.0,134.0,1.0,-4.08915769867949,30.78130217042521,-4.08915769867949,30.78130217042521,6.077846064347748,0.10031879513404207,-0.008336795842494523
3351.0,134.04,1.0,-3.893560816532382,30.806004567397828,-3.893560816532382,30.806004567397828,6.055984920325612,0.10245342591293718,-0.010204603230460182
3352.0,134.08,1.0,-3.698830007682583,30.830680286714937,-3.698830007682583,30.830680286714937,6.020041462664454,0.10380322823058714,-0.012411228012941923
3353.0,134.12,1.0,-3.505513825717442,30.85553467415341,-3.505513825717442,30.85553467415341,5.970240074189166,0.10435250370575322,-0.014945069782545686
3354.0,134.16,1.0,-3.313854939529084,30.88012828887482,-3.313854939529084,30.88012828887482,5.906600819969176,0.10410926635156359,-0.017753104282473946
3355.0,134.2,1.0,-3.123739158001715,30.90336560016356,-3.123739158001715,30.90336560016356,5.829573507571065,0.10310605767392304,-0.020821203985979357
3356.0,134.24,1.0,-2.9367361394251175,30.92518976738942,-2.9367361394251175,30.92518976738942,5.73919406260749,0.10139720772619201,-0.024055621502231544
3357.0,134.28,1.0,-2.7514393261116465,30.944203023272205,-2.7514393261116465,30.944203023272205,5.636359781301687,0.09905826894088003,-0.02744167133384781
3358.0,134.32,1.0,-2.5672539180906995,30.961950044226104,-2.5672539180906995,30.961950044226104,5.521132030848851,0.09618543459252812,-0.030805970917191998
3359.0,134.36,1.0,-2.3833070258620115,30.976889138227307,-2.3833070258620115,30.976889138227307,5.3953013905924605,0.09289225639608285,-0.03413239744102427
3360.0,134.4,1.0,-2.2000663531821125,30.991390876807884,-2.2000663531821125,30.991390876807884,5.2589855157379315,0.0893005919849192,-0.03741805042634831
3361.0,134.44,1.0,-2.0168665883206267,31.00467385593719,-2.0168665883206267,31.00467385593719,5.115758941098427,0.08553730355769298,-0.04064554883507654
3362.0,134.48,1.0,-1.8350071608919625,31.016905163291813,-1.8350071608919625,31.016905163291813,4.965850718451232,0.08173237222326224,-0.04365214789629628
3363.0,134.52,1.0,-1.6532509758899934,31.027821818941778,-1.6532509758899934,31.027821818941778,4.816402291422728,0.07801254163481827,-0.046403433328657005
3364.0,134.56,1.0,-1.4717194739081618,31.038025696877632,-1.4717194739081618,31.038025696877632,4.667868681095335,0.07449823676464673,-0.04881906972729293
3365.0,134.6,1.0,-1.2901441844279062,31.048350062082807,-1.2901441844279062,31.048350062082807,4.520243096950756,0.07129873535402262,-0.05082632035274899
3366.0,134.64000000000001,1.0,-1.109804063836121,31.05755529794314,-1.109804063836121,31.05755529794314,4.374426031177138,0.06850999047887878,-0.052379714556235676
3367.0,134.68,1.0,-0.9298299923720658,31.06610792156897,-0.9298299923720658,31.06610792156897,4.22325119525697,0.06621002654116773,-0.05332279669274379
3368.0,134.72,1.0,-0.7511587887681961,31.07383650781714,-0.7511587887681961,31.07383650781714,4.068509059462274,0.06446330436301632,-0.05361336668379324
3369.0,134.76,1.0,-0.5737393916768525,31.081640284371513,-0.5737393916768525,31.081640284371513,3.9065731001661868,0.06331286949323942,-0.053256826621215
3370.0,134.8,1.0,-0.39685218164579295,31.087922179587572,-0.39685218164579295,31.087922179587572,3.7410145596078452,0.06278281995075741,-0.05219181482103745
3371.0,134.84,1.0,-0.2212613872316127,31.09401933906927,-0.2212613872316127,31.09401933906927,3.5699335744778695,0.06288069839244607,-0.05042100033603847
3372.0,134.88,1.0,-0.048216333757295046,31.09756899319128,-0.048216333757295046,31.09756899319128,3.4004647887600195,0.0635987048184394,-0.04782959462304519
3373.0,134.92000000000002,1.0,0.12423718045922061,31.099598730694474,0.12423718045922061,31.099598730694474,3.2314868921547024,0.0649132239320092,-0.044583087714786335
3374.0,134.96,1.0,0.295494331105973,31.09892243872372,0.295494331105973,31.09892243872372,3.062991436221037,0.06678662383619956,-0.04071463093398754
3375.0,135.0,1.0,0.4665766495794436,31.096225589798074,0.4665766495794436,31.096225589798074,2.8940755566198892,0.06916959400366096,-0.036304926348260574
3376.0,135.04,1.0,0.6393233643544131,31.09101752425708,0.6393233643544131,31.09101752425708,2.724729928727952,0.07200540148757643,-0.031422586843430106
3377.0,135.08,1.0,0.8129583033140202,31.084767753957646,0.8129583033140202,31.084767753957646,2.5538278222720003,0.07523230192374689,-0.026108756684065936
3378.0,135.12,1.0,0.9879919473831038,31.076994694315964,0.9879919473831038,31.076994694315964,2.3885037413221326,0.07878596615503816,-0.020510161583721896
3379.0,135.16,1.0,1.1639107730183211,31.068774039330055,1.1639107730183211,31.068774039330055,2.226850955963902,0.08259248252448707,-0.014659835220452288
3380.0,135.2,1.0,1.3400753798649567,31.058776593118914,1.3400753798649567,31.058776593118914,2.0724352593369186,0.08657794927216471,-0.00853733959352028
3381.0,135.24,1.0,1.5168363978928645,31.048960610225624,1.5168363978928645,31.048960610225624,1.9216237166342016,0.0906676421903373,-0.002193860242502374
3382.0,135.28,1.0,1.694750106475714,31.03826701805466,1.694750106475714,31.03826701805466,1.7761992506632172,0.09478807044742041,0.004223555015577629
3383.0,135.32,1.0,1.8727249962086396,31.026612483082623,1.8727249962086396,31.026612483082623,1.6289931597948417,0.09886246548306007,0.0105992362781786
3384.0,135.36,1.0,2.0497636684358382,31.014162383370923,2.0497636684358382,31.014162383370923,1.480894483955233,0.10281625595756379,0.016857115564838876
3385.0,135.4,1.0,2.2267123039500025,31.000195494971887,2.2267123039500025,31.000195494971887,1.3318909107737162,0.10657621122084844,0.023002879665011324
3386.0,135.44,1.0,2.4033686150393985,30.984536515756776,2.4033686150393985,30.984536515756776,1.1824256460399203,0.1100727721357653,0.02898118062807446
3387.0,135.48,1.0,2.5804150189817463,30.968720797063526,2.5804150189817463,30.968720797063526,1.0396345597865717,0.1132384874113106,0.03465837005930612
3388.0,135.52,1.0,2.7560883474797797,30.949954003206148,2.7560883474797797,30.949954003206148,0.9037380472989389,0.11600548782782642,0.03997139842737842
3389.0,135.56,1.0,2.931304111299599,30.930201001417792,2.931304111299599,30.930201001417792,0.7783030062049885,0.1183101412491738,0.04483887525327336
3390.0,135.6,1.0,3.1051963294517493,30.908237164070574,3.1051963294517493,30.908237164070574,0.6634391331977743,0.12009724049601037,0.049162476822531706
3391.0,135.64000000000001,1.0,3.2794947325167216,30.883842046454618,3.2794947325167216,30.883842046454618,0.5609301792265302,0.12131791987655378,0.052882041182077455
3392.0,135.68,1.0,3.4549975357480007,30.8576769962563,3.4549975357480007,30.8576769962563,0.47083258800535044,0.1219287603014316,0.05582996168757115
3393.0,135.72,1.0,3.631069471490408,30.8308155809189,3.631069471490408,30.8308155809189,0.39403776002000035,0.12189165781215125,0.05812283549248461
3394.0,135.76,1.0,3.8081969369764543,30.803498442232257,3.8081969369764543,30.803498442232257,0.33057259196366323,0.12118587655173511,0.05972128651527614
3395.0,135.8,1.0,3.9854246448040245,30.77655154007628,3.9854246448040245,30.77655154007628,0.28088498930596817,0.11980140522777463,0.06066987001755673
3396.0,135.84,1.0,4.162227129955608,30.749948235594662,4.162227129955608,30.749948235594662,0.24498580785213112,0.11774304590116132,0.06093060555487637
3397.0,135.88,1.0,4.338386171892434,30.723560797793063,4.338386171892434,30.723560797793063,0.22309913188632713,0.11502425898160636,0.06052175241668907
3398.0,135.92000000000002,1.0,4.51160700841155,30.698054964569213,4.51160700841155,30.698054964569213,0.2080870900199344,0.11167302869214608,0.0595391613426392
3399.0,135.96,1.0,4.684008746788209,30.672354971130204,4.684008746788209,30.672354971130204,0.2000611554089487,0.1077349955342954,0.05800594277732972
3400.0,136.0,1.0,4.853752210872493,30.646599847642456,4.853752210872493,30.646599847642456,0.1954511770007162,0.10326927434892472,0.05596554048822955
3401.0,136.04,1.0,5.023161824517129,30.62006767084272,5.023161824517129,30.62006767084272,0.1943103426473075,0.09834714317138879,0.05347917074544517
3402.0,136.08,1.0,5.1902533985118025,30.592272865328642,5.1902533985118025,30.592272865328642,0.19484895445210354,0.09304846776659374,0.050575953820289954
3403.0,136.12,1.0,5.355966146979524,30.56225760804336,5.355966146979524,30.56225760804336,0.1970864929640149,0.08746520653337879,0.04739578011455049
3404.0,136.16,1.0,5.520817595406129,30.531766575111494,5.520817595406129,30.531766575111494,0.20012219034531223,0.08169778577574291,0.04397186204723547
3405.0,136.2,1.0,5.684026978110245,30.499761444727387,5.684026978110245,30.499761444727387,0.20395901507730133,0.07584584958401094,0.04033482000807227
3406.0,136.24,1.0,5.847074129979941,30.467304305703813,5.847074129979941,30.467304305703813,0.20814060407136128,0.07000690874837948,0.03653102134843937
3407.0,136.28,1.0,6.00900050966729,30.43307690060995,6.00900050966729,30.43307690060995,0.212663193428586,0.06427459101939108,0.03273621929325792
3408.0,136.32,1.0,6.171213972769525,30.39978177563298,6.171213972769525,30.39978177563298,0.21729463491035544,0.058743229033596724,0.029006617511785165
3409.0,136.36,1.0,6.333271066355281,30.364507730571585,6.333271066355281,30.364507730571585,0.2220327352743811,0.053496881020901665,0.025463925168762946
3410.0,136.4,1.0,6.496361698229616,30.329516670178883,6.496361698229616,30.329516670178883,0.2267599430500206,0.04860742609489055,0.02216870549586129
3411.0,136.44,1.0,6.657919832364357,30.29276452976773,6.657919832364357,30.29276452976773,0.23147641435400595,0.04413207202743319,0.019210975923905513
3412.0,136.48,1.0,6.819260314460503,30.256446691535853,6.819260314460503,30.256446691535853,0.2361250220115708,0.040118893613639586,0.016645137303483215
3413.0,136.52,1.0,6.98129287315132,30.218471239781724,6.98129287315132,30.218471239781724,0.24071049997213373,0.036604994252796376,0.014534489429561995
3414.0,136.56,1.0,7.142257649107532,30.18006182946695,7.142257649107532,30.18006182946695,0.2452100268565204,0.033610967678790946,0.0129172813494074
3415.0,136.6,1.0,7.303057731062633,30.13921884118589,7.303057731062633,30.13921884118589,0.24963488972329445,0.031143151292395643,0.011827662172533438
3416.0,136.64000000000001,1.0,7.462809451852985,30.09853314832359,7.462809451852985,30.09853314832359,0.25398460762736114,0.02919391821639452,0.011278192645175697
3417.0,136.68,1.0,7.622676153153269,30.056828428130267,7.622676153153269,30.056828428130267,0.258276983282043,0.027749487636380833,0.011270926836389682
3418.0,136.72,1.0,7.7825858449608205,30.013393142750424,7.7825858449608205,30.013393142750424,0.26252375400615424,0.026785660241486608,0.011661435296354827
3419.0,136.76,1.0,7.942010799297265,29.969189026176615,7.942010799297265,29.969189026176615,0.26674509663050305,0.026266519854633463,0.012421444553212426
3420.0,136.8,1.0,8.101851687280057,29.922424568826624,8.101851687280057,29.922424568826624,0.2709543118840446,0.026150905496769173,0.013442013188001256
3421.0,136.84,1.0,8.260033174395527,29.8734398952,8.260033174395527,29.8734398952,0.2751689769043528,0.026394736577606093,0.014666896542451943
3422.0,136.88,1.0,8.418567230328476,29.824702232904183,8.418567230328476,29.824702232904183,0.27940041094801177,0.02695475089330812,0.0159962988436292
3423.0,136.92000000000002,1.0,8.576106058154576,29.774167982734532,8.576106058154576,29.774167982734532,0.2836609309031993,0.027779939448301306,0.0173556782030588
3424.0,136.96,1.0,8.734028721250812,29.724584184085256,8.734028721250812,29.724584184085256,0.2879572518299677,0.028817692346969494,0.018648771696969064
3425.0,137.0,1.0,8.891203090455047,29.674071131471663,8.891203090455047,29.674071131471663,0.29229494443757126,0.03001825836885854,0.019794935813025542
3426.0,137.04,1.0,9.04806049090196,29.624078147631923,9.04806049090196,29.624078147631923,0.2966734276075225,0.03133718184890859,0.02070829829705992
3427.0,137.08,1.0,9.205055844870214,29.57344867933213,9.205055844870214,29.57344867933213,0.30108867985294346,0.032732616364622616,0.02131852513113544
3428.0,137.12,1.0,9.362042306198799,29.522863205835733,9.362042306198799,29.522863205835733,0.30553087596196904,0.034162548291448956,0.02156101343519585
3429.0,137.16,1.0,9.518036436263223,29.473476881575998,9.518036436263223,29.473476881575998,0.30998812523223795,0.03558705034149871,0.02138879282166683
3430.0,137.20000000000002,1.0,9.673824294007428,29.423668067148725,9.673824294007428,29.423668067148725,0.31444462419941815,0.036969911453912666,0.020768977596816878
3431.0,137.24,1.0,9.83016914075727,29.37361315511479,9.83016914075727,29.37361315511479,0.3188844715436759,0.03827744167733236,0.019689249483034518
3432.0,137.28,1.0,9.986046327824463,29.322009222605743,9.986046327824463,29.322009222605743,0.3232919774230108,0.03947351262184824,0.018155238718240693
3433.0,137.32,1.0,10.141343757644803,29.270226653106743,10.141343757644803,29.270226653106743,0.32765333806196156,0.04051985544733157,0.016192501835096296
3434.0,137.36,1.0,10.297635734286487,29.218878193245597,10.297635734286487,29.218878193245597,0.3319578618524764,0.041380865005923195,0.013844443022441416
3435.0,137.4,1.0,10.453381671942552,29.167913488194767,10.453381671942552,29.167913488194767,0.33619753864602175,0.04202206272584084,0.011172702119745814
3436.0,137.44,1.0,10.609195200066342,29.114899139536437,10.609195200066342,29.114899139536437,0.34036793604431903,0.04240909257145735,0.008253377689257057
3437.0,137.48,1.0,10.764471201863199,29.061618502412124,10.764471201863199,29.061618502412124,0.3444678045595421,0.04250506686703186,0.0051740097156070825
3438.0,137.52,1.0,10.91924021849451,29.00850475726632,10.91924021849451,29.00850475726632,0.3485009497245198,0.04227918057092346,0.002029131078587054
3439.0,137.56,1.0,11.072225364186218,28.954126148924615,11.072225364186218,28.954126148924615,0.352475211576487,0.04170388841645496,-0.00108239323211368
3440.0,137.6,1.0,11.224773783346377,28.900689965944018,11.224773783346377,28.900689965944018,0.35640201079933703,0.04075833839036687,-0.004062815087947318
3441.0,137.64000000000001,1.0,11.376509487971413,28.84678808123627,11.376509487971413,28.84678808123627,0.3602967875233504,0.0394252648169547,-0.00681950612080198
3442.0,137.68,1.0,11.527171601841037,28.791691529872775,11.527171601841037,28.791691529872775,0.3641767110193064,0.03769279803503918,-0.009269799108226406
3443.0,137.72,1.0,11.678783351630349,28.73639765356807,11.678783351630349,28.73639765356807,0.36806100369271094,0.03555943719942811,-0.011343616197645323
3444.0,137.76,1.0,11.829024949951707,28.680196551212298,11.829024949951707,28.680196551212298,0.37196898245091903,0.033035216096716044,-0.012986502236704037
3445.0,137.8,1.0,11.98029734585359,28.62235782641385,11.98029734585359,28.62235782641385,0.37591884916615625,0.030139604743957205,-0.01416207647743079
3446.0,137.84,1.0,12.12945179079511,28.562752843412323,12.12945179079511,28.562752843412323,0.37992691071630524,0.02690134826792743,-0.014854308630347294
3447.0,137.88,1.0,12.278931690698125,28.502068085779825,12.278931690698125,28.502068085779825,0.38400799197550967,0.023359265497863733,-0.015067689912914281
3448.0,137.92000000000002,1.0,12.427106890646858,28.44104659956601,12.427106890646858,28.44104659956601,0.3881751752037218,0.019561705376004546,-0.014825981406985447
3449.0,137.96,1.0,12.575446987561577,28.377451092371295,12.575446987561577,28.377451092371295,0.392437659146933,0.015562653729113118,-0.014171106622665155
3450.0,138.0,1.0,12.721917377845584,28.314175752112668,12.721917377845584,28.314175752112668,0.396802559038068,0.011422665650867714,-0.013161915134590457
3451.0,138.04,1.0,12.868979286964386,28.24971364950169,12.868979286964386,28.24971364950169,0.40127291382457086,0.0072070134616032625,-0.011870707519016244
3452.0,138.08,1.0,13.015945447335238,28.187195860705554,13.015945447335238,28.187195860705554,0.405849673006679,0.0029847167698844324,-0.010379634374900835
3453.0,138.12,1.0,13.161685422791587,28.122311201055993,13.161685422791587,28.122311201055993,0.41053049188628143,-0.0011714096863661538,-0.008776354318779687
3454.0,138.16,1.0,13.30750378370492,28.057768725030012,13.30750378370492,28.057768725030012,0.4153099456124082,-0.0051874051882117465,-0.007150901204340504
3455.0,138.20000000000002,1.0,13.452661421704505,27.991429884389486,13.452661421704505,27.991429884389486,0.4201789280812852,-0.008994025716517529,-0.005591514569935741
3456.0,138.24,1.0,13.597966606008356,27.9262019232098,13.597966606008356,27.9262019232098,0.425126833064566,-0.012526343371076276,-0.004181021970118713
3457.0,138.28,1.0,13.742488033009588,27.860074801783924,13.742488033009588,27.860074801783924,0.43014281494522255,-0.015724507654152054,-0.0029925593813216996
3458.0,138.32,1.0,13.887137121681523,27.792815536249122,13.887137121681523,27.792815536249122,0.4352150400552642,-0.01853855405689968,-0.0020870452841858745
3459.0,138.36,1.0,14.032970042841175,27.724463756032463,14.032970042841175,27.724463756032463,0.440331498069773,-0.020926834239735893,-0.0015117422276855648
3460.0,138.4,1.0,14.179033776535785,27.65556699295427,14.179033776535785,27.65556699295427,0.4454818549137188,-0.0228593597522172,-0.0012983481756198285
3461.0,138.44,1.0,14.324351477412531,27.585231871048894,14.324351477412531,27.585231871048894,0.4506566086758583,-0.024315743251913526,-0.0014618366987182191
3462.0,138.48,1.0,14.471744414627205,27.515408693608613,14.471744414627205,27.515408693608613,0.4558498790375779,-0.025287863944259702,-0.0020003920870685166
3463.0,138.52,1.0,14.617703210371932,27.445021349743627,14.617703210371932,27.445021349743627,0.46105586822301287,-0.025772874474636054,-0.002896826961448848
3464.0,138.56,1.0,14.764342046754354,27.37300933728551,14.764342046754354,27.37300933728551,0.4662724454784895,-0.025777602213655503,-0.004119888214878016
3465.0,138.6,1.0,14.90949738258169,27.301298208254327,14.90949738258169,27.301298208254327,0.4714994724474888,-0.025317362076330507,-0.005626230378333974
3466.0,138.64000000000001,1.0,15.056669564518014,27.229730695380397,15.056669564518014,27.229730695380397,0.47674220383585375,-0.024413012122413445,-0.007362784423453082
3467.0,138.68,1.0,15.20150147793161,27.15734130449731,15.20150147793161,27.15734130449731,0.4820083697107823,-0.023086674027402963,-0.009269264346285352
3468.0,138.72,1.0,15.34598018851059,27.08370890577462,15.34598018851059,27.08370890577462,0.4873077931824322,-0.02136685844760975,-0.011281741529983513
3469.0,138.76,1.0,15.489912277501826,27.00913093466709,15.489912277501826,27.00913093466709,0.4926522016620976,-0.019282793941602594,-0.013335348404472619
3470.0,138.8,1.0,15.634573049710506,26.932662396833535,15.634573049710506,26.932662396833535,0.49805467432135203,-0.016866937373198422,-0.015366387492759592
3471.0,138.84,1.0,15.777842192493376,26.85751578636978,15.777842192493376,26.85751578636978,0.5035287726849376,-0.01414905876744752,-0.017314739546305163
3472.0,138.88,1.0,15.920771807141353,26.778151262254987,15.920771807141353,26.778151262254987,0.5090869811930596,-0.011157773901865675,-0.01912597232601222
3473.0,138.92000000000002,1.0,16.064106790120384,26.700586284980254,16.064106790120384,26.700586284980254,0.5147397703492241,-0.007916037034565648,-0.020753242419891994
3474.0,138.96,1.0,16.205971865685903,26.618673821361476,16.205971865685903,26.618673821361476,0.5204967855871392,-0.004449671587738413,-0.02215760710509613
3475.0,139.0,1.0,16.34804666864096,26.53888230458002,16.34804666864096,26.53888230458002,0.5263652508911264,-0.0007815228810681751,-0.023309073788664474
3476.0,139.04,1.0,16.489354465895364,26.456355428008855,16.489354465895364,26.456355428008855,0.5323503945907472,0.003067280559813412,-0.024185630792814175
3477.0,139.08,1.0,16.631103433000526,26.374187549826786,16.631103433000526,26.374187549826786,0.5384521541344413,0.007079734975048801,-0.02477318123603736
3478.0,139.12,1.0,16.771622613270164,26.289896441790876,16.771622613270164,26.289896441790876,0.5446663331045702,0.011235609483220443,-0.025064665047228492
3479.0,139.16,1.0,16.91139918243875,26.205859680800238,16.91139918243875,26.205859680800238,0.5509846623660606,0.01551979186728516,-0.025058885851599773
3480.0,139.20000000000002,1.0,17.05056641600315,26.120219008100584,17.05056641600315,26.120219008100584,0.5573949893062374,0.019920026680050284,-0.024758407977073116
3481.0,139.24,1.0,17.19045471951634,26.034931960842137,17.19045471951634,26.034931960842137,0.5638816066147505,0.02443063906736953,-0.02416861716305105
3482.0,139.28,1.0,17.328477827874302,25.9463431976015,17.328477827874302,25.9463431976015,0.5704246139972009,0.029048031020628428,-0.02329649257287875
3483.0,139.32,1.0,17.46573433557201,25.857972801505422,17.46573433557201,25.857972801505422,0.5770027762146575,0.03376939107037934,-0.022149343760852803
3484.0,139.36,1.0,17.602039849793655,25.76883247686319,17.602039849793655,25.76883247686319,0.5835927213141804,0.038588437389937336,-0.020733409803067468
3485.0,139.4,1.0,17.738633010316818,25.679766139617435,17.738633010316818,25.679766139617435,0.5901711681771281,0.04350373871072892,-0.019053467694499858
3486.0,139.44,1.0,17.873556188994478,25.58941340788997,17.873556188994478,25.58941340788997,0.5967134170516586,0.048513077720748796,-0.017112043578774366
3487.0,139.48,1.0,18.007577556249977,25.497446226702184,18.007577556249977,25.497446226702184,0.6031947445078327,0.05361335653764136,-0.01491065885331309
3488.0,139.52,1.0,18.141266767299413,25.40466604497562,18.141266767299413,25.40466604497562,0.6095918939704674,0.05879704253554716,-0.012450008780182948
3489.0,139.56,1.0,18.274071654625295,25.311462405675446,18.274071654625295,25.311462405675446,0.615884564775526,0.06405992791715776,-0.009730911317763455
3490.0,139.6,1.0,18.405439353000986,25.21739811568954,18.405439353000986,25.21739811568954,0.62205505639306,0.06939801707449993,-0.006754761781057178
3491.0,139.64000000000001,1.0,18.536216873700752,25.12095233742103,18.536216873700752,25.12095233742103,0.6280888868754564,0.07480726627253623,-0.0035264506754288244
3492.0,139.68,1.0,18.66637393222235,25.02514095395234,18.66637393222235,25.02514095395234,0.6339749670024004,0.08028033656993708,-5.551700296548487e-05
3493.0,139.72,1.0,18.794821597873618,24.927723570956484,18.794821597873618,24.927723570956484,0.6397071494771367,0.08580510988807677,0.0036423662390528536
3494.0,139.76,1.0,18.92194086406155,24.831111794957685,18.92194086406155,24.831111794957685,0.6452826588863274,0.09136830168184455,0.007544155724291702
3495.0,139.8,1.0,19.04786872385394,24.733402326077055,19.04786872385394,24.733402326077055,0.6507024597726498,0.0969563244351718,0.01161770438260983
3496.0,139.84,1.0,19.17256019829115,24.635792453427804,19.17256019829115,24.635792453427804,0.6559688684710766,0.10254753540241494,0.015820829413251684
3497.0,139.88,1.0,19.295813850192733,24.534961759530233,19.295813850192733,24.534961759530233,0.6610870701976522,0.1081144654960294,0.020100456772734438
3498.0,139.92000000000002,1.0,19.418209782943578,24.435202622845885,19.418209782943578,24.435202622845885,0.6660648498587576,0.11362794081106094,0.02439342592997997
3499.0,139.96,1.0,19.5404980758784,24.333546896113116,19.5404980758784,24.333546896113116,0.6709120922950959,0.11905914713393266,0.02862720357989999
3500.0,140.0,1.0,19.662494059992337,24.230324462374483,19.662494059992337,24.230324462374483,0.6756388100274247,0.12437374907117268,0.03272095443274394
3501.0,140.04,1.0,19.783297656422725,24.1267640773938,19.783297656422725,24.1267640773938,0.6802556374959211,0.12953025014378947,0.036586310188332034
3502.0,140.08,1.0,19.902928324645135,24.024177345022814,19.902928324645135,24.024177345022814,0.684773380460169,0.13448091177695293,0.04013094087204644
3503.0,140.12,1.0,20.020878183890144,23.921899147166535,20.020878183890144,23.921899147166535,0.689202505194837,0.13917544221048067,0.04326121836605242
3504.0,140.16,1.0,20.13844588911648,23.818838338190503,20.13844588911648,23.818838338190503,0.6935517053794933,0.14356408149826266,0.04588527197446302
3505.0,140.20000000000002,1.0,20.254489890955426,23.71615591546244,20.254489890955426,23.71615591546244,0.6978276370646825,0.14759441797612247,0.04791560346458344
3506.0,140.24,1.0,20.369730633540776,23.6130103268947,20.369730633540776,23.6130103268947,0.7020358509254023,0.15121292906815048,0.04927290420289153
3507.0,140.28,1.0,20.48461157200425,23.51253046348507,20.48461157200425,23.51253046348507,0.7061815329875245,0.15437121216580352,0.04988927903083214
3508.0,140.32,1.0,20.599039423851103,23.411798635271783,20.599039423851103,23.411798635271783,0.7102705937660951,0.1570302294518031,0.04971182941671415
3509.0,140.36,1.0,20.712471451109785,23.31180152594603,20.712471451109785,23.31180152594603,0.7143079597609818,0.15915492477735282,0.04870505367684274
3510.0,140.4,1.0,20.826277608926297,23.21121770144441,20.826277608926297,23.21121770144441,0.718298784554619,0.16071720370556114,0.046852592713678406
3511.0,140.44,1.0,20.939126415167372,23.112511361174004,20.939126415167372,23.112511361174004,0.7222492594661385,0.16169610509184437,0.04415919922714295
3512.0,140.48,1.0,21.05077215409911,23.01439804362876,21.05077215409911,23.01439804362876,0.7261658389155313,0.162081064264977,0.040652675332757536
3513.0,140.52,1.0,21.16242609436474,22.917476846521502,21.16242609436474,22.917476846521502,0.7300550434109054,0.16187200190630727,0.03638355579851751
3514.0,140.56,1.0,21.272352163890563,22.820293734704663,21.272352163890563,22.820293734704663,0.7339231370090871,0.16107611827860055,0.03142416261021426
3515.0,140.6,1.0,21.383198385908166,22.721867422723328,21.383198385908166,22.721867422723328,0.7377775557900533,0.1597092460215459,0.02586719295869642
3516.0,140.64000000000001,1.0,21.493417078623665,22.623719208466962,21.493417078623665,22.623719208466962,0.7416267829426785,0.1577988662077193,0.01982455876647702
3517.0,140.68,1.0,21.60361312863379,22.527501030875463,21.60361312863379,22.527501030875463,0.7454801610332665,0.15538314082825658,0.01342445917483057
3518.0,140.72,1.0,21.713298761590284,22.43168556150157,21.713298761590284,22.43168556150157,0.7493470649699807,0.15250703805089075,0.0068082303427223125
3519.0,140.76,1.0,21.82064446764509,22.3360271319599,21.82064446764509,22.3360271319599,0.7532350667148334,0.14921920789225326,0.0001258314831220804
3520.0,140.8,1.0,21.92666888672003,22.24176350476646,21.92666888672003,22.24176350476646,0.7571516471441211,0.14557243599851905,-0.006468149370045087
3521.0,140.84,1.0,22.03199243773965,22.14655717828729,22.03199243773965,22.14655717828729,0.7611025805675076,0.1416187926168019,-0.01281812320040981
3522.0,140.88,1.0,22.135925247728697,22.05208994351101,22.135925247728697,22.05208994351101,0.7650916685493229,0.13741152555669428,-0.01877216756294395
3523.0,140.92000000000002,1.0,22.239350824226648,21.956428316664777,22.239350824226648,21.956428316664777,0.7691217318489308,0.1330033431726343,-0.02418740925843501
3524.0,140.96,1.0,22.34186402713644,21.860934762941387,22.34186402713644,21.860934762941387,0.7731947379864507,0.12844473508631657,-0.02893440504870918
3525.0,141.0,1.0,22.444224082894472,21.764837464189622,22.444224082894472,21.764837464189622,0.7773136720122814,0.12378388101621654,-0.03290018265326182
3526.0,141.04,1.0,22.54515966894342,21.668169834968605,22.54515966894342,21.668169834968605,0.7814805482156278,0.1190661751124118,-0.03599154454406382
3527.0,141.08,1.0,22.645819303236596,21.571637771036876,22.645819303236596,21.571637771036876,0.7856985843739037,0.11433013856659735,-0.03813858448447407
3528.0,141.12,1.0,22.7442934889745,21.474943603744418,22.7442934889745,21.474943603744418,0.7899694394842806,0.10960904743527253,-0.03929704291015079
3529.0,141.16,1.0,22.843118265985016,21.378696639107087,22.843118265985016,21.378696639107087,0.7942954720827107,0.1049319652750215,-0.03944969355721025
3530.0,141.20000000000002,1.0,22.939203143105733,21.282404053358913,22.939203143105733,21.282404053358913,0.7986789627690982,0.10031803200967984,-0.038606133947789174
3531.0,141.24,1.0,23.035274007297307,21.184939464597797,23.035274007297307,21.184939464597797,0.8031215298709743,0.09578127401049245,-0.03680280276339017
3532.0,141.28,1.0,23.129990594726554,21.08544024848098,23.129990594726554,21.08544024848098,0.8076246665450315,0.09133329011774896,-0.03410281652171444
3533.0,141.32,1.0,23.22379041929139,20.98467334856368,23.22379041929139,20.98467334856368,0.8121897818984536,0.08698443690869842,-0.030594187935623178
3534.0,141.36,1.0,23.317768213797876,20.88318196808105,23.317768213797876,20.88318196808105,0.8168178210070789,0.08274158119573177,-0.026386230293007712
3535.0,141.4,1.0,23.40984244302475,20.781680953032286,23.40984244302475,20.781680953032286,0.8215087767550641,0.07861184236777953,-0.021605725112333416
3536.0,141.44,1.0,23.49997464758701,20.679914459145458,23.49997464758701,20.679914459145458,0.8262597236092446,0.0746023771413743,-0.016394187175026192
3537.0,141.48,1.0,23.58838665500025,20.577362637382222,23.58838665500025,20.577362637382222,0.8310660911159669,0.0707208630921881,-0.010903453272291315
3538.0,141.52,1.0,23.676470908747266,20.473977369216648,23.676470908747266,20.473977369216648,0.8359189863171685,0.06697660558594769,-0.0052906082040961085
3539.0,141.56,1.0,23.763236961008943,20.371833523859543,23.763236961008943,20.371833523859543,0.8408087908393759,0.06337672938586768,0.00028764237089659133
3540.0,141.6,1.0,23.849369360918026,20.269440767191178,23.849369360918026,20.269440767191178,0.8457221742834286,0.05992490919228397,0.005679363602740632
3541.0,141.64000000000001,1.0,23.93402413358406,20.167222447823402,23.93402413358406,20.167222447823402,0.8506446687482127,0.056630474582136436,0.01074147519091027
3542.0,141.68,1.0,24.02011121099678,20.06512903421487,24.02011121099678,20.06512903421487,0.8555606349469613,0.05350478805568348,0.015344173198924022
3543.0,141.72,1.0,24.105986406046277,19.962700886704216,24.105986406046277,19.962700886704216,0.8604537516350843,0.050557435838046325,0.019375780231046677
3544.0,141.76,1.0,24.19213448221016,19.86049660362813,24.19213448221016,19.86049660362813,0.865307703721465,0.04779414304303916,0.022746254219580323
3545.0,141.8,1.0,24.276484980516678,19.75811637966666,24.276484980516678,19.75811637966666,0.8701053746579058,0.04522192405476109,0.025388926315176537
3546.0,141.84,1.0,24.36251153937069,19.6569585410266,24.36251153937069,19.6569585410266,0.8748306380386502,0.042842673471066475,0.02726187225723483
3547.0,141.88,1.0,24.44738588127304,19.55364258071569,24.44738588127304,19.55364258071569,0.8794681909639968,0.0406569016529729,0.028350011426570298
3548.0,141.92000000000002,1.0,24.533457255010177,19.450580548837358,24.533457255010177,19.450580548837358,0.8840047361264153,0.038657095500742734,0.028664929528388856
3549.0,141.96,1.0,24.617583429370256,19.346463834104696,24.617583429370256,19.346463834104696,0.8884293640508114,0.03683012429066167,0.028243664554555577
3550.0,142.0,1.0,24.702596466161786,19.242336223090117,24.702596466161786,19.242336223090117,0.8927329399653375,0.03516137734784791,0.027145645361071356
3551.0,142.04,1.0,24.785283355533792,19.13819004821262,24.785283355533792,19.13819004821262,0.8969100958448518,0.033639772179499,0.02545092515868888
3552.0,142.08,1.0,24.869039698240304,19.03461023691498,24.869039698240304,19.03461023691498,0.9009583008586365,0.032249484652397596,0.023256998778684472
3553.0,142.12,1.0,24.95219794683665,18.93068025929279,24.95219794683665,18.93068025929279,0.9048780926558366,0.030970568717698953,0.020675068935242964
3554.0,142.16,1.0,25.034758342378254,18.826994109222095,25.034758342378254,18.826994109222095,0.9086725401824205,0.029783602005718612,0.017824508660216086
3555.0,142.20000000000002,1.0,25.11574061564268,18.724024087721762,25.11574061564268,18.724024087721762,0.9123469968460324,0.028672569344078726,0.014828048352707396
3556.0,142.24,1.0,25.197334902046634,18.620137247910222,25.197334902046634,18.620137247910222,0.9159105583043692,0.027620387821820393,0.011807484347615303
3557.0,142.28,1.0,25.27890651472797,18.51593047072909,25.27890651472797,18.51593047072909,0.9193739185460039,0.026613679753901463,0.008879152017638756
3558.0,142.32,1.0,25.36009505375972,18.411779546086592,25.36009505375972,18.411779546086592,0.9227513140064183,0.025638899436920402,0.006148391238416042
3559.0,142.36,1.0,25.440463392023446,18.306467855981772,25.440463392023446,18.306467855981772,0.9260579701727097,0.024691493476293326,0.003705415770227617
3560.0,142.4,1.0,25.52127487337983,18.201374789136516,25.52127487337983,18.201374789136516,0.9293124039262606,0.023775393062233263,0.0016220662090359918
3561.0,142.44,1.0,25.601657788712124,18.09644044638039,25.601657788712124,18.09644044638039,0.9325348332026776,0.022902075221610328,-4.979742122482069e-05
3562.0,142.48,1.0,25.680172147864262,17.990159785871345,25.680172147864262,17.990159785871345,0.9357471667298165,0.022081395030589313,-0.0012809090571435703
3563.0,142.52,1.0,25.758179241548003,17.88478863082405,25.758179241548003,17.88478863082405,0.9389717788039647,0.021330745451991828,-0.0020653472464481236
3564.0,142.56,1.0,25.834638581591264,17.778859632035708,25.834638581591264,17.778859632035708,0.9422307388793442,0.020672744848368153,-0.0024206689133360096
3565.0,142.6,1.0,25.911562382285886,17.672698678327436,25.911562382285886,17.672698678327436,0.9455459798522468,0.020132479715771333,-0.002385494163525902
3566.0,142.64000000000001,1.0,25.98617925078768,17.565488989857457,25.98617925078768,17.565488989857457,0.9489374089296959,0.019731859323832247,-0.002017760441683091
3567.0,142.68,1.0,26.060410093653253,17.45865087522901,26.060410093653253,17.45865087522901,0.9524221063805409,0.019490243627577442,-0.0013920750304232392
3568.0,142.72,1.0,26.133791044036826,17.35053762536906,26.133791044036826,17.35053762536906,0.9560144837906697,0.01942454352400528,-0.00059641865251258
3569.0,142.76,1.0,26.20771434422029,17.242016201838094,26.20771434422029,17.242016201838094,0.9597250372908862,0.01955152535215171,0.0002728001254767798
3570.0,142.8,1.0,26.280789301844873,17.132922516098223,26.280789301844873,17.132922516098223,0.9635615605031231,0.019880976961918782,0.00111566787572985
3571.0,142.84,1.0,26.355371694224534,17.023268576619373,26.355371694224534,17.023268576619373,0.9675270263519208,0.020411718722708826,0.001833386465645592
3572.0,142.88,1.0,26.42865241296924,16.914248482141026,26.42865241296924,16.914248482141026,0.9716202072602071,0.02112960342983189,0.0023324346373004264
3573.0,142.92000000000002,1.0,26.501549828406418,16.805130619432227,26.501549828406418,16.805130619432227,0.9758350839400723,0.02201738555929391,0.0025294878405277064
3574.0,142.96,1.0,26.57502437431001,16.69620960916449,26.57502437431001,16.69620960916449,0.9801619586579919,0.02304700410657129,0.0023554315441410294
3575.0,143.0,1.0,26.648009145595033,16.586608709630205,26.648009145595033,16.586608709630205,0.9845884225507101,0.02418117203384198,0.0017589875553434922
3576.0,143.04,1.0,26.721760906870827,16.477306282056766,26.721760906870827,16.477306282056766,0.9890991460581089,0.025373799237895477,0.0007081110598245313
3577.0,143.08,1.0,26.7938978843945,16.368366748248928,26.7938978843945,16.368366748248928,0.9936791333784939,0.02657695029816052,-0.000807818361276643
3578.0,143.12,1.0,26.866233545120263,16.259315379466884,26.866233545120263,16.259315379466884,0.998313565964507,0.027742437655660767,-0.0027771530272544345
3579.0,143.16,1.0,26.938965473219486,16.150980542467245,26.938965473219486,16.150980542467245,1.0029902501180368,0.028821865899110666,-0.0051658553132315835
3580.0,143.20000000000002,1.0,27.011178885341756,16.041665245587563,27.011178885341756,16.041665245587563,1.007699534481294,0.029763760827327058,-0.00791922802085666
3581.0,143.24,1.0,27.082897716628032,15.933096121616634,27.082897716628032,15.933096121616634,1.0124346880830508,0.030518468448815707,-0.010964134014562385
3582.0,143.28,1.0,27.154812614754814,15.824500844577765,27.154812614754814,15.824500844577765,1.0171917661937093,0.03104569370594381,-0.014211907622430237
3583.0,143.32,1.0,27.2253004884681,15.71597066733941,27.2253004884681,15.71597066733941,1.0219699852229063,0.03131637346581988,-0.017561667705551086
3584.0,143.36,1.0,27.296330616368596,15.606260394304607,27.296330616368596,15.606260394304607,1.026772040839259,0.031307944653355735,-0.020904694443155337
3585.0,143.4,1.0,27.364989807390582,15.49636968043697,27.364989807390582,15.49636968043697,1.0316030699520784,0.031006152516621466,-0.024129101024514446
3586.0,143.44,1.0,27.433255385145536,15.385780038697149,27.433255385145536,15.385780038697149,1.036470898474927,0.03041113413158214,-0.02712453095561821
3587.0,143.48,1.0,27.500723799618935,15.275449759858692,27.500723799618935,15.275449759858692,1.0413858554396618,0.029539715424503066,-0.029785758363263824
3588.0,143.52,1.0,27.567516307724475,15.165091129108678,27.567516307724475,15.165091129108678,1.046359184016143,0.028419973140131505,-0.032017002799807966
3589.0,143.56,1.0,27.63302114230104,15.054654271993751,27.63302114230104,15.054654271993751,1.0514026884407381,0.02708871766075943,-0.03373556799418176
3590.0,143.6,1.0,27.697992930515472,14.944763684155424,27.697992930515472,14.944763684155424,1.0565261111391726,0.025589907065857898,-0.03487490539047648
3591.0,143.64000000000001,1.0,27.760582766927918,14.834327192019686,27.760582766927918,14.834327192019686,1.0617365900358526,0.023977612556935833,-0.03538629717877417
3592.0,143.68,1.0,27.823287774570144,14.72281550133351,27.823287774570144,14.72281550133351,1.0670380915999274,0.022313562590689527,-0.03524057095107668
3593.0,143.72,1.0,27.88446862468557,14.610890062253882,27.88446862468557,14.610890062253882,1.0724311231549852,0.020657572540061852,-0.034428600833839806
3594.0,143.76,1.0,27.945136452312106,14.49825652937829,27.945136452312106,14.49825652937829,1.0779131043454009,0.019066938675600942,-0.03296112894715965
3595.0,143.8,1.0,28.00492473917195,14.385008854884825,28.00492473917195,14.385008854884825,1.0834769608202441,0.017595979340793256,-0.0308676131063293
3596.0,143.84,1.0,28.064376365180287,14.271578243315776,28.064376365180287,14.271578243315776,1.089113674090399,0.016300135587253173,-0.028194141979676866
3597.0,143.88,1.0,28.122364239451855,14.156911411515363,28.122364239451855,14.156911411515363,1.094810074089855,0.01522453671537034,-0.02500090916099402
3598.0,143.92000000000002,1.0,28.179971102845506,14.04252597496376,28.179971102845506,14.04252597496376,1.100550599075796,0.014398226546967995,-0.021359662155143223
3599.0,143.96,1.0,28.237297846556352,13.927775760074923,28.237297846556352,13.927775760074923,1.106315461926983,0.01383575351869919,-0.017350476684682602
3600.0,144.0,1.0,28.29276326875735,13.813653400905073,28.29276326875735,13.813653400905073,1.1120821050273084,0.013543605526643276,-0.013058382578732902
3601.0,144.04,1.0,28.34718690139435,13.697542424132052,28.34718690139435,13.697542424132052,1.1178254184176772,0.013515721617899379,-0.008570351545846136
3602.0,144.08,1.0,28.400550850700732,13.581082035909583,28.400550850700732,13.581082035909583,1.1235199309615387,0.013731858743707725,-0.003972776318036227
3603.0,144.12,1.0,28.454061319801816,13.463902066224469,28.454061319801816,13.463902066224469,1.1291401169604425,0.01415432318326434,0.0006514580637112553
3604.0,144.16,1.0,28.50579371025099,13.34716182358702,28.50579371025099,13.34716182358702,1.1346628183026164,0.014739573475010736,0.005225380294983415
3605.0,144.20000000000002,1.0,28.55824511294248,13.229663343560597,28.55824511294248,13.229663343560597,1.1400664846130568,0.015437816493691803,0.009679217585335345
3606.0,144.24,1.0,28.610337610974778,13.112778327789698,28.610337610974778,13.112778327789698,1.1453336245778134,0.016194093175373826,0.013951738578215214
3607.0,144.28,1.0,28.662617737419207,12.994305422331488,28.662617737419207,12.994305422331488,1.1504482580179813,0.016941313080413835,0.017990653244878255
3608.0,144.32,1.0,28.71371309651393,12.876555120584518,28.71371309651393,12.876555120584518,1.155399037930127,0.017612236154770654,0.021752775651315122
3609.0,144.36,1.0,28.763941776626915,12.758268658598155,28.763941776626915,12.758268658598155,1.1601763382079178,0.018146685514817386,0.02520336007454351
3610.0,144.4,1.0,28.81344694485897,12.639950550424523,28.81344694485897,12.639950550424523,1.1647755527101498,0.018494791379214927,0.028315314850548577
3611.0,144.44,1.0,28.86263480545648,12.521921840379505,28.86263480545648,12.521921840379505,1.1691958944743317,0.018606276191077797,0.03106753893278742
3612.0,144.48,1.0,28.91083310287603,12.403867368892021,28.91083310287603,12.403867368892021,1.1734425471834424,0.01844212091675329,0.033443786130397085
3613.0,144.52,1.0,28.958054376321435,12.286314009744219,28.958054376321435,12.286314009744219,1.1775246546293432,0.017978806164113726,0.035431278593895235
3614.0,144.56,1.0,29.0040271505104,12.16845092516842,29.0040271505104,12.16845092516842,1.1814554314834782,0.017213953886995693,0.03701945007373036
3615.0,144.6,1.0,29.05061258725295,12.050273188071554,29.05061258725295,12.050273188071554,1.1852508309847716,0.016155744539594563,0.038198242375122045
3616.0,144.64000000000001,1.0,29.0952198876793,11.931966638659864,29.0952198876793,11.931966638659864,1.188929132754836,0.014823593575240745,0.03895802758371582
3617.0,144.68,1.0,29.140606469232655,11.815240596193112,29.140606469232655,11.815240596193112,1.192509785891588,0.013249221074341433,0.03928877675780885
3618.0,144.72,1.0,29.18459668708162,11.697146382619078,29.18459668708162,11.697146382619078,1.1960131671914573,0.011487021479736226,0.03918016333335826
3619.0,144.76,1.0,29.2290335063396,11.578696150083738,29.2290335063396,11.578696150083738,1.199459089194707,0.009600898941790548,0.03862104698875177
3620.0,144.8,1.0,29.272425392079054,11.459329765724874,29.272425392079054,11.459329765724874,1.2028688496042954,0.007660218546769593,0.037600871215579576
3621.0,144.84,1.0,29.316584316620226,11.34126747625829,29.316584316620226,11.34126747625829,1.206263584981575,0.005734031318170329,0.03611021912099067
3622.0,144.88,1.0,29.360018340173024,11.223459678579811,29.360018340173024,11.223459678579811,1.2096640851147122,0.0039035848966044616,0.03414313150165209
3623.0,144.92000000000002,1.0,29.405489330728273,11.10539952721064,29.405489330728273,11.10539952721064,1.213088630295948,0.002249917656823075,0.03169830030276495
3624.0,144.96,1.0,29.449263529123538,10.987424249730473,29.449263529123538,10.987424249730473,1.216553034383502,0.0008441723888905406,0.02878109967548518
3625.0,145.0,1.0,29.494021651138723,10.869204722917644,29.494021651138723,10.869204722917644,1.2200703888389994,-0.0002561498745704105,0.025404799606361834
3626.0,145.04,1.0,29.53755504525945,10.751690432189807,29.53755504525945,10.751690432189807,1.2236495792358566,-0.0010021081818229916,0.02159303436372432
3627.0,145.08,1.0,29.581018305749108,10.633800872304194,29.581018305749108,10.633800872304194,1.2272965801933147,-0.0013547219865330585,0.01738064873573193
3628.0,145.12,1.0,29.623546023334313,10.514613028977225,29.623546023334313,10.514613028977225,1.231012900454406,-0.0012897194046195936,0.012814887377788242
3629.0,145.16,1.0,29.667673338671847,10.395419987394927,29.667673338671847,10.395419987394927,1.234799140378239,-0.0008092201319177539,0.007955329517878734
3630.0,145.20000000000002,1.0,29.71087393812373,10.27546010367755,29.71087393812373,10.27546010367755,1.23865353394403,6.7826781304281e-05,0.0028750366626273823
3631.0,145.24,1.0,29.754957673241243,10.155199483144385,29.754957673241243,10.155199483144385,1.2425726201074216,0.0013092943150771808,-0.0023409060097901004
3632.0,145.28,1.0,29.797476080012945,10.034974526535082,29.797476080012945,10.034974526535082,1.2465502730573816,0.002871308298416686,-0.007596074259559468
3633.0,145.32,1.0,29.840568039760264,9.914216705143932,29.840568039760264,9.914216705143932,1.2505794196906281,0.004685288627234674,-0.012785645721157835
3634.0,145.36,1.0,29.883401144417707,9.794174764720989,29.883401144417707,9.794174764720989,1.2546520050404422,0.006667799717854805,-0.01779807853943241
3635.0,145.4,1.0,29.92597348988694,9.674451123170673,29.92597348988694,9.674451123170673,1.2587604398172643,0.008730074884359418,-0.022518326700620518
3636.0,145.44,1.0,29.96862506580615,9.55491502905138,29.96862506580615,9.55491502905138,1.2628973152989427,0.010782842954179995,-0.026830494779239107
3637.0,145.48,1.0,30.01033450473068,9.433366233556882,30.01033450473068,9.433366233556882,1.267057791797583,0.012732006423386632,-0.030622714185260934
3638.0,145.52,1.0,30.050984965588135,9.312442524744267,30.050984965588135,9.312442524744267,1.2712387203495907,0.014483528186198014,-0.03379093400146578
3639.0,145.56,1.0,30.091790801211545,9.191604784898537,30.091790801211545,9.191604784898537,1.2754415359571056,0.015951116138771405,-0.036242429850801235
3640.0,145.6,1.0,30.131582557652433,9.071205433226995,30.131582557652433,9.071205433226995,1.2796671543234486,0.017065059891570644,-0.03789852834856971
3641.0,145.64000000000001,1.0,30.17041221364529,8.949890517046551,30.17041221364529,8.949890517046551,1.2839185306428926,0.017772856768843538,-0.038698826224868865
3642.0,145.68,1.0,30.207696119471183,8.829087532358853,30.207696119471183,8.829087532358853,1.2881975282828075,0.018032215518771554,-0.03860376933452994
3643.0,145.72,1.0,30.242884775579984,8.707994797349645,30.242884775579984,8.707994797349645,1.2925069365199295,0.017817924725110457,-0.037596789274903994
3644.0,145.76,1.0,30.277251853033096,8.586529825249375,30.277251853033096,8.586529825249375,1.2968476745076374,0.017133492726651368,-0.03568479075501969
3645.0,145.8,1.0,30.3101581278951,8.466048022414236,30.3101581278951,8.466048022414236,1.3012206654829912,0.016006314748504037,-0.03289941176701912
3646.0,145.84,1.0,30.341849819008708,8.3434643216025,30.341849819008708,8.3434643216025,1.3056250425871305,0.014482343396440112,-0.029296776337010506
3647.0,145.88,1.0,30.372044109660653,8.221976008605408,30.372044109660653,8.221976008605408,1.310058783458839,0.012623232178059707,-0.02495684881928934
3648.0,145.92000000000002,1.0,30.402310483733515,8.100957737461124,30.402310483733515,8.100957737461124,1.3145174593403897,0.010513748595996053,-0.01998021375060565
3649.0,145.96,1.0,30.43039747440099,7.98015346925349,30.43039747440099,7.98015346925349,1.3189941397015374,0.00825602945118512,-0.014485015667641021
3650.0,146.0,1.0,30.45795812301309,7.859155568388724,30.45795812301309,7.859155568388724,1.3234772779084418,0.005962183605101245,-0.00860450011072648
3651.0,146.04,1.0,30.48413233513005,7.737864325100441,30.48413233513005,7.737864325100441,1.3279540674954113,0.0037469762812611827,-0.002483769826082195
3652.0,146.08,1.0,30.510568821795623,7.616824836176389,30.510568821795623,7.616824836176389,1.33240929449193,0.0017222067380692541,0.003725328548317063
3653.0,146.12,1.0,30.536621066743162,7.495210867136632,30.536621066743162,7.495210867136632,1.3368283423432534,1.3021325880324675e-06,0.00986942299665454
3654.0,146.16,1.0,30.562111623166704,7.372618235968464,30.562111623166704,7.372618235968464,1.341196272122611,-0.0013100458608091502,0.015797338911917598
3655.0,146.20000000000002,1.0,30.58748240437351,7.249204535047582,30.58748240437351,7.249204535047582,1.3455002616984386,-0.002124668541555985,0.02136393963669771
3656.0,146.24,1.0,30.613280778691443,7.125986060977034,30.613280778691443,7.125986060977034,1.3497284625521422,-0.002374573536179003,0.026434514210888486
3657.0,146.28,1.0,30.639193803089416,7.003251994467573,30.639193803089416,7.003251994467573,1.3538711599567983,-0.002007126653146607,0.030889133408276002
3658.0,146.32,1.0,30.665365671691752,6.880039221947617,30.665365671691752,6.880039221947617,1.3579206611487695,-0.0009910882996637116,0.03462588159710808
3659.0,146.36,1.0,30.689099733070513,6.755707731100652,30.689099733070513,6.755707731100652,1.361870700324199,0.0006767522263134041,0.0375626403304561
3660.0,146.4,1.0,30.713372111827027,6.632109471661901,30.713372111827027,6.632109471661901,1.3657178579955631,0.0029714077905644842,0.03963830665826733
3661.0,146.44,1.0,30.73693711145097,6.507767645186767,30.73693711145097,6.507767645186767,1.3694622052454628,0.005843317263487036,0.04081509386670668
3662.0,146.48,1.0,30.760758330199053,6.382754290473505,30.760758330199053,6.382754290473505,1.3731073432502947,0.009221650072585486,0.04107926975889352
3663.0,146.52,1.0,30.783426611099184,6.257585756747591,30.783426611099184,6.257585756747591,1.3766598928353653,0.013017486861273509,0.04043999381993728
3664.0,146.56,1.0,30.80748132365783,6.132738052007553,30.80748132365783,6.132738052007553,1.3801289981350238,0.017122695562578373,0.03892724667306234
3665.0,146.6,1.0,30.83048269521596,6.006966527494042,30.83048269521596,6.006966527494042,1.3835259483970503,0.021417048478269952,0.0365917176168946
3666.0,146.64000000000001,1.0,30.854748138851157,5.881948649105982,30.854748138851157,5.881948649105982,1.3868636124667169,0.025778687601650262,0.03350297137516188
3667.0,146.68,1.0,30.87850157281047,5.756776666912238,30.87850157281047,5.756776666912238,1.39015555616454,0.030087846717401244,0.029746935265259445
3668.0,146.72,1.0,30.90283002944077,5.632157497515803,30.90283002944077,5.632157497515803,1.3934159713741412,0.034223111300164956,0.02542199338206812
3669.0,146.76,1.0,30.92640284899277,5.507112227347313,30.92640284899277,5.507112227347313,1.3966588989663307,0.038072200291845035,0.02063642225142213
3670.0,146.8,1.0,30.9503456742558,5.383204089999012,30.9503456742558,5.383204089999012,1.3999003669530476,0.04153805092391301,0.01550558389281909
3671.0,146.84,1.0,30.973912925355155,5.260344600117783,30.973912925355155,5.260344600117783,1.4031561081426935,0.044541904452994954,0.01014971905340474
3672.0,146.88,1.0,30.997154081046272,5.137474646651596,30.997154081046272,5.137474646651596,1.4064416929500205,0.04702419405684216,0.004689960555683706
3673.0,146.92000000000002,1.0,31.020221579169885,5.014908570302863,31.020221579169885,5.014908570302863,1.409771048369476,0.04894846797097872,-0.000754665659060412
3674.0,146.96,1.0,31.04307774876409,4.892985693079288,31.04307774876409,4.892985693079288,1.4131574275434642,0.050302230784088166,-0.006069189979476522
3675.0,147.0,1.0,31.06502702264291,4.771296646701142,31.06502702264291,4.771296646701142,1.4166117921074513,0.0511013374168043,-0.011143833136015581
3676.0,147.04,1.0,31.085449464070553,4.648735859098532,31.085449464070553,4.648735859098532,1.4201427651269682,0.05138422712833285,-0.015877276593874314
3677.0,147.08,1.0,31.104964699274184,4.526866560201954,31.104964699274184,4.526866560201954,1.4237558451672117,0.05120755960428266,-0.020178457999607116
3678.0,147.12,1.0,31.123849644637765,4.4054494529962485,31.123849644637765,4.4054494529962485,1.4274544594005967,0.05064016668219642,-0.023967773739690064
3679.0,147.16,1.0,31.142804634756708,4.285603468728238,31.142804634756708,4.285603468728238,1.4312397773438932,0.04976818715843969,-0.027177264403802588
3680.0,147.20000000000002,1.0,31.160919167060047,4.164930964879093,31.160919167060047,4.164930964879093,1.4351114412177237,0.04868384924111714,-0.029752053244086474
3681.0,147.24,1.0,31.178516735792762,4.0455487878309695,31.178516735792762,4.0455487878309695,1.4390650960798834,0.04747974649905541,-0.03165106613489561
3682.0,147.28,1.0,31.19526523055269,3.9251359216008943,31.19526523055269,3.9251359216008943,1.443094165664145,0.04624830823621277,-0.0328481590999033
3683.0,147.32,1.0,31.211674286501022,3.805119927121494,31.211674286501022,3.805119927121494,1.4471900904512225,0.04507854442826673,-0.03333141736323545
3684.0,147.36,1.0,31.227676720681142,3.68401100019184,31.227676720681142,3.68401100019184,1.4513434356168269,0.044050317056242794,-0.03310284676793276
3685.0,147.4,1.0,31.243116291481613,3.5626251674393252,31.243116291481613,3.5626251674393252,1.4555429951259145,0.04322963733972882,-0.03217820219130953
3686.0,147.44,1.0,31.257125228749892,3.4420421568899044,31.257125228749892,3.4420421568899044,1.4597775073718238,0.042662843731567215,-0.03058767573689078
3687.0,147.48,1.0,31.270898895353703,3.321441079414825,31.270898895353703,3.321441079414825,1.4640366023775038,0.04237752041870081,-0.028374700343699055
3688.0,147.52,1.0,31.283275588012913,3.200836219489028,31.283275588012913,3.200836219489028,1.4683114448826278,0.042380754592602654,-0.02559504991265397
3689.0,147.56,1.0,31.295434799369207,3.080280466749246,31.295434799369207,3.080280466749246,1.4725948414424015,0.04266265075562632,-0.02231597148779143
3690.0,147.6,1.0,31.30605344811528,2.9600794169123734,31.30605344811528,2.9600794169123734,1.4768801755060603,0.04318874867746906,-0.018615452686920036
3691.0,147.64000000000001,1.0,31.31575887899251,2.838649314912088,31.31575887899251,2.838649314912088,1.4811619533145677,0.04391087713797315,-0.014580507948156083
3692.0,147.68,1.0,31.325058337585016,2.717115769227884,31.325058337585016,2.717115769227884,1.4854369795979256,0.044770060831105116,-0.010305371878294802
3693.0,147.72,1.0,31.333347913638715,2.595508919937841,31.333347913638715,2.595508919937841,1.4897041091478018,0.045698779479312265,-0.005889217549885283
3694.0,147.76,1.0,31.340924405694153,2.4733308397546625,31.340924405694153,2.4733308397546625,1.4939630374072386,0.04662265091363817,-0.0014344402217660898
3695.0,147.8,1.0,31.346841871426882,2.3526755736222635,31.346841871426882,2.3526755736222635,1.4982134175993713,0.04746742834057145,0.0029550659726240284
3696.0,147.84,1.0,31.3528705843106,2.232758831424372,31.3528705843106,2.232758831424372,1.502455715784508,0.04816175108556313,0.007176090285409542
3697.0,147.88,1.0,31.358233372588238,2.1134201701897193,31.358233372588238,2.1134201701897193,1.5066898761617964,0.04863893023757304,0.011129374070705482
3698.0,147.92000000000002,1.0,31.36341999573844,1.993966488427386,31.36341999573844,1.993966488427386,1.5109151285719824,0.0488439630642503,0.014721958107031603
3699.0,147.96,1.0,31.36793037907043,1.8748417862411468,31.36793037907043,1.8748417862411468,1.51512901088971,0.04873212330958896,0.017869528245834144
3700.0,148.0,1.0,31.372193335188847,1.755366643364848,31.372193335188847,1.755366643364848,1.5193277377444183,0.04827395324003989,0.020498291711570145
3701.0,148.04,1.0,31.37608554917238,1.6363342552446398,31.37608554917238,1.6363342552446398,1.5235080270353083,0.047459692015189334,0.022547532966438785
3702.0,148.08,1.0,31.38059160329292,1.517546809407403,31.38059160329292,1.517546809407403,1.5276664345496762,0.04629848924671,0.023971686982190196
3703.0,148.12,1.0,31.3855058619336,1.3989339633774331,31.3855058619336,1.3989339633774331,1.5317994522726726,0.04481551296786078,0.024742093873018435
3704.0,148.16,1.0,31.38913414859358,1.2817322881991997,31.38913414859358,1.2817322881991997,1.535902001722323,0.043048493199221174,0.024847845945324052
3705.0,148.20000000000002,1.0,31.393054754201113,1.165278734538445,31.393054754201113,1.165278734538445,1.5399692692911744,0.04104958579318725,0.02429611573065878
3706.0,148.24,1.0,31.396706320334935,1.0494507750394197,31.396706320334935,1.0494507750394197,1.5439968554281676,0.03887621163664973,0.02311297332107808
3707.0,148.28,1.0,31.40020003250469,0.9340789673247724,31.40020003250469,0.9340789673247724,1.5479806881046514,0.03659338658795637,0.02134302197720153
3708.0,148.32,1.0,31.40364352789522,0.8175409070968985,31.40364352789522,0.8175409070968985,1.5519176378074233,0.03427074824857197,0.019048135534648104
3709.0,148.36,1.0,31.4054430241467,0.7017563104942657,31.4054430241467,0.7017563104942657,1.5558047020815984,0.031974431133133994,0.0163055868826038
3710.0,148.4,1.0,31.40806505988826,0.5838534843528607,31.40806505988826,0.5838534843528607,1.559641364501983,0.0297691446521963,0.013206332952272165
3711.0,148.44,1.0,31.410920439508118,0.46747165193776363,31.410920439508118,0.46747165193776363,1.5634278800391739,0.027713816436272375,0.009853248483469
3712.0,148.48,1.0,31.41383936893656,0.3509437567780326,31.41383936893656,0.3509437567780326,1.5671652266143588,0.025861689235681627,0.0063579270528661925
3713.0,148.52,1.0,31.415539593945727,0.23325030422354825,31.415539593945727,0.23325030422354825,1.5708534423457028,0.024250268918258,0.0028370791075191136
3714.0,148.56,1.0,31.417185974930383,0.11703709502138933,31.417185974930383,0.11703709502138933,1.5744919694668067,0.022904695823391608,-0.0005917559341989369
3715.0,148.6,1.0,31.418178366309178,0.0002606968811714183,31.418178366309178,0.0002606968811714183,1.5780812949437892,0.021834382360213532,-0.00381318603547645
3716.0,148.64000000000001,1.0,31.41821294940623,-0.1157571247842821,31.41821294940623,-0.1157571247842821,1.581621744906524,0.021033041704910826,-0.0067172278291336525
3717.0,148.68,1.0,31.418359329054955,-0.23308824925777838,31.418359329054955,-0.23308824925777838,1.5851147263274252,0.020478697158752168,-0.00920331442276686
3718.0,148.72,1.0,31.417017808492055,-0.34902799578196203,31.417017808492055,-0.34902799578196203,1.58856124102955,0.02013314558752246,-0.011183938447846483
3719.0,148.76,1.0,31.41643359864987,-0.4666626376483,31.41643359864987,-0.4666626376483,1.591963706893846,0.019949696446195698,-0.012587662527990904
3720.0,148.8,1.0,31.414644189966772,-0.5830142306773538,31.414644189966772,-0.5830142306773538,1.5953259223731995,0.019875594131937013,-0.013360744298977698
3721.0,148.84,1.0,31.412789152841462,-0.7020403974871356,31.412789152841462,-0.7020403974871356,1.598651305651685,0.01985766425352161,-0.013469620406918164
3722.0,148.88,1.0,31.40966851889788,-0.8181860506818733,31.40966851889788,-0.8181860506818733,1.6019437832868455,0.019835310525077598,-0.01290248917231128
3723.0,148.92000000000002,1.0,31.40464999364018,-0.9343018777206211,31.40464999364018,-0.9343018777206211,1.605205735450935,0.019746547542614103,-0.011670316851184873
3724.0,148.96,1.0,31.400002787316907,-1.0497805650280438,31.400002787316907,-1.0497805650280438,1.608441427479752,0.019532154300215498,-0.009806340447855
3725.0,149.0,1.0,31.39403976611327,-1.1644063685252246,31.39403976611327,-1.1644063685252246,1.6116553768820843,0.0191392786907299,-0.0073646520018027795
3726.0,149.04,1.0,31.387810869275267,-1.2796119881032504,31.387810869275267,-1.2796119881032504,1.6148527464127098,0.018525694242045622,-0.004419396026593523
3727.0,149.08,1.0,31.380434124360608,-1.395011125642748,31.380434124360608,-1.395011125642748,1.6180385304344127,0.01765668861683528,-0.0010627764050894638
3728.0,149.12,1.0,31.372315739413892,-1.5099463839299423,31.372315739413892,-1.5099463839299423,1.6212169438382944,0.016514186814413846,0.00259781364791595
3729.0,149.16,1.0,31.365023276386484,-1.6245765404553385,31.365023276386484,-1.6245765404553385,1.6243932573808908,0.015097736838653253,0.006444119016875217
3730.0,149.20000000000002,1.0,31.35636898040383,-1.7396921793899562,31.35636898040383,-1.7396921793899562,1.627570395714295,0.013420075186031133,0.010350595502881664
3731.0,149.24,1.0,31.347222873021146,-1.8554655189554339,31.347222873021146,-1.8554655189554339,1.6307498612247913,0.011507459673129172,0.014187755548508044
3732.0,149.28,1.0,31.33674800477424,-1.97125817706603,31.33674800477424,-1.97125817706603,1.6339304012267106,0.00939412903375778,0.01782650839828746
3733.0,149.32,1.0,31.326830663408135,-2.0854994061213032,31.326830663408135,-2.0854994061213032,1.6371095509499434,0.007133197020949322,0.021142182905963532
3734.0,149.36,1.0,31.31586567369979,-2.1995645261500636,31.31586567369979,-2.1995645261500636,1.6402854228875963,0.004783057495779031,0.024019356894075104
3735.0,149.4,1.0,31.306051740270085,-2.3136196220110805,31.306051740270085,-2.3136196220110805,1.6434547124571168,0.002413953160739868,0.026355054632477014
3736.0,149.44,1.0,31.296041371926083,-2.4271992009320162,31.296041371926083,-2.4271992009320162,1.6466143624788496,9.632378563096955e-05,0.028062209855858705
3737.0,149.48,1.0,31.285324466580484,-2.5399047141672124,31.285324466580484,-2.5399047141672124,1.6497599346200897,-0.002093223104314379,0.029072385250651235
3738.0,149.52,1.0,31.276305060148808,-2.655631989361536,31.276305060148808,-2.655631989361536,1.652888519563535,-0.0040759627238074695,0.029338494502845296
3739.0,149.56,1.0,31.26575156508637,-2.7681158742868917,31.26575156508637,-2.7681158742868917,1.6559969805382486,-0.00577289333296116,0.028836435155406032
3740.0,149.6,1.0,31.25625831386135,-2.8833274573104246,31.25625831386135,-2.8833274573104246,1.6590815812254334,-0.0071138196890302985,0.02756505796039118
3741.0,149.64000000000001,1.0,31.24597893435153,-2.9963034184880977,31.24597893435153,-2.9963034184880977,1.6621395929563367,-0.008038148166793768,0.025546474520250124
3742.0,149.68,1.0,31.23618473165427,-3.111352355705452,31.23618473165427,-3.111352355705452,1.6651694178896688,-0.008495386309841601,0.022825283713573053
3743.0,149.72,1.0,31.226708161024835,-3.224671049413314,31.226708161024835,-3.224671049413314,1.6681736375230638,-0.008447923232632238,0.01946729476902838
3744.0,149.76,1.0,31.21745912219115,-3.3405716860556405,31.21745912219115,-3.3405716860556405,1.671156880506926,-0.00787791752915512,0.015557278574194446
3745.0,149.8,1.0,31.20778218493383,-3.4563260540525427,31.20778218493383,-3.4563260540525427,1.674125965749758,-0.006782103083813473,0.011195802505641214
3746.0,149.84,1.0,31.1972817595874,-3.5729682342395037,31.1972817595874,-3.5729682342395037,1.6770890761937758,-0.005177717317821129,0.0064961196209299965
3747.0,149.88,1.0,31.18730916972878,-3.6894430281767123,31.18730916972878,-3.6894430281767123,1.6800559870403897,-0.0030922954585411054,0.0015802611520596653
3748.0,149.92000000000002,1.0,31.17680936253039,-3.8064242571617255,31.17680936253039,-3.8064242571617255,1.6830382793108032,-0.0005750449224595888,-0.0034239664585002704
3749.0,149.96,1.0,31.16637216094562,-3.9238447293132017,31.16637216094562,-3.9238447293132017,1.686046393878435,0.002312672821255901,-0.008387777450341314
3750.0,150.0,1.0,31.15485280841632,-4.039622560224204,31.15485280841632,-4.039622560224204,1.689091603267601,0.005490089581868562,-0.013185506936229274
3751.0,150.04,1.0,31.142970190764533,-4.154863520837678,31.142970190764533,-4.154863520837678,1.692185397088144,0.008867079942063228,-0.017698663635849814
3752.0,150.08,1.0,31.13002544239787,-4.270927012114276,31.13002544239787,-4.270927012114276,1.6953404851371938,0.012343167611774186,-0.02181918705210107
3753.0,150.12,1.0,31.117942444048587,-4.385117968577427,31.117942444048587,-4.385117968577427,1.6985696698926867,0.015807949761949526,-0.02545223452694772
3754.0,150.16,1.0,31.104650919462973,-4.500637278572348,31.104650919462973,-4.500637278572348,1.701883922910151,0.019146470502382752,-0.028518828592265878
3755.0,150.20000000000002,1.0,31.090778424870145,-4.6162629484982585,31.090778424870145,-4.6162629484982585,1.7052926739058236,0.02224183710112191,-0.030957765958670704
3756.0,150.24,1.0,31.076271557056458,-4.732085730876081,31.076271557056458,-4.732085730876081,1.7088024588344637,0.024982890421189362,-0.03272721626599063
3757.0,150.28,1.0,31.06225143369445,-4.848300925769604,31.06225143369445,-4.848300925769604,1.7124185205060374,0.027265185922097403,-0.03380482999310279
3758.0,150.32,1.0,31.045886191192,-4.962048245777148,31.045886191192,-4.962048245777148,1.716142447486122,0.028988770955780417,-0.034187691464851525
3759.0,150.36,1.0,31.029503579245556,-5.07748836011662,31.029503579245556,-5.07748836011662,1.7199735242664371,0.030063907611868234,-0.03389257457998921
3760.0,150.4,1.0,31.01169771746039,-5.19117332654625,31.01169771746039,-5.19117332654625,1.7239095602881953,0.030412920315915536,-0.032954322499840386
3761.0,150.44,1.0,30.993905103703998,-5.304443460071785,30.993905103703998,-5.304443460071785,1.7279469193489647,0.02997547866863396,-0.031423764806240526
3762.0,150.48,1.0,30.97563431676162,-5.417695597605219,30.97563431676162,-5.417695597605219,1.7320810214415066,0.02870468268245311,-0.029364791302545268
3763.0,150.52,1.0,30.95707092157043,-5.5312420984436,30.95707092157043,-5.5312420984436,1.7363048738956626,0.026570593974207114,-0.026852625226865694
3764.0,150.56,1.0,30.937434173254257,-5.642154446766822,30.937434173254257,-5.642154446766822,1.740609226721343,0.023563726692239485,-0.023971237728355955
3765.0,150.6,1.0,30.917032711729952,-5.753711900825729,30.917032711729952,-5.753711900825729,1.744982468941603,0.01969485080665142,-0.020810580934649596
3766.0,150.64000000000001,1.0,30.89680565694575,-5.864811877151608,30.89680565694575,-5.864811877151608,1.7494120452423882,0.014996743628254549,-0.017463156903858624
3767.0,150.68,1.0,30.875330067860325,-5.9757218558249035,30.875330067860325,-5.9757218558249035,1.7538849849346776,0.0095152935646729,-0.014020910165139006
3768.0,150.72,1.0,30.853665786956316,-6.085484286485508,30.853665786956316,-6.085484286485508,1.758387601547049,0.0033151831575633727,-0.010573442573566313
3769.0,150.76,1.0,30.830528684847543,-6.195270788073337,30.830528684847543,-6.195270788073337,1.7629079931845237,-0.003523625268335184,-0.007205834327048055
3770.0,150.8,1.0,30.808354968896737,-6.3042566182805855,30.808354968896737,-6.3042566182805855,1.7674354378569603,-0.010900175382280108,-0.003995934969575188
3771.0,150.84,1.0,30.785699885028162,-6.414324965956203,30.785699885028162,-6.414324965956203,1.7719612595701317,-0.01870544896724615,-0.001012291795051977
3772.0,150.88,1.0,30.76330730336223,-6.522371619912377,30.76330730336223,-6.522371619912377,1.7764778254691351,-0.026823928180510583,0.0016867135986526754
3773.0,150.92000000000002,1.0,30.73897346435216,-6.6319657757150425,30.73897346435216,-6.6319657757150425,1.7809776686566476,-0.03513139032167908,0.004053436194337144
3774.0,150.96,1.0,30.715107684577145,-6.741384998321578,30.715107684577145,-6.741384998321578,1.78545400155651,-0.04349522421053988,0.006052326412541169
3775.0,151.0,1.0,30.689904176127747,-6.8514524568792465,30.689904176127747,-6.8514524568792465,1.789901381818667,-0.05178016535756878,0.0076601675525223125
3776.0,151.04,1.0,30.66447025037693,-6.962505184345181,30.66447025037693,-6.962505184345181,1.7943169073630485,-0.059854504720210686,0.00886593264899003
3777.0,151.08,1.0,30.638061065151682,-7.072836028012854,30.638061065151682,-7.072836028012854,1.7986987450566887,-0.06759150774633828,0.009669466254214337
3778.0,151.12,1.0,30.612024375646776,-7.183932467637038,30.612024375646776,-7.183932467637038,1.8030471588208763,-0.07486397116500332,0.010080869196403743
3779.0,151.16,1.0,30.585570368948982,-7.295231812293073,30.585570368948982,-7.295231812293073,1.8073639274681454,-0.08155549211567757,0.010120238913578293
3780.0,151.20000000000002,1.0,30.559229602262985,-7.406808133064542,30.559229602262985,-7.406808133064542,1.811651575624256,-0.08756118063395832,0.009817040948073147
3781.0,151.24,1.0,30.53255766279606,-7.518001744631246,30.53255766279606,-7.518001744631246,1.8159126323898627,-0.09280006187829767,0.009208352797717317
3782.0,151.28,1.0,30.50530440605028,-7.6287459790635905,30.50530440605028,-7.6287459790635905,1.8201485223205356,-0.09720487441218315,0.00833708710527362
3783.0,151.32,1.0,30.476973914921096,-7.740563694925976,30.476973914921096,-7.740563694925976,1.8243598531318022,-0.10072220888390762,0.007251053343890365
3784.0,151.36,1.0,30.446522943897442,-7.853310679848659,30.446522943897442,-7.853310679848659,1.8285476427949725,-0.10331515324954857,0.006001720973263462
3785.0,151.4,1.0,30.416381749350496,-7.967070578076251,30.416381749350496,-7.967070578076251,1.832713204980297,-0.1049735041109073,0.004642332456913935
3786.0,151.44,1.0,30.385201564540683,-8.080884468260086,30.385201564540683,-8.080884468260086,1.8368581760735367,-0.1057125077671662,0.0032264095001435845
3787.0,151.48,1.0,30.354590843016826,-8.195689407054838,30.354590843016826,-8.195689407054838,1.8409836610347774,-0.10556322054523792,0.0018065270619700212
3788.0,151.52,1.0,30.322867985854508,-8.311158488858503,30.322867985854508,-8.311158488858503,1.8450910283736857,-0.10457494761632886,0.00043355585498263197
3789.0,151.56,1.0,30.29120319806392,-8.428345513540023,30.29120319806392,-8.428345513540023,1.8491808926982494,-0.10282061037986465,-0.0008447500807393707
3790.0,151.6,1.0,30.258396192943245,-8.54640702618604,30.258396192943245,-8.54640702618604,1.853253275196027,-0.10039502859718849,-0.00198504471525478
3791.0,151.64000000000001,1.0,30.225399132368505,-8.6639496503386,30.225399132368505,-8.6639496503386,1.8573075893068733,-0.09740600929152116,-0.002949765262619856
3792.0,151.68,1.0,30.190778912791053,-8.781784591714752,30.190778912791053,-8.781784591714752,1.8613426522208711,-0.09396678675022639,-0.0037074908503663393
3793.0,151.72,1.0,30.156084708482673,-8.899926144027907,30.156084708482673,-8.899926144027907,1.8653578876205974,-0.09020121667004784,-0.004233763861030469
3794.0,151.76,1.0,30.120310459057993,-9.01841258061066,30.120310459057993,-9.01841258061066,1.8693532792930405,-0.0862443745317983,-0.0045120221717849076
3795.0,151.8,1.0,30.084235142585925,-9.135603072072394,30.084235142585925,-9.135603072072394,1.8733295599388078,-0.08224079335916766,-0.00453436720466188
3796.0,151.84,1.0,30.04680166443855,-9.253657045239086,30.04680166443855,-9.253657045239086,1.8772884835180477,-0.07832494432528839,-0.004301559394746969
3797.0,151.88,1.0,30.008209859523408,-9.37178671284818,30.008209859523408,-9.37178671284818,1.8812323010304663,-0.07461803428302059,-0.0038228780424118232
3798.0,151.92000000000002,1.0,29.96895338631096,-9.490448855982667,29.96895338631096,-9.490448855982667,1.8851642297673912,-0.07123774474000732,-0.00311606644253944
3799.0,151.96,1.0,29.929055436891304,-9.608756949246805,29.929055436891304,-9.608756949246805,1.8890879124598225,-0.06829673216493405,-0.0022070864179700956
3800.0,152.0,1.0,29.889272526854274,-9.725443636710484,29.889272526854274,-9.725443636710484,1.893007543454813,-0.06589173475680005,-0.0011295035276084136
3801.0,152.04,1.0,29.849185534226734,-9.842369720273618,29.849185534226734,-9.842369720273618,1.8969280738156251,-0.06409047127172937,7.620091581700995e-05
3802.0,152.08,1.0,29.8078155045419,-9.96056177157501,29.8078155045419,-9.96056177157501,1.9008540585994127,-0.06293950450326782,0.0013636522933470406
3803.0,152.12,1.0,29.766356447327702,-10.079100011419765,29.766356447327702,-10.079100011419765,1.9047914403955573,-0.062466183283479707,0.0026813582883585666
3804.0,152.16,1.0,29.724960699852602,-10.197219874549706,29.724960699852602,-10.197219874549706,1.9087459763231458,-0.06267564580564851,0.003974258429150428
3805.0,152.20000000000002,1.0,29.68436295146925,-10.314217659601072,29.68436295146925,-10.314217659601072,1.9127245523494214,-0.06353987320632057,0.005185365046426982
3806.0,152.24,1.0,29.642171666689467,-10.431817662233822,29.642171666689467,-10.431817662233822,1.9167334523012491,-0.06499655304872912,0.006257841188426705
3807.0,152.28,1.0,29.598635630503587,-10.549760049764085,29.598635630503587,-10.549760049764085,1.9207784933673584,-0.06696577164778446,0.007136532730511033
3808.0,152.32,1.0,29.554376900686936,-10.667509670544636,29.554376900686936,-10.667509670544636,1.9248653752300928,-0.06935465561021312,0.007769793958099974
3809.0,152.36,1.0,29.510228555186387,-10.783872690312027,29.510228555186387,-10.783872690312027,1.9289989521578317,-0.0720496003123598,0.008111373713265453
3810.0,152.4,1.0,29.46538661479924,-10.900467965804866,29.46538661479924,-10.900467965804866,1.9331834858674584,-0.07491070764049343,0.008122275419489075
3811.0,152.44,1.0,29.41892155362414,-11.01767573197981,29.41892155362414,-11.01767573197981,1.9374218514526667,-0.07778756521579099,0.007772349465117362
3812.0,152.48,1.0,29.372726951498187,-11.135309788648529,29.372726951498187,-11.135309788648529,1.941715990224625,-0.08053315279141274,0.00704140377416938
3813.0,152.52,1.0,29.32521571666493,-11.253250381527188,29.32521571666493,-11.253250381527188,1.9460684623060778,-0.08300319742513171,0.0059205582364627385
3814.0,152.56,1.0,29.278510392951016,-11.37023942725693,29.278510392951016,-11.37023942725693,1.950480385674774,-0.08505243939660681,0.004413230341947407
3815.0,152.6,1.0,29.231575992296676,-11.488769327388757,29.231575992296676,-11.488769327388757,1.9549533313012037,-0.0865370486338444,0.002536007398546462
3816.0,152.64000000000001,1.0,29.18530378570343,-11.607507602409044,29.18530378570343,-11.607507602409044,1.9594867822577697,-0.08733530167438674,0.0003187371046448298
3817.0,152.68,1.0,29.139253088205994,-11.726657007879194,29.139253088205994,-11.726657007879194,1.9640803191829093,-0.0873558915435777,-0.0021959186650334604
3818.0,152.72,1.0,29.092409964203945,-11.845389319773833,29.092409964203945,-11.845389319773833,1.9687318258540578,-0.0865302107703904,-0.0049529146517219725
3819.0,152.76,1.0,29.045220017300256,-11.964787130860545,29.045220017300256,-11.964787130860545,1.9734378278757927,-0.08480644538642051,-0.007885865800591783
3820.0,152.8,1.0,28.996744708994136,-12.085839742121179,28.996744708994136,-12.085839742121179,1.9781934443283091,-0.08215958602433492,-0.010918756819863044
3821.0,152.84,1.0,28.94517872359658,-12.208328560825603,28.94517872359658,-12.208328560825603,1.982992674139337,-0.0786056153734401,-0.013968110918807702
3822.0,152.88,1.0,28.89338050379954,-12.330475908987122,28.89338050379954,-12.330475908987122,1.9878300138066254,-0.07419266891542071,-0.016945163318866134
3823.0,152.92000000000002,1.0,28.840918800263886,-12.451805147097911,28.840918800263886,-12.451805147097911,1.9926995039842528,-0.06899407809890719,-0.019757552147260268
3824.0,152.96,1.0,28.788286143935586,-12.574877115127958,28.788286143935586,-12.574877115127958,1.9975947035270694,-0.06310343324576552,-0.022312286926047253
3825.0,153.0,1.0,28.733328698171686,-12.698622213958991,28.733328698171686,-12.698622213958991,2.0025097279741892,-0.05664417642494304,-0.024518557607647432
3826.0,153.04,1.0,28.677973612155398,-12.821999468334132,28.677973612155398,-12.821999468334132,2.007437106330574,-0.049768689675459665,-0.026291221865077735
3827.0,153.08,1.0,28.6233894727463,-12.945191173098966,28.6233894727463,-12.945191173098966,2.0123703199965037,-0.04264408800431706,-0.027553059605445285
3828.0,153.12,1.0,28.567199965693646,-13.067257315622115,28.567199965693646,-13.067257315622115,2.0173006859691127,-0.03543967365418055,-0.028237626943597778
3829.0,153.16,1.0,28.509822117184704,-13.18945090204613,28.509822117184704,-13.18945090204613,2.0222208372264197,-0.028330271167249777,-0.02829185747986986
3830.0,153.20000000000002,1.0,28.450471384688406,-13.310712943475039,28.450471384688406,-13.310712943475039,2.027123573948955,-0.02150301278643545,-0.027679016849174547
3831.0,153.24,1.0,28.391718926959335,-13.431735874628192,28.391718926959335,-13.431735874628192,2.0320034344538604,-0.01514445294139576,-0.026379966780911514
3832.0,153.28,1.0,28.332275700511616,-13.551499122233574,28.332275700511616,-13.551499122233574,2.0368565660575966,-0.009424467740638497,-0.024394263187749367
3833.0,153.32,1.0,28.2715914669443,-13.670262172899209,28.2715914669443,-13.670262172899209,2.0416797708610193,-0.004492124941771603,-0.021740889441581666
3834.0,153.36,1.0,28.209912574972765,-13.78943485044583,28.209912574972765,-13.78943485044583,2.0464716485840166,-0.00048036856417496,-0.018459390177627145
3835.0,153.4,1.0,28.147951020930627,-13.907563414997202,28.147951020930627,-13.907563414997202,2.051230528921344,0.0024883041858473564,-0.014608945661725561
3836.0,153.44,1.0,28.084505799116005,-14.024201913316185,28.084505799116005,-14.024201913316185,2.055954751278059,0.00431634951467551,-0.010267160532699209
3837.0,153.48,1.0,28.0202130258772,-14.139434901909874,28.0202130258772,-14.139434901909874,2.060643843222109,0.004936806894840451,-0.005527872965093414
3838.0,153.52,1.0,27.955814090118327,-14.254719838436623,27.955814090118327,-14.254719838436623,2.0652969728051964,0.004312698441687879,-0.0005002238905779614
3839.0,153.56,1.0,27.888836025692655,-14.369977667127788,27.888836025692655,-14.369977667127788,2.069915850685107,0.0024271545815467864,0.004694581030764355
3840.0,153.6,1.0,27.822985425264516,-14.48476188838588,27.822985425264516,-14.48476188838588,2.074501989534586,-0.0007120512122408718,0.00992657283817815
3841.0,153.64000000000001,1.0,27.756498317031145,-14.597765845646583,27.756498317031145,-14.597765845646583,2.0790577754296136,-0.005063896056290307,0.015061828839497134
3842.0,153.68,1.0,27.690805525276186,-14.710563279689117,27.690805525276186,-14.710563279689117,2.083585017310914,-0.010559421199298735,0.01996554529809594
3843.0,153.72,1.0,27.62273067754304,-14.823636878270147,27.62273067754304,-14.823636878270147,2.0880838802278365,-0.01710907951837003,0.024506164052081204
3844.0,153.76,1.0,27.5551940944418,-14.936188290429266,27.5551940944418,-14.936188290429266,2.092553704781981,-0.024611276102027946,0.028559557893508985
3845.0,153.8,1.0,27.48603185721554,-15.04774224664261,27.48603185721554,-15.04774224664261,2.096990494608307,-0.03294563918671171,0.03201406132834222
3846.0,153.84,1.0,27.418326685813014,-15.15965004859029,27.418326685813014,-15.15965004859029,2.1013906120274477,-0.04196830319934667,0.034773401984248435
3847.0,153.88,1.0,27.347739367616406,-15.269489836140869,27.347739367616406,-15.269489836140869,2.105748566469074,-0.05152153039524867,0.03675984650285557
3848.0,153.92000000000002,1.0,27.279739465267802,-15.38110814010727,27.279739465267802,-15.38110814010727,2.110059005650494,-0.06144351616574052,0.03791660183425026
3849.0,153.96,1.0,27.211015461706758,-15.49218908274447,27.211015461706758,-15.49218908274447,2.114316281272105,-0.07156978728019067,0.03821159907166513
3850.0,154.0,1.0,27.1434411532046,-15.603849754525163,27.1434411532046,-15.603849754525163,2.11851432693306,-0.08172725856640886,0.037638271243771934
3851.0,154.04,1.0,27.074536203167106,-15.715284818039583,27.074536203167106,-15.715284818039583,2.1226471416506962,-0.09173897950191215,0.03621585967316341
3852.0,154.08,1.0,27.00553941254149,-15.828232039336271,27.00553941254149,-15.828232039336271,2.1267084364672186,-0.10143214629162697,0.03398837381158054
3853.0,154.12,1.0,26.937146743025068,-15.941830798824906,26.937146743025068,-15.941830798824906,2.1306920817276103,-0.11064457268651333,0.03102453447229454
3854.0,154.16,1.0,26.86760911237543,-16.05527324771146,26.86760911237543,-16.05527324771146,2.134593917324315,-0.1192244666969188,0.02741555409831532
3855.0,154.20000000000002,1.0,26.797276540393266,-16.168860430431305,26.797276540393266,-16.168860430431305,2.138410892526974,-0.1270264297249823,0.023271893982245394
3856.0,154.24,1.0,26.72682644345995,-16.283582131680664,26.72682644345995,-16.283582131680664,2.1421446049937236,-0.13391926899381806,0.018718882420534634
3857.0,154.28,1.0,26.65529012878168,-16.399300050421928,26.65529012878168,-16.399300050421928,2.1457977344123527,-0.13979262202018033,0.013893383898586329
3858.0,154.32,1.0,26.583362956576458,-16.516156464035827,26.583362956576458,-16.516156464035827,2.1493783402152227,-0.144560835360057,0.008939346505609295
3859.0,154.36,1.0,26.5108101688157,-16.632607569415487,26.5108101688157,-16.632607569415487,2.152895416932333,-0.14815452248023137,0.004002904443487211
3860.0,154.4,1.0,26.4359791141543,-16.74929885332681,26.4359791141543,-16.74929885332681,2.156361120794767,-0.15052711627758772,-0.000773773211516477
3861.0,154.44,1.0,26.36125372756208,-16.86698577257745,26.36125372756208,-16.86698577257745,2.159788592098996,-0.15165801154721853,-0.005256693386819847
3862.0,154.48,1.0,26.28410514358572,-16.985477291598563,26.28410514358572,-16.985477291598563,2.1631926799486045,-0.15155445321799407,-0.009324130752243103
3863.0,154.52,1.0,26.207551977948583,-17.10328486169861,26.207551977948583,-17.10328486169861,2.166589942986814,-0.1502514972307317,-0.012870536510211927
3864.0,154.56,1.0,26.128291831999963,-17.221929065817335,26.128291831999963,-17.221929065817335,2.1699978725803915,-0.14780436253462342,-0.01581129734896682
3865.0,154.6,1.0,26.04979419437991,-17.34091130118822,26.04979419437991,-17.34091130118822,2.1734347595387247,-0.1442891047077598,-0.018085224243618737
3866.0,154.64000000000001,1.0,25.968413873792553,-17.459119850959052,25.968413873792553,-17.459119850959052,2.1769190730679124,-0.1398053122399598,-0.01965569214594188
3867.0,154.68,1.0,25.88596000230704,-17.579298387968603,25.88596000230704,-17.579298387968603,2.18046743980986,-0.13447224938227087,-0.020511366709805887
3868.0,154.72,1.0,25.80161320520245,-17.698473549676468,25.80161320520245,-17.698473549676468,2.1840957283850844,-0.12842199137132415,-0.020666704206345213
3869.0,154.76,1.0,25.716262300025296,-17.818180539747562,25.716262300025296,-17.818180539747562,2.187814881591522,-0.12179150873253794,-0.020161351609311998
3870.0,154.8,1.0,25.62995771033968,-17.937788030533156,25.62995771033968,-17.937788030533156,2.1916340629794595,-0.11472785173992098,-0.01905758103751612
3871.0,154.84,1.0,25.54244364644783,-18.056693117914598,25.54244364644783,-18.056693117914598,2.1955583710032824,-0.1073819433900125,-0.017437261524540774
3872.0,154.88,1.0,25.453871719487765,-18.175178010449294,25.453871719487765,-18.175178010449294,2.1995907817866427,-0.09990586358435599,-0.015398822691062231
3873.0,154.92000000000002,1.0,25.364654271885094,-18.2932960681814,25.364654271885094,-18.2932960681814,2.203731986339767,-0.09244308948330184,-0.013053814557074165
3874.0,154.96,1.0,25.274690337646266,-18.412035680689208,25.274690337646266,-18.412035680689208,2.2079801969641615,-0.08512430580005129,-0.010522275465152739
3875.0,155.0,1.0,25.184201804142116,-18.531587524481115,25.184201804142116,-18.531587524481115,2.21233247096232,-0.07806675592357513,-0.007927203538381899
3876.0,155.04,1.0,25.093328132508375,-18.650305754299325,25.093328132508375,-18.650305754299325,2.216782670889484,-0.07137750156782843,-0.005390181423614444
3877.0,155.08,1.0,25.00269834495409,-18.769364716358645,25.00269834495409,-18.769364716358645,2.221323064926365,-0.06514402202357632,-0.0030277306021747477
3878.0,155.12,1.0,24.910571606384785,-18.88671616801807,24.910571606384785,-18.88671616801807,2.225943952358305,-0.05943091599121362,-0.0009468471205491601
3879.0,155.16,1.0,24.81907400782957,-19.004605558124034,24.81907400782957,-19.004605558124034,2.2306351267062428,-0.054284955155243675,0.0007592013402610709
3880.0,155.20000000000002,1.0,24.72659722884012,-19.12246913239484,24.72659722884012,-19.12246913239484,2.2353875771415157,-0.04973654661260417,0.002014489812545896
3881.0,155.24,1.0,24.63444092317447,-19.239335010370844,24.63444092317447,-19.239335010370844,2.2401927336344807,-0.04579833722249643,0.002761861934725607
3882.0,155.28,1.0,24.541959599148093,-19.35601715157077,24.541959599148093,-19.35601715157077,2.2450441159951677,-0.04246236145186459,0.002964888464545091
3883.0,155.32,1.0,24.44907143468682,-19.47333925366233,24.44907143468682,-19.47333925366233,2.2499368156679087,-0.03970274526439403,0.0026087401508006385
3884.0,155.36,1.0,24.356325450007127,-19.58962905724935,24.356325450007127,-19.58962905724935,2.2548665799265457,-0.037486268220449016,0.0017011073460509313
3885.0,155.4,1.0,24.26197367332365,-19.7062593077286,24.26197367332365,-19.7062593077286,2.25983001366695,-0.0357734509964765,0.00027099226889273247
3886.0,155.44,1.0,24.168035194302867,-19.822705817116294,24.168035194302867,-19.822705817116294,2.264823551220902,-0.03452202697979223,-0.0016327707744765365
3887.0,155.48,1.0,24.07422567631713,-19.938444649349393,24.07422567631713,-19.938444649349393,2.2698452624681145,-0.0336785645224168,-0.003943595388754227
3888.0,155.52,1.0,23.979429027822533,-20.05439234128376,23.979429027822533,-20.05439234128376,2.2748939891395787,-0.03319101592924695,-0.006578960229373413
3889.0,155.56,1.0,23.88345351407799,-20.169071850001288,23.88345351407799,-20.169071850001288,2.2799702013792427,-0.033016596974590494,-0.009443806793412132
3890.0,155.6,1.0,23.786607573781232,-20.283519300560425,23.786607573781232,-20.283519300560425,2.28507452064017,-0.03311861619903393,-0.012434324153527656
3891.0,155.64000000000001,1.0,23.69045438832791,-20.398059260643844,23.69045438832791,-20.398059260643844,2.290207613215199,-0.03346288580668697,-0.015441640742873802
3892.0,155.68,1.0,23.593061461828693,-20.513431829289566,23.593061461828693,-20.513431829289566,2.295370712685309,-0.0340220419731744,-0.01835435260462542
3893.0,155.72,1.0,23.495261539889363,-20.62844249435625,23.495261539889363,-20.62844249435625,2.3005637423983667,-0.03478304531811074,-0.02106231110382744
3894.0,155.76,1.0,23.39664177003935,-20.742977284554904,23.39664177003935,-20.742977284554904,2.305785038605001,-0.03574484018244388,-0.02346003164847659
3895.0,155.8,1.0,23.29771864443815,-20.855606353135013,23.29771864443815,-20.855606353135013,2.311031764094275,-0.036910725623600246,-0.02545078472536701
3896.0,155.84,1.0,23.196369384955922,-20.96775786127181,23.196369384955922,-20.96775786127181,2.3162998560360046,-0.038285506108057844,-0.026948956756821556
3897.0,155.88,1.0,23.09485413358858,-21.079691569755518,23.09485413358858,-21.079691569755518,2.3215852203056087,-0.039877872691439754,-0.02788286840397013
3898.0,155.92000000000002,1.0,22.992540250529178,-21.191166948284916,22.992540250529178,-21.191166948284916,2.3268827548895734,-0.041704421363129254,-0.028196224169351407
3899.0,155.96,1.0,22.88953321672729,-21.30158570960237,22.88953321672729,-21.30158570960237,2.3321865052594264,-0.043782238171463025,-0.027850426837451547
3900.0,156.0,1.0,22.784999245008603,-21.41063402841885,22.784999245008603,-21.41063402841885,2.337489819851053,-0.04611771087145361,-0.026825475009662102
3901.0,156.04,1.0,22.67954056205542,-21.521118628022098,22.67954056205542,-21.521118628022098,2.3427861426586256,-0.04870655444221289,-0.025120600618658784
3902.0,156.08,1.0,22.57377559550273,-21.630053849911228,22.57377559550273,-21.630053849911228,2.3480689513701902,-0.05154404165548715,-0.022754090865416583
3903.0,156.12,1.0,22.464934106709432,-21.736964211470532,22.464934106709432,-21.736964211470532,2.353330271382197,-0.054616629771845324,-0.019763752294490514
3904.0,156.16,1.0,22.356321559196353,-21.843081315146545,22.356321559196353,-21.843081315146545,2.358562859777023,-0.05789140901185528,-0.016205946459488925
3905.0,156.20000000000002,1.0,22.246966207954756,-21.947457498729467,22.246966207954756,-21.947457498729467,2.363760101313559,-0.06131986691704461,-0.012154096202367683
3906.0,156.24,1.0,22.13622035718756,-22.052712464516077,22.13622035718756,-22.052712464516077,2.368917207531223,-0.06484401001820296,-0.007696418122170393
3907.0,156.28,1.0,22.025715452070905,-22.15752111147501,22.025715452070905,-22.15752111147501,2.3740315930205904,-0.06840209618043876,-0.0029341094453632184
3908.0,156.32,1.0,21.914653640860628,-22.26077507554058,21.914653640860628,-22.26077507554058,2.3791014314772756,-0.0719217217988605,0.0020213197423285317
3909.0,156.36,1.0,21.802935985518403,-22.36386306929179,21.802935985518403,-22.36386306929179,2.384126796694692,-0.0753210426662012,0.007050231797059089
3910.0,156.4,1.0,21.68913021977567,-22.465904310982772,21.68913021977567,-22.465904310982772,2.3891089698844805,-0.0785127476146328,0.012028715771642667
3911.0,156.44,1.0,21.57513461538423,-22.56793228334449,21.57513461538423,-22.56793228334449,2.394050159200181,-0.08141948977782774,0.016832173578260216
3912.0,156.48,1.0,21.459854971314336,-22.66839872697107,21.459854971314336,-22.66839872697107,2.398951419380103,-0.08397457332509266,0.021339210315934033
3913.0,156.52,1.0,21.344709753717098,-22.76962142256548,21.344709753717098,-22.76962142256548,2.4038129864116122,-0.08611293890276574,0.025434273695515014
3914.0,156.56,1.0,21.22701517677502,-22.869881968295232,21.22701517677502,-22.869881968295232,2.408635658576038,-0.08777587243299306,0.029011589338699795
3915.0,156.6,1.0,21.108408522416955,-22.971050946748456,21.108408522416955,-22.971050946748456,2.413419409719661,-0.08892550125288251,0.0319783902448394
3916.0,156.64000000000001,1.0,20.988521823767066,-23.07315645130491,20.988521823767066,-23.07315645130491,2.4181641804489695,-0.0895419062050262,0.03425813864818198
3917.0,156.68,1.0,20.868407133721554,-23.17493504875018,20.868407133721554,-23.17493504875018,2.4228679159939515,-0.08961822786883154,0.03579285698419318
3918.0,156.72,1.0,20.747637207824273,-23.276408206577585,20.747637207824273,-23.276408206577585,2.4275259056355187,-0.08915770036167733,0.03654548320055686
3919.0,156.76,1.0,20.627189806170648,-23.379449198465387,20.627189806170648,-23.379449198465387,2.432131996282838,-0.08818252383468667,0.0365013252561198
3920.0,156.8,1.0,20.506930152999814,-23.482350171922874,20.506930152999814,-23.482350171922874,2.436677549189086,-0.08673274270309975,0.03566941183430602
3921.0,156.84,1.0,20.3859156583662,-23.58513654757025,20.3859156583662,-23.58513654757025,2.441153077081808,-0.08486484043302137,0.034082185871746586
3922.0,156.88,1.0,20.2639072913936,-23.686785352792583,20.2639072913936,-23.686785352792583,2.4455479514850773,-0.08263507493256081,0.03179416529115016
3923.0,156.92000000000002,1.0,20.141296103673973,-23.79080712200237,20.141296103673973,-23.79080712200237,2.4498537557832214,-0.08010022813946066,0.028880120181823916
3924.0,156.96,1.0,20.018912208588226,-23.8948509655117,20.018912208588226,-23.8948509655117,2.4540642402743975,-0.07732367176640166,0.025433793169707203
3925.0,157.0,1.0,19.895018052251782,-24.000141809685164,19.895018052251782,-24.000141809685164,2.458175633383274,-0.07437262544241748,0.02156471023239963
3926.0,157.04,1.0,19.77227308585424,-24.103575703047415,19.77227308585424,-24.103575703047415,2.4621872080214158,-0.07130370325941507,0.017394391130636334
3927.0,157.08,1.0,19.647432982054614,-24.206422011061754,19.647432982054614,-24.206422011061754,2.4661005680623296,-0.06816097630852481,0.013051621544656
3928.0,157.12,1.0,19.52240230926938,-24.309637735520877,19.52240230926938,-24.309637735520877,2.469921262441516,-0.06498062303404943,0.008668432999824314
3929.0,157.16,1.0,19.3978441009689,-24.412711787863962,19.3978441009689,-24.412711787863962,2.4736593181528246,-0.061789125964641645,0.004375316100983203
3930.0,157.20000000000002,1.0,19.274766556565854,-24.51416362649878,19.274766556565854,-24.51416362649878,2.477328167160664,-0.058595838386022434,0.00029668564361979877
3931.0,157.24,1.0,19.14917591283112,-24.615268364530262,19.14917591283112,-24.615268364530262,2.4809451027714284,-0.055389818833805685,-0.0034543574012396187
3932.0,157.28,1.0,19.023340997212625,-24.715808605778648,19.023340997212625,-24.715808605778648,2.484530145160882,-0.05213914769682373,-0.006780220473743552
3933.0,157.32,1.0,18.894986788790938,-24.81544865918199,18.894986788790938,-24.81544865918199,2.488106507137662,-0.04880265896524251,-0.009601795823343518
3934.0,157.36,1.0,18.767492250410253,-24.915275496780364,18.767492250410253,-24.915275496780364,2.491698262464705,-0.04532892663886588,-0.011861045728301055
3935.0,157.4,1.0,18.6390109342146,-25.014452689554076,18.6390109342146,-25.014452689554076,2.495329506978485,-0.041652539269482106,-0.013523809728158347
3936.0,157.44,1.0,18.510163214876115,-25.11188753687717,18.510163214876115,-25.11188753687717,2.4990229105186312,-0.037697166782741376,-0.014580959465265006
3937.0,157.48,1.0,18.379660339829705,-25.208582556287226,18.379660339829705,-25.208582556287226,2.5027988639725196,-0.033389588175632604,-0.015048139891817008
3938.0,157.52,1.0,18.247153172343637,-25.304787064420566,18.247153172343637,-25.304787064420566,2.506675891435742,-0.028664801315407395,-0.014964369579603457
3939.0,157.56,1.0,18.113216348364016,-25.399826861920786,18.113216348364016,-25.399826861920786,2.510669234468774,-0.023460974272841495,-0.014390597923260456
3940.0,157.6,1.0,17.978673182021158,-25.494931844303686,17.978673182021158,-25.494931844303686,2.514790451006566,-0.017727232937912417,-0.013407004731772563
3941.0,157.64000000000001,1.0,17.844050179610097,-25.589200162786177,17.844050179610097,-25.589200162786177,2.5190477833793445,-0.011425303230247163,-0.01210953596968122
3942.0,157.68,1.0,17.707998126416207,-25.684319862200947,17.707998126416207,-25.684319862200947,2.5234462943756077,-0.004540464024723923,-0.010604950107898059
3943.0,157.72,1.0,17.572986446672054,-25.778488143556036,17.572986446672054,-25.778488143556036,2.5279876805955146,0.0029212859112438096,-0.009006095989658782
3944.0,157.76,1.0,17.4361124783654,-25.87168926184462,17.4361124783654,-25.87168926184462,2.532669686461364,0.010934228901024533,-0.007427352547007901
3945.0,157.8,1.0,17.30243647208693,-25.963674316346292,17.30243647208693,-25.963674316346292,2.537486384377024,0.01945197809802901,-0.005980111302028335
3946.0,157.84,1.0,17.16597354184055,-26.05641101046038,17.16597354184055,-26.05641101046038,2.542428955347842,0.02840162973466718,-0.004767341509780773
3947.0,157.88,1.0,17.031476531250355,-26.14825702845174,17.031476531250355,-26.14825702845174,2.5474864897005287,0.03768576391903248,-0.0038790134562173796
3948.0,157.92000000000002,1.0,16.894868620070284,-26.240350848381723,16.894868620070284,-26.240350848381723,2.552647379442529,0.04719241525317548,-0.0033886045228674055
3949.0,157.96,1.0,16.757162284307686,-26.33152836205009,16.757162284307686,-26.33152836205009,2.5578989016189317,0.05679876391168067,-0.0033503950472455095
3950.0,158.0,1.0,16.61828652493092,-26.42374750529863,16.61828652493092,-26.42374750529863,2.5632289968831214,0.06636780931038708,-0.003797008340775415
3951.0,158.04,1.0,16.480320759255406,-26.514512279220025,16.480320759255406,-26.514512279220025,2.568626448633201,0.07575780548164704,-0.004737900385014669
3952.0,158.08,1.0,16.342939050959476,-26.6047701499935,16.342939050959476,-26.6047701499935,2.5740815429224853,0.08482540079699229,-0.006158801269185426
3953.0,158.12,1.0,16.205865593813026,-26.69489892533524,16.205865593813026,-26.69489892533524,2.579585264658963,0.09343584761863304,-0.00802273189006478
3954.0,158.16,1.0,16.06825376413459,-26.783285108736795,16.06825376413459,-26.783285108736795,2.5851294896711714,0.1014593997695705,-0.010271392761820361
3955.0,158.20000000000002,1.0,15.930724426957038,-26.87111998624394,15.930724426957038,-26.87111998624394,2.590707755119485,0.10877808352596077,-0.01282733341165069
3956.0,158.24,1.0,15.794740066329132,-26.95767758031069,15.794740066329132,-26.95767758031069,2.59631572542138,0.11528736022518653,-0.015596705809940428
3957.0,158.28,1.0,15.657853502453122,-27.043790589221924,15.657853502453122,-27.043790589221924,2.6019510921286644,0.12090944615065853,-0.018473336500743
3958.0,158.32,1.0,15.521886656518822,-27.1292728811414,15.521886656518822,-27.1292728811414,2.607613233584233,0.12558943196985964,-0.021342810145144206
3959.0,158.36,1.0,15.386219244490173,-27.21339114481487,15.386219244490173,-27.21339114481487,2.613302124358589,0.12929589500985644,-0.02408659367375229
3960.0,158.4,1.0,15.250609676173877,-27.296252962015267,15.250609676173877,-27.296252962015267,2.619018178742686,0.13202097318600622,-0.026585964700117693
3961.0,158.44,1.0,15.115984446120757,-27.377594728195476,15.115984446120757,-27.377594728195476,2.6247609185972722,0.1337833330213237,-0.028726360245784142
3962.0,158.48,1.0,14.981894881396396,-27.456586913207797,14.981894881396396,-27.456586913207797,2.6305284437191796,0.134624245542493,-0.03040128170391846
3963.0,158.52,1.0,14.848497089056625,-27.533690412352634,14.848497089056625,-27.533690412352634,2.6363167652004402,0.13460022953484638,-0.03151618046856065
3964.0,158.56,1.0,14.714888025499855,-27.6088335617847,14.714888025499855,-27.6088335617847,2.6421202891341222,0.13378322721736474,-0.03199132234997283
3965.0,158.6,1.0,14.580067877695797,-27.682527629643214,14.580067877695797,-27.682527629643214,2.6479326534172953,0.1322597844731913,-0.031764388573955714
3966.0,158.64000000000001,1.0,14.445522218584674,-27.75382332391701,14.445522218584674,-27.75382332391701,2.6537456042813643,0.1301266710787133,-0.030792524273515687
3967.0,158.68,1.0,14.310108863451344,-27.824999995158358,14.310108863451344,-27.824999995158358,2.6595492931114766,0.12748399550182624,-0.029053742467628912
3968.0,158.72,1.0,14.174964254003418,-27.893672601429557,14.174964254003418,-27.893672601429557,2.6653317173351825,0.12442523240723062,-0.026547404773111443
3969.0,158.76,1.0,14.039859242073225,-27.962026872619795,14.039859242073225,-27.962026872619795,2.6710795220755292,0.12103957439577048,-0.023294412659392312
3970.0,158.8,1.0,13.903779003720771,-28.028647873178095,13.903779003720771,-28.028647873178095,2.6767781742357557,0.11741105458465806,-0.01933668841028711
3971.0,158.84,1.0,13.76729083723039,-28.095421558081267,13.76729083723039,-28.095421558081267,2.6824132132665683,0.113612363623939,-0.014736231612824457
3972.0,158.88,1.0,13.629530680315387,-28.160019849112935,13.629530680315387,-28.160019849112935,2.687970097956444,0.10970066159599216,-0.009573581207449855
3973.0,158.92000000000002,1.0,13.492744302397977,-28.223642235902382,13.492744302397977,-28.223642235902382,2.6934360634272925,0.10571841952739303,-0.0039461718316619815
3974.0,158.96,1.0,13.356335236600952,-28.285986505201414,13.356335236600952,-28.285986505201414,2.6988000920021347,0.10169646783629704,0.002034175117699909
3975.0,159.0,1.0,13.21985118823909,-28.3474169564073,13.21985118823909,-28.3474169564073,2.7040540667802557,0.09764955085074667,0.008243827116562902
3976.0,159.04,1.0,13.08259056524798,-28.407098556883863,13.08259056524798,-28.407098556883863,2.7091914183947394,0.09357972054167689,0.014550123810267535
3977.0,159.08,1.0,12.946761191536831,-28.465500642350907,12.946761191536831,-28.465500642350907,2.714208748956753,0.08947607962722294,0.020814382845596106
3978.0,159.12,1.0,12.810387275207585,-28.52231827787938,12.810387275207585,-28.52231827787938,2.71910471711555,0.08532716987525346,0.026895130499299025
3979.0,159.16,1.0,12.674433395770349,-28.577509421424544,12.674433395770349,-28.577509421424544,2.7238812545104976,0.08111963741345837,0.03265129184757591
3980.0,159.20000000000002,1.0,12.538036523737082,-28.632325689791276,12.538036523737082,-28.632325689791276,2.7285429437464526,0.07684317238964058,0.037945682674809515
3981.0,159.24,1.0,12.401115801944051,-28.68560951240159,12.401115801944051,-28.68560951240159,2.733097253879809,0.0724818672251519,0.04264855876205632
3982.0,159.28,1.0,12.26448163019005,-28.7391573533989,12.26448163019005,-28.7391573533989,2.737553041850637,0.06802972861353532,0.046640622443461045
3983.0,159.32,1.0,12.127553874776213,-28.792481140278433,12.127553874776213,-28.792481140278433,2.7419214182516796,0.06349231055496256,0.04981642517860714
3984.0,159.36,1.0,11.992168564328889,-28.846438476834088,11.992168564328889,-28.846438476834088,2.746213654895905,0.05888710204345284,0.05208757472033537
3985.0,159.4,1.0,11.855689958454203,-28.90045885268728,11.855689958454203,-28.90045885268728,2.7504410105563357,0.054241099353020815,0.053385486738394064
3986.0,159.44,1.0,11.720595671741975,-28.953819006278287,11.720595671741975,-28.953819006278287,2.7546128953216136,0.04959763257652604,0.053663516023689586
3987.0,159.48,1.0,11.584906960781595,-29.006203390062048,11.584906960781595,-29.006203390062048,2.7587375030186276,0.04501220439565592,0.05289924807217228
3988.0,159.52,1.0,11.450780005924242,-29.058768890621923,11.450780005924242,-29.058768890621923,2.762820461274275,0.04055298970247627,0.05109619473716679
3989.0,159.56,1.0,11.315874322092268,-29.111771882992635,11.315874322092268,-29.111771882992635,2.7668660160170138,0.03629336062369811,0.04828484243767682
3990.0,159.6,1.0,11.182276326632268,-29.16498191402393,11.182276326632268,-29.16498191402393,2.7708760763197695,0.03231285289393715,0.04452292016351583
3991.0,159.64000000000001,1.0,11.046910807106446,-29.217419302625586,11.046910807106446,-29.217419302625586,2.7748497575348696,0.028691886120731768,0.03989489839187659
3992.0,159.68,1.0,10.91287928874841,-29.270856611099408,10.91287928874841,-29.270856611099408,2.778784100142277,0.025519395771979026,0.034510246111711315
3993.0,159.72,1.0,10.778277887257454,-29.32354200781064,10.778277887257454,-29.32354200781064,2.7826742411899126,0.02287334919652866,0.028501749184179626
3994.0,159.76,1.0,10.645047810400825,-29.376165778687287,10.645047810400825,-29.376165778687287,2.7865137726205083,0.020820917808812633,0.022022403811720548
3995.0,159.8,1.0,10.511161627029534,-29.42812702934027,10.511161627029534,-29.42812702934027,2.790295087665698,0.019414811001378908,0.015241685127698043
3996.0,159.84,1.0,10.378125188640816,-29.481243176438618,10.378125188640816,-29.481243176438618,2.7940113261792296,0.018700341676951792,0.008340852280428876
3997.0,159.88,1.0,10.2425219355621,-29.533985010602283,10.2425219355621,-29.533985010602283,2.797657410842242,0.018699358814342548,0.0015083527783433322
3998.0,159.92000000000002,1.0,10.10748531476779,-29.587020602115132,10.10748531476779,-29.587020602115132,2.801231279814335,0.019415002659228707,-0.005066274925855271
3999.0,159.96,1.0,9.971040050173318,-29.640328326715142,9.971040050173318,-29.640328326715142,2.804734170612247,0.020831968052886653,-0.011198281623876113
4000.0,160.0,1.0,9.836334087535105,-29.692948762091653,9.836334087535105,-29.692948762091653,2.8081701466658124,0.022916128191770746,-0.016713971022970973
4001.0,160.04,1.0,9.698759564572184,-29.74483715888393,9.698759564572184,-29.74483715888393,2.81154588321611,0.02561878555828545,-0.02145650746441027
4002.0,160.08,1.0,9.561572532034642,-29.79567777508534,9.561572532034642,-29.79567777508534,2.8148717828901466,0.028873941167704986,-0.025291659217225433
4003.0,160.12,1.0,9.424339093022411,-29.84516588438327,9.424339093022411,-29.84516588438327,2.818160507434787,0.03259725308168693,-0.028112309890776416
4004.0,160.16,1.0,9.286232505907874,-29.893562896072233,9.286232505907874,-29.893562896072233,2.8214281719879772,0.036695023537847524,-0.029843012300311507
4005.0,160.20000000000002,1.0,9.148422182019553,-29.939859806817765,9.148422182019553,-29.939859806817765,2.8246927423647517,0.04107027866401243,-0.03044335301120099
4006.0,160.24,1.0,9.009618545849067,-29.985030949918343,9.009618545849067,-29.985030949918343,2.827974975709446,0.04562181422940174,-0.029910098985454502
4007.0,160.28,1.0,8.871154370429483,-30.029074013603264,8.871154370429483,-30.029074013603264,2.8312954331978046,0.05024129374909224,-0.028277597759787727
4008.0,160.32,1.0,8.731809829413592,-30.072288268301897,8.731809829413592,-30.072288268301897,2.8346738114124053,0.05483122468397561,-0.025617681435545648
4009.0,160.36,1.0,8.594165662893966,-30.1126005372867,8.594165662893966,-30.1126005372867,2.8381264124448506,0.059301499453288296,-0.022037290025704277
4010.0,160.4,1.0,8.455246771154316,-30.15152478683737,8.455246771154316,-30.15152478683737,2.841665976117956,0.06356809006812877,-0.017675441930232134
4011.0,160.44,1.0,8.317842652977026,-30.189317816583422,8.317842652977026,-30.189317816583422,2.845301577562471,0.06755418047055196,-0.012698534108243958
4012.0,160.48,1.0,8.180641661101603,-30.22568086118931,8.180641661101603,-30.22568086118931,2.8490390119051154,0.07119022224062421,-0.007294821730121035
4013.0,160.52,1.0,8.042580159629866,-30.261923399402328,8.042580159629866,-30.261923399402328,2.852880647591534,0.07442114903597155,-0.001667548051047063
4014.0,160.56,1.0,7.90374065163094,-30.297801703657477,7.90374065163094,-30.297801703657477,2.856825402298007,0.0772075720930479,0.003971802095893147
4015.0,160.6,1.0,7.7656411285367195,-30.334567236253882,7.7656411285367195,-30.334567236253882,2.8608680880754376,0.07952871842755543,0.009411295854701632
4016.0,160.64000000000001,1.0,7.62757146812761,-30.370183696184245,7.62757146812761,-30.370183696184245,2.8649998090554063,0.08136992576426058,0.01444663282598031
4017.0,160.68,1.0,7.490994246607244,-30.406099694404666,7.490994246607244,-30.406099694404666,2.8692074979253093,0.08273289188263404,0.01888865580396289
4018.0,160.72,1.0,7.354933730972549,-30.441154601140767,7.354933730972549,-30.441154601140767,2.8734752605240423,0.08363077599724326,0.022569831937224966
4019.0,160.76,1.0,7.22039310121383,-30.47592165645719,7.22039310121383,-30.47592165645719,2.877785225067737,0.08408213192634352,0.025350655804446547
4020.0,160.8,1.0,7.084008436896428,-30.5102603631256,7.084008436896428,-30.5102603631256,2.8821192567209915,0.08410908791427292,0.02712462243257166
4021.0,160.84,1.0,6.9502065182003605,-30.544676530992366,6.9502065182003605,-30.544676530992366,2.8864602426457897,0.08374223593495124,0.027822291072969196
4022.0,160.88,1.0,6.815915719401927,-30.579027082443297,6.815915719401927,-30.579027082443297,2.890792624893635,0.0830182670369935,0.02741371201398573
4023.0,160.92000000000002,1.0,6.682439159117719,-30.613976444125633,6.682439159117719,-30.613976444125633,2.8951026793692796,0.08197701934933574,0.025909563462606772
4024.0,160.96,1.0,6.548316781230885,-30.64833713687732,6.548316781230885,-30.64833713687732,2.8993774482009886,0.0806581569677171,0.023360145893055143
4025.0,161.0,1.0,6.41485407113029,-30.683739176335006,6.41485407113029,-30.683739176335006,2.9036067744660685,0.07909930674430353,0.01985368602217582
4026.0,161.04,1.0,6.281677836566006,-30.71871155030239,6.281677836566006,-30.71871155030239,2.9077823988887093,0.07733514123286225,0.01551264545514107
4027.0,161.08,1.0,6.148336351002847,-30.752450434901057,6.148336351002847,-30.752450434901057,2.9118996341301955,0.07540624907791718,0.01048849231439555
4028.0,161.12,1.0,6.015192590550631,-30.78616810747501,6.015192590550631,-30.78616810747501,2.9159574152272736,0.07334915161373541,0.004955838146184813
4029.0,161.16,1.0,5.882424325660901,-30.8198139431168,5.882424325660901,-30.8198139431168,2.91995933445949,0.07120025214067013,-0.000893789810634573
4030.0,161.20000000000002,1.0,5.751170274809038,-30.853756971022893,5.751170274809038,-30.853756971022893,2.923913065465102,0.06899311612981258,-0.0068593605516597085
4031.0,161.24,1.0,5.620501548351706,-30.887231475296062,5.620501548351706,-30.887231475296062,2.92783042814031,0.06676327499260212,-0.012737988953661957
4032.0,161.28,1.0,5.489567961626515,-30.92154370448306,5.489567961626515,-30.92154370448306,2.931725954700135,0.06454299794210569,-0.018332410730941287
4033.0,161.32,1.0,5.358760023913755,-30.95329828291611,5.358760023913755,-30.95329828291611,2.9356152973561356,0.06236648215469052,-0.023458115304201308
4034.0,161.36,1.0,5.226951808369122,-30.98469671301359,5.226951808369122,-30.98469671301359,2.939515395036852,0.06026769418099541,-0.02795020783837211
4035.0,161.4,1.0,5.094818038737877,-31.01377630058844,5.094818038737877,-31.01377630058844,2.94344477358755,0.05827828559534837,-0.03166858028925114
4036.0,161.44,1.0,4.963211700046777,-31.042493235488013,4.963211700046777,-31.042493235488013,2.947421394612597,0.05642758143561929,-0.03450291311887837
4037.0,161.48,1.0,4.832140193915603,-31.069250183465822,4.832140193915603,-31.069250183465822,2.9514637289539554,0.054739603553440874,-0.036375921786048426
4038.0,161.52,1.0,4.701586996794473,-31.0952867620694,4.701586996794473,-31.0952867620694,2.9555890914491565,0.05322963547344679,-0.03724539224488399
4039.0,161.56,1.0,4.570193472457837,-31.11962249136216,4.570193472457837,-31.11962249136216,2.9598132413539355,0.051906537204358116,-0.037104874516284955
4040.0,161.6,1.0,4.438791645351275,-31.142849600093466,4.438791645351275,-31.142849600093466,2.964148432626961,0.05077344892476508,-0.03598351453623398
4041.0,161.64000000000001,1.0,4.3072217921896385,-31.16493598808689,4.3072217921896385,-31.16493598808689,2.9686033204994744,0.04982637367174664,-0.03394368755374301
4042.0,161.68,1.0,4.1750403699080465,-31.185590997954574,4.1750403699080465,-31.185590997954574,2.973181481438568,0.04905396877462572,-0.031077669176249524
4043.0,161.72,1.0,4.042711941918105,-31.204540220630957,4.042711941918105,-31.204540220630957,2.9778818036447072,0.04843561989894043,-0.027503823215911754
4044.0,161.76,1.0,3.9109823270142208,-31.22327506688516,3.9109823270142208,-31.22327506688516,2.982700263753446,0.0479385894881096,-0.02336166758886607
4045.0,161.8,1.0,3.778725848152704,-31.24096667856289,3.778725848152704,-31.24096667856289,2.9876287499297356,0.047520176894778596,-0.018805860377910343
4046.0,161.84,1.0,3.6480968036691337,-31.258274792450987,3.6480968036691337,-31.258274792450987,2.9926565755394368,0.04713035880256781,-0.014000760868801223
4047.0,161.88,1.0,3.516287238862944,-31.27630554182391,3.516287238862944,-31.27630554182391,2.9977710814921443,0.04671059555994802,-0.009114032232764403
4048.0,161.92000000000002,1.0,3.385015823335069,-31.293341359057287,3.385015823335069,-31.293341359057287,3.002957717200904,0.0461954262963869,-0.004310648891941022
4049.0,161.96,1.0,3.252695065238464,-31.309630847883124,3.252695065238464,-31.309630847883124,3.00819993679402,0.04551598054324646,0.00025326884978701323
4050.0,162.0,1.0,3.1209213587289137,-31.32658505708907,3.1209213587289137,-31.32658505708907,3.0134802794201736,0.044604413306633804,0.004435435579201537
4051.0,162.04,1.0,2.9882917876313764,-31.34211642641543,2.9882917876313764,-31.34211642641543,3.0187814011199494,0.0433927708538433,0.008112557920924541
4052.0,162.08,1.0,2.8561392912450105,-31.355255372054966,2.8561392912450105,-31.355255372054966,3.024086145560391,0.041818750021237305,0.011183388982643214
4053.0,162.12,1.0,2.726245767564447,-31.36962744274454,2.726245767564447,-31.36962744274454,3.029379722000925,0.03982302899576812,0.013571629924590278
4054.0,162.16,1.0,2.597223783727233,-31.38265183260092,2.597223783727233,-31.38265183260092,3.034649450318498,0.03735688209226103,0.015228246751509555
4055.0,162.20000000000002,1.0,2.468867325900834,-31.395165268546453,2.468867325900834,-31.395165268546453,3.039884316694922,0.034382308637140015,0.016132265047013414
4056.0,162.24,1.0,2.340157132685239,-31.40801580930372,2.340157132685239,-31.40801580930372,3.0450762197186005,0.030877055581649417,0.0162899405535649
4057.0,162.28,1.0,2.210713693154509,-31.420361170267274,2.210713693154509,-31.420361170267274,3.0502181516452405,0.026834140645320293,0.015734059086134924
4058.0,162.32,1.0,2.080624216586794,-31.432585771000703,2.080624216586794,-31.432585771000703,3.055304793385005,0.022267724250796473,0.014522046705313785
4059.0,162.36,1.0,1.9505222941191012,-31.443952230959383,1.9505222941191012,-31.443952230959383,3.0603321845730838,0.017209419398686553,0.012732966222939701
4060.0,162.4,1.0,1.8211489326696,-31.455754727640123,1.8211489326696,-31.455754727640123,3.065299205070414,0.011708104519889873,0.010463590898976579
4061.0,162.44,1.0,1.6924791681026907,-31.46697403521754,1.6924791681026907,-31.46697403521754,3.070205648079426,0.005825756997457776,0.007824843637670355
4062.0,162.48,1.0,1.5645014254455996,-31.47860901973658,1.5645014254455996,-31.47860901973658,3.0750530524698503,-0.0003624819002626012,0.004936904330516733
4063.0,162.52,1.0,1.4361126173590022,-31.48927192808216,1.4361126173590022,-31.48927192808216,3.079845154847221,-0.006770584786144807,0.001925278090127686
4064.0,162.56,1.0,1.3078268964730193,-31.498903824532572,1.3078268964730193,-31.498903824532572,3.084586253441033,-0.013301556849695306,-0.0010841436073662648
4065.0,162.6,1.0,1.1795389011353907,-31.507669602890076,1.1795389011353907,-31.507669602890076,3.089282008443775,-0.019853672221313935,-0.003969552734143914
4066.0,162.64000000000001,1.0,1.0502957635432606,-31.516302525892804,1.0502957635432606,-31.516302525892804,3.093939015798576,-0.02632194892922557,-0.006617189351972613
4067.0,162.68,1.0,0.9216144196225224,-31.52350441634146,0.9216144196225224,-31.52350441634146,3.0985640461235815,-0.03260649681322736,-0.008924150667501348
4068.0,162.72,1.0,0.7931038178899249,-31.52972778386681,0.7931038178899249,-31.52972778386681,3.1031644664339506,-0.0386144677936797,-0.010801999644662788
4069.0,162.76,1.0,0.6643704853000723,-31.53567351444309,0.6643704853000723,-31.53567351444309,3.1077476933597152,-0.0442682981897181,-0.012179686655850109
4070.0,162.8,1.0,0.5359581147352851,-31.539648011377096,0.5359581147352851,-31.539648011377096,3.1123205548992576,-0.04949959878308315,-0.013004880039476011
4071.0,162.84,1.0,0.40676820094501365,-31.54322841320667,0.40676820094501365,-31.54322841320667,3.116887626017462,-0.05425542687961271,-0.013244884943737397
4072.0,162.88,1.0,0.27742227002473635,-31.546755666901635,0.27742227002473635,-31.546755666901635,3.12145310628573,-0.05850142599066029,-0.012887468614695374
4073.0,162.92000000000002,1.0,0.14573369275377598,-31.547975632753975,0.14573369275377598,-31.547975632753975,3.126018854468872,-0.06222304406153939,-0.011940472439188742
4074.0,162.96,1.0,0.013798988843651272,-31.548914155566102,0.013798988843651272,-31.548914155566102,3.130584424849178,-0.06542503887601428,-0.01043109709481543
4075.0,163.0,1.0,-0.11953169749010924,-31.54881395060422,-0.11953169749010924,-31.54881395060422,3.1351477696847057,-0.06813122892694687,-0.008404100297411917
4076.0,163.04,1.0,-0.25371561182055874,-31.547208189777745,-0.25371561182055874,-31.547208189777745,3.139704880204977,-0.07038281037260027,-0.005920016768988494
4077.0,163.08,1.0,-0.3876392512207237,-31.54516527382965,-0.3876392512207237,-31.54516527382965,3.1442498534135916,-0.07223461002225265,-0.00305296895072428
4078.0,163.12,1.0,-0.5211984274482094,-31.542685300160343,-0.5211984274482094,-31.542685300160343,3.148775644844871,-0.07375002846472334,0.00011135518548175995
4079.0,163.16,1.0,-0.6550853204340016,-31.53973289572283,-0.6550853204340016,-31.53973289572283,3.1532742808570995,-0.07499610295850316,0.0034791429161050284
4080.0,163.20000000000002,1.0,-0.7892896840852359,-31.535667166774125,-0.7892896840852359,-31.535667166774125,3.157737439176139,-0.0760396291022253,0.006951405245261973
4081.0,163.24,1.0,-0.9240647674799736,-31.53075166328916,-0.9240647674799736,-31.53075166328916,3.1621577828379306,-0.07695097590531802,0.01042618650695985
4082.0,163.28,1.0,-1.0592631427015171,-31.52525929668077,-1.0592631427015171,-31.52525929668077,3.1665300840029875,-0.07779626303033574,0.013801271364307014
4083.0,163.32,1.0,-1.1945628400521424,-31.520038556312436,-1.1945628400521424,-31.520038556312436,3.170850424016016,-0.07862825652069227,0.016977320131408766
4084.0,163.36,1.0,-1.3302369991390275,-31.514453888137258,-1.3302369991390275,-31.514453888137258,3.1751181509721604,-0.07948203412810925,0.019860524794892354
4085.0,163.4,1.0,-1.4657422616902918,-31.508424053928213,-1.4657422616902918,-31.508424053928213,3.1793350727945424,-0.08037736338977616,0.02236451351678666
4086.0,163.44,1.0,-1.600863737305237,-31.50188163389882,-1.600863737305237,-31.50188163389882,3.1835049866892136,-0.08131632243191396,0.02441228015182193
4087.0,163.48,1.0,-1.735286312419818,-31.494873569513537,-1.735286312419818,-31.494873569513537,3.1876336793835596,-0.08228068487035492,0.025937862067264266
4088.0,163.52,1.0,-1.870119636502825,-31.487407052604233,-1.870119636502825,-31.487407052604233,3.1917291198555002,-0.08323491610545806,0.026887946107719628
4089.0,163.56,1.0,-2.0059201528114303,-31.47826691026234,-2.0059201528114303,-31.47826691026234,3.19580061246205,-0.08412768442265055,0.02722299154868004
4090.0,163.6,1.0,-2.142893308296208,-31.46893342735486,-2.142893308296208,-31.46893342735486,3.1998591825003935,-0.08489900492125393,0.02691752470692364
4091.0,163.64000000000001,1.0,-2.2801395010092267,-31.459230587369007,-2.2801395010092267,-31.459230587369007,3.203916972732702,-0.08547867450091254,0.02596090291532228
4092.0,163.68,1.0,-2.4181316818233123,-31.449613269119247,-2.4181316818233123,-31.449613269119247,3.2079861357506965,-0.08578526962130209,0.024358168211902287
4093.0,163.72,1.0,-2.556017308017473,-31.44010250098838,-2.556017308017473,-31.44010250098838,3.212078318147377,-0.08573232648700539,0.022129906979697068
4094.0,163.76,1.0,-2.6943000838343925,-31.430628561646778,-2.6943000838343925,-31.430628561646778,3.2162046046879538,-0.08524006020578959,0.019311416582096005
4095.0,163.8,1.0,-2.831891799311017,-31.42111084023933,-2.831891799311017,-31.42111084023933,3.220373807944747,-0.08424038725641152,0.015952095349584368
4096.0,163.84,1.0,-2.9700342936401496,-31.411040794569516,-2.9700342936401496,-31.411040794569516,3.2245929796676656,-0.08267602035927626,0.012115106977753393
4097.0,163.88,1.0,-3.1092930650168924,-31.40115450412319,-3.1092930650168924,-31.40115450412319,3.228867889852257,-0.08050598568301418,0.00787610367285887
4098.0,163.92000000000002,1.0,-3.250397535334433,-31.390531222746745,-3.250397535334433,-31.390531222746745,3.2332026754405745,-0.07771198477835274,0.0033216309639216243
4099.0,163.96,1.0,-3.391817858401411,-31.38040252759459,-3.391817858401411,-31.38040252759459,3.237599954799978,-0.07430090122272871,-0.0014529439950481094
4100.0,164.0,1.0,-3.533631583506871,-31.36944049390013,-3.533631583506871,-31.36944049390013,3.242061337453375,-0.07030481560554422,-0.006345012446945965
4101.0,164.04,1.0,-3.675342284859043,-31.35900202922765,-3.675342284859043,-31.35900202922765,3.2465871200324954,-0.06577521757876702,-0.011246832029942583
4102.0,164.08,1.0,-3.8172925107319906,-31.347025208432182,-3.8172925107319906,-31.347025208432182,3.251176252114088,-0.06078432610260143,-0.016048101969363748
4103.0,164.12,1.0,-3.95976620705843,-31.33480492245303,-3.95976620705843,-31.33480492245303,3.2558272660621,-0.05542937785576248,-0.0206390845119489
4104.0,164.16,1.0,-4.103110250033507,-31.32151528189818,-4.103110250033507,-31.32151528189818,3.2605383592615973,-0.04982955703572619,-0.024912834679318995
4105.0,164.20000000000002,1.0,-4.247101684459745,-31.306999776519376,-4.247101684459745,-31.306999776519376,3.265307588186565,-0.044113527926431105,-0.02876783019980229
4106.0,164.24,1.0,-4.391542118270551,-31.291296133063458,-4.391542118270551,-31.291296133063458,3.2701342234495847,-0.03841712262712334,-0.032111013694909124
4107.0,164.28,1.0,-4.536046748893957,-31.274239358099557,-4.536046748893957,-31.274239358099557,3.275018454202269,-0.03288138119840099,-0.03486103587431098
4108.0,164.32,1.0,-4.680518157291076,-31.2567313611609,-4.680518157291076,-31.2567313611609,3.279961414849788,-0.027645075441168353,-0.03695068148182955
4109.0,164.36,1.0,-4.823654121758043,-31.23913627044875,-4.823654121758043,-31.23913627044875,3.2849651616697373,-0.022834309175316113,-0.038328832012166206
4110.0,164.4,1.0,-4.966423659366481,-31.220029033622808,-4.966423659366481,-31.220029033622808,3.2900326882456925,-0.01855805131443412,-0.03896210809214134
4111.0,164.44,1.0,-5.108736888277605,-31.199572115785116,-5.108736888277605,-31.199572115785116,3.2951673895641207,-0.014905119822934642,-0.03883688827797238
4112.0,164.48,1.0,-5.250767896330222,-31.17817840311535,-5.250767896330222,-31.17817840311535,3.300373134823449,-0.011945460358255411,-0.03796022402162623
4113.0,164.52,1.0,-5.392888244612541,-31.155874557123234,-5.392888244612541,-31.155874557123234,3.305654753993648,-0.00972843643073933,-0.036359860648425696
4114.0,164.56,1.0,-5.534056822889514,-31.132180665590642,-5.534056822889514,-31.132180665590642,3.3110164391754084,-0.00827107898643471,-0.034083487574554164
4115.0,164.6,1.0,-5.675090320009183,-31.107735698246092,-5.675090320009183,-31.107735698246092,3.3164620766540147,-0.007557171405095775,-0.03119841733270698
4116.0,164.64000000000001,1.0,-5.815343657419968,-31.08258222574916,-5.815343657419968,-31.08258222574916,3.3219945695569257,-0.007548356897119623,-0.027789618942634126
4117.0,164.68,1.0,-5.9551634930455615,-31.05544261503464,-5.9551634930455615,-31.05544261503464,3.3276149729491906,-0.008183390584949424,-0.02395711141362361
4118.0,164.72,1.0,-6.092700760760936,-31.027173570997054,-6.092700760760936,-31.027173570997054,3.333322792924007,-0.009375896810382445,-0.019812419087787754
4119.0,164.76,1.0,-6.2306343730423475,-30.997424133304396,-6.2306343730423475,-30.997424133304396,3.3391154487323695,-0.0110182452758941,-0.015475298895564354
4120.0,164.8,1.0,-6.369171792791677,-30.965946507851147,-6.369171792791677,-30.965946507851147,3.344988250427509,-0.012992462357544166,-0.011069771998995953
4121.0,164.84,1.0,-6.509151341415908,-30.932539958632077,-6.509151341415908,-30.932539958632077,3.3509339907795352,-0.015169267591235302,-0.006720061096582357
4122.0,164.88,1.0,-6.648314511403983,-30.899851467128098,-6.648314511403983,-30.899851467128098,3.35694367003648,-0.01741598938861525,-0.0025457625365854905
4123.0,164.92000000000002,1.0,-6.787182562241675,-30.86568397984047,-6.787182562241675,-30.86568397984047,3.363005250723756,-0.01959781121085229,0.001342452984607377
4124.0,164.96,1.0,-6.925713602398285,-30.83122392842887,-6.925713602398285,-30.83122392842887,3.3691029338881697,-0.02158510441689756,0.0048461412517497955
4125.0,165.0,1.0,-7.063564225367382,-30.79702251619463,-7.063564225367382,-30.79702251619463,3.3752192228948807,-0.023263169658763138,0.007882387373268148
4126.0,165.04,1.0,-7.201141600329426,-30.76290750463424,-7.201141600329426,-30.76290750463424,3.381334297911157,-0.024536730134178886,0.010387308836242368
4127.0,165.08,1.0,-7.340649556291604,-30.728394347695865,-7.340649556291604,-30.728394347695865,3.387428065366941,-0.025318885175257443,0.012318149868006152
4128.0,165.12,1.0,-7.480937359281064,-30.692200802383685,-7.480937359281064,-30.692200802383685,3.3934805361506477,-0.025538972079069643,0.013654583960625239
4129.0,165.16,1.0,-7.621321514571775,-30.656669300200235,-7.621321514571775,-30.656669300200235,3.3994729321071055,-0.02515299708465878,0.014398959118332689
4130.0,165.20000000000002,1.0,-7.761939758691076,-30.619782150777798,-7.761939758691076,-30.619782150777798,3.4053874678502822,-0.02414329469414165,0.014576251381634925
4131.0,165.24,1.0,-7.901510063959002,-30.583858410917713,-7.901510063959002,-30.583858410917713,3.4112090979940732,-0.022511215164044175,0.014232578785608649
4132.0,165.28,1.0,-8.040820481976372,-30.54620929409391,-8.040820481976372,-30.54620929409391,3.4169249961713604,-0.020281964111756534,0.01343327177811754
4133.0,165.32,1.0,-8.1806407286223,-30.50717788984529,-8.1806407286223,-30.50717788984529,3.422524181619065,-0.01749647584148826,0.012259472167761482
4134.0,165.36,1.0,-8.320673197116548,-30.466862396873893,-8.320673197116548,-30.466862396873893,3.427999730925854,-0.01421293507017395,0.010804454260389606
4135.0,165.4,1.0,-8.461042107562262,-30.42554803731979,-8.461042107562262,-30.42554803731979,3.433349836075197,-0.010498078616497864,0.009170088004213931
4136.0,165.44,1.0,-8.602287266295047,-30.383189372190277,-8.602287266295047,-30.383189372190277,3.438576442481156,-0.006427129246252971,0.0074625342789568765
4137.0,165.48,1.0,-8.742353248885173,-30.341882747420374,-8.742353248885173,-30.341882747420374,3.4436863278723564,-0.002077158453644423,0.005787398938045465
4138.0,165.52,1.0,-8.883143458998294,-30.299777553670083,-8.883143458998294,-30.299777553670083,3.4486885590963445,0.002459447238134771,0.0042451315301640135
4139.0,165.56,1.0,-9.02214990524447,-30.257260775852878,-9.02214990524447,-30.257260775852878,3.453594621410539,0.007091018041743525,0.0029270172846795825
4140.0,165.6,1.0,-9.161702476396023,-30.213292698829132,-9.161702476396023,-30.213292698829132,3.4584162716036717,0.011735379872885953,0.001911192815812024
4141.0,165.64000000000001,1.0,-9.298718537633905,-30.16940799662094,-9.298718537633905,-30.16940799662094,3.463166434233176,0.0163169773666235,0.0012594765949442345
4142.0,165.68,1.0,-9.43720270795845,-30.12222487059721,-9.43720270795845,-30.12222487059721,3.467856734002448,0.02076018917993174,0.001014637872392371
4143.0,165.72,1.0,-9.57369392928314,-30.073676349103085,-9.57369392928314,-30.073676349103085,3.472499393649353,0.02499873035226504,0.0011983435513701138
4144.0,165.76,1.0,-9.71019460573292,-30.02478327112569,-9.71019460573292,-30.02478327112569,3.4771079345190627,0.028972946036463797,0.0018106635546451637
4145.0,165.8,1.0,-9.84647416824488,-29.973934452964528,-9.84647416824488,-29.973934452964528,3.481695543934459,0.03263145248027079,0.0028303776996637725
4146.0,165.84,1.0,-9.984074908498627,-29.92249028312699,-9.984074908498627,-29.92249028312699,3.4862744801898997,0.03592944243767275,0.004215706409206007
4147.0,165.88,1.0,-10.118600337277325,-29.871571206273835,-10.118600337277325,-29.871571206273835,3.4908558739868774,0.038828575951819176,0.005905925134188879
4148.0,165.92000000000002,1.0,-10.25244643396773,-29.82100809814282,-10.25244643396773,-29.82100809814282,3.495448154749071,0.04129550161753489,0.007824123017237963
4149.0,165.96,1.0,-10.385472140432455,-29.76907619340746,-10.385472140432455,-29.76907619340746,3.5000578050212647,0.043314559494387714,0.0098805245355877
4150.0,166.0,1.0,-10.518448516330759,-29.71788329300166,-10.518448516330759,-29.71788329300166,3.5046898381909037,0.04487365960227944,0.01197605727997462
4151.0,166.04,1.0,-10.651708298688742,-29.66363607794316,-10.651708298688742,-29.66363607794316,3.509348054769169,0.04596252041420712,0.014006820829866526
4152.0,166.08,1.0,-10.785546121350668,-29.609718082530417,-10.785546121350668,-29.609718082530417,3.5140359505075067,0.04657912756340865,0.015867958946064763
4153.0,166.12,1.0,-10.918362380012496,-29.555698583460174,-10.918362380012496,-29.555698583460174,3.518756974947384,0.046739515133892254,0.01745849280016091
4154.0,166.16,1.0,-11.051177528875396,-29.502139141576492,-11.051177528875396,-29.502139141576492,3.523513980237053,0.046462125789502075,0.018685982579729293
4155.0,166.20000000000002,1.0,-11.183222626000518,-29.44749746501686,-11.183222626000518,-29.44749746501686,3.5283064570597547,0.045769971994234646,0.019470363894777735
4156.0,166.24,1.0,-11.313552001804773,-29.393230829638107,-11.313552001804773,-29.393230829638107,3.533132267497119,0.04469669119160822,0.019746967935916286
4157.0,166.28,1.0,-11.443690465653054,-29.336799258151746,-11.443690465653054,-29.336799258151746,3.537985933494146,0.04328355485279618,0.01946985193548403
4158.0,166.32,1.0,-11.574702046844843,-29.279880233272017,-11.574702046844843,-29.279880233272017,3.5428603023414915,0.04158482399936799,0.01861445650260655
4159.0,166.36,1.0,-11.704465573369173,-29.22333028483809,-11.704465573369173,-29.22333028483809,3.547747449866532,0.03966036213183005,0.017178897761274854
4160.0,166.4,1.0,-11.833615035406853,-29.16782691845621,-11.833615035406853,-29.16782691845621,3.5526402846954532,0.03757183761660403,0.015184629308032646
4161.0,166.44,1.0,-11.963333250180085,-29.11118143139085,-11.963333250180085,-29.11118143139085,3.5575308719248033,0.0353886668166401,0.012675958389336708
4162.0,166.48,1.0,-12.091512955825163,-29.05681996984658,-12.091512955825163,-29.05681996984658,3.562412781897078,0.03319194864731665,0.009719072417397575
4163.0,166.52,1.0,-12.22077276435268,-29.002679475753514,-12.22077276435268,-29.002679475753514,3.567277897775585,0.031062393047415558,0.006400386135167325
4164.0,166.56,1.0,-12.348739422216003,-28.94751058341551,-12.348739422216003,-28.94751058341551,3.572118220240443,0.029071542269587823,0.002823792569607795
4165.0,166.6,1.0,-12.476459207082113,-28.89221158044444,-12.476459207082113,-28.89221158044444,3.576923568379796,0.02729548552889168,-0.0008934348362754245
4166.0,166.64000000000001,1.0,-12.60284004824837,-28.83685198055498,-12.60284004824837,-28.83685198055498,3.58168621422503,0.025809343351783566,-0.004624406967743795
4167.0,166.68,1.0,-12.730428015091004,-28.778725819029187,-12.730428015091004,-28.778725819029187,3.586397816709728,0.024676042494766227,-0.008236508159702885
4168.0,166.72,1.0,-12.858535207091624,-28.720029826728858,-12.858535207091624,-28.720029826728858,3.591054064908357,0.023944629516660366,-0.011596510734596235
4169.0,166.76,1.0,-12.986466948351588,-28.661029982216654,-12.986466948351588,-28.661029982216654,3.5956527911419576,0.023647581132002094,-0.014575802664249408
4170.0,166.8,1.0,-13.113898956058133,-28.600652048377498,-13.113898956058133,-28.600652048377498,3.6001942948518773,0.02380733471327521,-0.01705461529061152
4171.0,166.84,1.0,-13.241421969472793,-28.541728881903385,-13.241421969472793,-28.541728881903385,3.604679484902296,0.02443099101496471,-0.018926515030515192
4172.0,166.88,1.0,-13.367676846215442,-28.47968788665323,-13.367676846215442,-28.47968788665323,3.609110590475543,0.02550636098529766,-0.020101840112814313
4173.0,166.92000000000002,1.0,-13.493340755228733,-28.417977851626482,-13.493340755228733,-28.417977851626482,3.6134891598152934,0.026992656421406958,-0.020511920836487237
4174.0,166.96,1.0,-13.617436576077438,-28.353042956396074,-13.617436576077438,-28.353042956396074,3.617817568796164,0.028837668212791035,-0.02011170414373154
4175.0,167.0,1.0,-13.742234050055448,-28.28750209009677,-13.742234050055448,-28.28750209009677,3.622098697134838,0.030977887159537476,-0.018882189052381607
4176.0,167.04,1.0,-13.86642643971843,-28.21976226972534,-13.86642643971843,-28.21976226972534,3.626337521293601,0.033330213281203135,-0.016830301366528477
4177.0,167.08,1.0,-13.99063549125593,-28.1525123471523,-13.99063549125593,-28.1525123471523,3.630538175037279,0.035796008253779044,-0.0139899363874013
4178.0,167.12,1.0,-14.11237931153168,-28.0855722530875,-14.11237931153168,-28.0855722530875,3.634706411533157,0.03827107642911681,-0.010421198804246667
4179.0,167.16,1.0,-14.23558135868959,-28.01791497685136,-14.23558135868959,-28.01791497685136,3.638845161284526,0.0406537940933692,-0.006208813694018235
4180.0,167.20000000000002,1.0,-14.357023701524293,-27.948252653579807,-14.357023701524293,-27.948252653579807,3.642955070074155,0.042842612911817776,-0.0014587899240157923
4181.0,167.24,1.0,-14.478021013343366,-27.878810603613665,-14.478021013343366,-27.878810603613665,3.6470341384551275,0.044736701782824975,0.003704109247985464
4182.0,167.28,1.0,-14.597327779636606,-27.806805967161978,-14.597327779636606,-27.806805967161978,3.65107730393569,0.04624095807205643,0.009140549349363198
4183.0,167.32,1.0,-14.715767182096254,-27.736025373051895,-14.715767182096254,-27.736025373051895,3.6550785367360374,0.04727572444591941,0.014700642080090087
4184.0,167.36,1.0,-14.834042829903757,-27.663512368838877,-14.834042829903757,-27.663512368838877,3.6590300474063064,0.047785684868864545,0.020229522011085757
4185.0,167.4,1.0,-14.953032122175859,-27.5923720694407,-14.953032122175859,-27.5923720694407,3.6629250380135803,0.047728349061458855,0.02557201336086362
4186.0,167.44,1.0,-15.070667258302532,-27.51822864564855,-15.070667258302532,-27.51822864564855,3.666754716830887,0.04707979310053826,0.030578042824134226
4187.0,167.48,1.0,-15.188450079382244,-27.446716040166724,-15.188450079382244,-27.446716040166724,3.6705110471708964,0.045844370237138686,0.03510606831571448
4188.0,167.52,1.0,-15.304351959236266,-27.373707285583855,-15.304351959236266,-27.373707285583855,3.6741850542759074,0.04405391524156277,0.039028926142467064
4189.0,167.56,1.0,-15.420664717140571,-27.301884279313704,-15.420664717140571,-27.301884279313704,3.6777675719972662,0.04176222487262957,0.04223731405902933
4190.0,167.6,1.0,-15.535611255871453,-27.229421381962236,-15.535611255871453,-27.229421381962236,3.681249692952904,0.039037013236098005,0.04464350292732204
4191.0,167.64000000000001,1.0,-15.650501667364463,-27.1573101528481,-15.650501667364463,-27.1573101528481,3.684624507027732,0.035964780031276025,0.046182517658153566
4192.0,167.68,1.0,-15.764794290274997,-27.085929632768483,-15.764794290274997,-27.085929632768483,3.6878865584390312,0.03264610472930009,0.04681466372606826
4193.0,167.72,1.0,-15.879626457890907,-27.014954152368905,-15.879626457890907,-27.014954152368905,3.6910350969895234,0.029195791675980708,0.04652584972838677
4194.0,167.76,1.0,-15.994964168089234,-26.944807257137313,-15.994964168089234,-26.944807257137313,3.694070964845566,0.02572903764453206,0.04532772281516562
4195.0,167.8,1.0,-16.109107905589205,-26.875158174390002,-16.109107905589205,-26.875158174390002,3.6969993836197643,0.022356646800816293,0.04325616205129909
4196.0,167.84,1.0,-16.223977540254992,-26.80500019058685,-16.223977540254992,-26.80500019058685,3.699825988839266,0.019186571555977215,0.040369648783917876
4197.0,167.88,1.0,-16.338348269682214,-26.73463582103941,-16.338348269682214,-26.73463582103941,3.702561537756015,0.016321354653718166,0.036746708781308784
4198.0,167.92000000000002,1.0,-16.453489020784744,-26.66305786597428,-16.453489020784744,-26.66305786597428,3.705216875641309,0.013845767885599903,0.03248359494871097
4199.0,167.96,1.0,-16.568729138530664,-26.590422431946443,-16.568729138530664,-26.590422431946443,3.707807104627398,0.011823327871973077,0.027689960900283146
4200.0,168.0,1.0,-16.683872706538345,-26.518783960422876,-16.683872706538345,-26.518783960422876,3.7103486538934716,0.010296153326898493,0.022485090315889023
4201.0,168.04,1.0,-16.799032481993343,-26.447176331343705,-16.799032481993343,-26.447176331343705,3.712861968465307,0.009289269685122947,0.016993907739375
4202.0,168.08,1.0,-16.915342093922067,-26.375652236659324,-16.915342093922067,-26.375652236659324,3.7153685758261665,0.008804174631637796,0.011343988865877903
4203.0,168.12,1.0,-17.03175113098661,-26.3030951062697,-17.03175113098661,-26.3030951062697,3.7178922070141156,0.00882553248698299,0.005661224004388184
4204.0,168.16,1.0,-17.148521408593624,-26.230706282938872,-17.148521408593624,-26.230706282938872,3.7204546661722624,0.009314328534137628,6.654510488403529e-05
4205.0,168.20000000000002,1.0,-17.263394210232573,-26.157526950752903,-17.263394210232573,-26.157526950752903,3.723077546177456,0.010220509957137192,-0.005327270740775842
4206.0,168.24,1.0,-17.37918975462261,-26.085328790070612,-17.37918975462261,-26.085328790070612,3.72577944829374,0.011482255039259126,-0.010417694663856598
4207.0,168.28,1.0,-17.492914929827794,-26.012131664872054,-17.492914929827794,-26.012131664872054,3.728577780047069,0.01302895701987461,-0.015114181860319814
4208.0,168.32,1.0,-17.608623227824204,-25.9385696027807,-17.608623227824204,-25.9385696027807,3.7314844736057564,0.014781177751908603,-0.019339925014472566
4209.0,168.36,1.0,-17.722310300383946,-25.86376730961241,-17.722310300383946,-25.86376730961241,3.7345092187715982,0.016658243961054576,-0.023032794829097432
4210.0,168.4,1.0,-17.83724969774712,-25.788400820865718,-17.83724969774712,-25.788400820865718,3.7376571070846323,0.018587827168252156,-0.026145990114600913
4211.0,168.44,1.0,-17.95039683938793,-25.712138396406214,-17.95039683938793,-25.712138396406214,3.74093010004623,0.020507619810752963,-0.028647245226982865
4212.0,168.48,1.0,-18.063329958885763,-25.636408011948326,-18.063329958885763,-25.636408011948326,3.744325043929262,0.022363991368611703,-0.030518932662516606
4213.0,168.52,1.0,-18.175866975485075,-25.55844918140494,-18.175866975485075,-25.55844918140494,3.747834985728205,0.024117091529844613,-0.03175712028710588
4214.0,168.56,1.0,-18.28755302118284,-25.481339525978736,-18.28755302118284,-25.481339525978736,3.7514491196445308,0.025736957055465602,-0.03237103511753646
4215.0,168.6,1.0,-18.399281966813323,-25.404173451310935,-18.399281966813323,-25.404173451310935,3.7551550228576813,0.027214083419703872,-0.032381428844470664
4216.0,168.64000000000001,1.0,-18.509989560263552,-25.327254518912856,-18.509989560263552,-25.327254518912856,3.758938925990509,0.02855081337025247,-0.03181970765547015
4217.0,168.68,1.0,-18.619740545777933,-25.250337566067195,-18.619740545777933,-25.250337566067195,3.762787005540461,0.02976404479930117,-0.030726803592690772
4218.0,168.72,1.0,-18.729470088657738,-25.1729301989376,-18.729470088657738,-25.1729301989376,3.7666858639380116,0.030880746399583568,-0.029153178195094796
4219.0,168.76,1.0,-18.837481387082082,-25.095086390277597,-18.837481387082082,-25.095086390277597,3.770625431287125,0.031938603629561635,-0.027157236787592954
4220.0,168.8,1.0,-18.945841539976595,-25.016573520181847,-18.945841539976595,-25.016573520181847,3.7745986109023937,0.032980955831239,-0.0248045672709839
4221.0,168.84,1.0,-19.05359494362032,-24.937081766969065,-19.05359494362032,-24.937081766969065,3.7786011245826616,0.034047795312180884,-0.022166422051139743
4222.0,168.88,1.0,-19.161052962281694,-24.85769206145474,-19.161052962281694,-24.85769206145474,3.7826327844373857,0.035174105744921226,-0.0193197948043049
4223.0,168.92000000000002,1.0,-19.267164318074595,-24.77671509024581,-19.267164318074595,-24.77671509024581,3.786696976334148,0.03638635656287166,-0.016345777490968424
4224.0,168.96,1.0,-19.373664761032266,-24.696064589185035,-19.373664761032266,-24.696064589185035,3.7908022440769726,0.03770521693020543,-0.013329213771162219
4225.0,169.0,1.0,-19.47994903941318,-24.61322900529851,-19.47994903941318,-24.61322900529851,3.794959452070546,0.039135692430925705,-0.010356056832931445
4226.0,169.04,1.0,-19.586247374539173,-24.530921484378958,-19.586247374539173,-24.530921484378958,3.799182469821685,0.04066369040284655,-0.007512883132177356
4227.0,169.08,1.0,-19.690408477918716,-24.445564744931406,-19.690408477918716,-24.445564744931406,3.8034848668492764,0.0422567023761386,-0.004884723156759669
4228.0,169.12,1.0,-19.79445653510867,-24.362172119666987,-19.79445653510867,-24.362172119666987,3.807881556883043,0.0438651344595626,-0.002553982637617969
4229.0,169.16,1.0,-19.89883908163842,-24.276894091400784,-19.89883908163842,-24.276894091400784,3.812386019489085,0.045423906462596406,-0.00059642513545561
4230.0,169.20000000000002,1.0,-20.002431868811335,-24.19250946327639,-20.002431868811335,-24.19250946327639,3.817008777033922,0.04685148012384447,0.0009204303846581136
4231.0,169.24,1.0,-20.106313721692104,-24.1071555947277,-20.106313721692104,-24.1071555947277,3.821756048745757,0.04805741805368503,0.0019397723504301224
4232.0,169.28,1.0,-20.21006732023175,-24.022170736839254,-20.21006732023175,-24.022170736839254,3.826630443685199,0.04894626254406599,0.0024173624850974823
4233.0,169.32,1.0,-20.311926337613137,-23.938405411642982,-20.311926337613137,-23.938405411642982,3.831628885350221,0.049418220145541925,0.0023249819159213278
4234.0,169.36,1.0,-20.414630670027897,-23.85367806264859,-20.414630670027897,-23.85367806264859,3.836744335074387,0.04938073256604754,0.0016523323543267809
4235.0,169.4,1.0,-20.514962376011194,-23.769225128991252,-20.514962376011194,-23.769225128991252,3.8419630129178444,0.04873987017314243,0.00040928784993395117
4236.0,169.44,1.0,-20.616343045897164,-23.68469090820841,-20.616343045897164,-23.68469090820841,3.8472687991118626,0.047420801509688804,-0.0013741589420996534
4237.0,169.48,1.0,-20.71703905068862,-23.599572041244382,-20.71703905068862,-23.599572041244382,3.852640563400154,0.045364501341745134,-0.0036467747352948734
4238.0,169.52,1.0,-20.81717217512936,-23.516127858413704,-20.81717217512936,-23.516127858413704,3.8580582045177136,0.04253508252305817,-0.006336064071483269
4239.0,169.56,1.0,-20.916779480475817,-23.432166149543498,-20.916779480475817,-23.432166149543498,3.863497955566286,0.038913067364155174,-0.009348282471831396
4240.0,169.6,1.0,-21.015005354999513,-23.348420291353058,-21.015005354999513,-23.348420291353058,3.868936756623276,0.034507122816499404,-0.012572315429772277
4241.0,169.64000000000001,1.0,-21.112819533877012,-23.2648752150705,-21.112819533877012,-23.2648752150705,3.8743524651420587,0.0293497226572769,-0.015882012815712936
4242.0,169.68,1.0,-21.211506532484822,-23.180606105720116,-21.211506532484822,-23.180606105720116,3.8797253897733497,0.023497141568438396,-0.01913950523608466
4243.0,169.72,1.0,-21.31045598908332,-23.09609239790826,-21.31045598908332,-23.09609239790826,3.8850382968666985,0.01702648494871134,-0.02219894739400791
4244.0,169.76,1.0,-21.407413372836288,-23.011649397656427,-21.407413372836288,-23.011649397656427,3.890277476353517,0.010041599393898626,-0.024912831686421257
4245.0,169.8,1.0,-21.50447889315551,-22.92703160407045,-21.50447889315551,-22.92703160407045,3.895432684064705,0.0026598606316598937,-0.027137709413426366
4246.0,169.84,1.0,-21.599336113957882,-22.84040085055114,-21.599336113957882,-22.84040085055114,3.900498301048745,-0.0049827827174990565,-0.028739894360333758
4247.0,169.88,1.0,-21.69553633535756,-22.75546396886119,-21.69553633535756,-22.75546396886119,3.9054716306081696,-0.012745612858466326,-0.029600449762161463
4248.0,169.92000000000002,1.0,-21.78778971955291,-22.668972184170485,-21.78778971955291,-22.668972184170485,3.9103549870667442,-0.020480800739284377,-0.029620360288420612
4249.0,169.96,1.0,-21.87971684076188,-22.580017715815718,-21.87971684076188,-22.580017715815718,3.915150572803468,-0.028045150839701005,-0.02872663214822773
4250.0,170.0,1.0,-21.96952704989104,-22.48967807462641,-21.96952704989104,-22.48967807462641,3.919865139296055,-0.03529089497190321,-0.026876928761032703
4251.0,170.04,1.0,-22.05893822209216,-22.39906367271384,-22.05893822209216,-22.39906367271384,3.9245072496868794,-0.042089792222311705,-0.024061201167202475
4252.0,170.08,1.0,-22.147551133869243,-22.30632678774635,-22.147551133869243,-22.30632678774635,3.9290875122178734,-0.04832338588809655,-0.020303456755062677
4253.0,170.12,1.0,-22.237514623168217,-22.211449153110998,-22.237514623168217,-22.211449153110998,3.9336177567878714,-0.05389325158725966,-0.01566335168905451
4254.0,170.16,1.0,-22.325315407072345,-22.116655803735373,-22.325315407072345,-22.116655803735373,3.938109582558306,-0.05871916904957478,-0.010235999529996553
4255.0,170.20000000000002,1.0,-22.415606176167323,-22.019958008858655,-22.415606176167323,-22.019958008858655,3.942575068133703,-0.06275002951804418,-0.00414872467842162
4256.0,170.24,1.0,-22.503608186980152,-21.92332184160593,-22.503608186980152,-21.92332184160593,3.9470236891719757,-0.0659560458635147,0.002442751728821738
4257.0,170.28,1.0,-22.59336802317235,-21.825402465199595,-22.59336802317235,-21.825402465199595,3.951464241472942,-0.06833174899982632,0.009358624473487603
4258.0,170.32,1.0,-22.680750314692794,-21.725318319818207,-22.680750314692794,-21.725318319818207,3.9559012685375365,-0.06989204292481542,0.016400516806149196
4259.0,170.36,1.0,-22.7694379620107,-21.624521168328066,-22.7694379620107,-21.624521168328066,3.9603365544703935,-0.0706750424461449,0.023357632640261812
4260.0,170.4,1.0,-22.856957880929095,-21.523849147506386,-22.856957880929095,-21.523849147506386,3.9647705102175905,-0.07073357025653562,0.030015630988661078
4261.0,170.44,1.0,-22.9449440326156,-21.421123054541034,-22.9449440326156,-21.421123054541034,3.9692005676512694,-0.07014262588193773,0.036164553746008486
4262.0,170.48,1.0,-23.030376185991894,-21.319383548114228,-23.030376185991894,-21.319383548114228,3.973621145085913,-0.06898105722619703,0.04160551587505189
4263.0,170.52,1.0,-23.116822066118377,-21.216385736731805,-23.116822066118377,-21.216385736731805,3.9780236009434886,-0.06733969844528206,0.046157409506546836
4264.0,170.56,1.0,-23.203740715979187,-21.113090863583515,-23.203740715979187,-21.113090863583515,3.9823966117859713,-0.06531445313820311,0.04966515811752001
4265.0,170.6,1.0,-23.290293902328997,-21.009112798501242,-23.290293902328997,-21.009112798501242,3.9867279087335903,-0.06300508634768229,0.05200594851937261
4266.0,170.64000000000001,1.0,-23.377517265530688,-20.9059188608163,-23.377517265530688,-20.9059188608163,3.9910030934214547,-0.06050393363231425,0.053093091071126496
4267.0,170.68,1.0,-23.466608117248263,-20.802413714781192,-23.466608117248263,-20.802413714781192,3.9952095814137003,-0.05790210779435832,0.05287928497136307
4268.0,170.72,1.0,-23.555669967547644,-20.69858517453403,-23.555669967547644,-20.69858517453403,3.9993331815836286,-0.055283072904782224,0.051358940145831075
4269.0,170.76,1.0,-23.646250309165836,-20.596282016262798,-23.646250309165836,-20.596282016262798,4.003365151296922,-0.052721383740952435,0.04856863185981673
4270.0,170.8,1.0,-23.737535881745824,-20.494487051218826,-23.737535881745824,-20.494487051218826,4.007298298492199,-0.05028051129227947,0.04458630226604489
4271.0,170.84,1.0,-23.828164095995426,-20.39184891927271,-23.828164095995426,-20.39184891927271,4.011128406825217,-0.04801186092087177,0.03952759145769695
4272.0,170.88,1.0,-23.919283895701906,-20.29006894273088,-23.919283895701906,-20.29006894273088,4.014854137430417,-0.04595099480115021,0.03354151335444215
4273.0,170.92000000000002,1.0,-24.008444790692124,-20.188627984907633,-24.008444790692124,-20.188627984907633,4.018478136337724,-0.044122571101762764,0.02680564692796894
4274.0,170.96,1.0,-24.099122382367643,-20.08624367808327,-24.099122382367643,-20.08624367808327,4.022008088787263,-0.04253858811701441,0.019520602309127284
4275.0,171.0,1.0,-24.187546176674836,-19.98357066071761,-24.187546176674836,-19.98357066071761,4.025455421956412,-0.04119686036856186,0.011901480579926177
4276.0,171.04,1.0,-24.27808582798623,-19.879488479767502,-24.27808582798623,-19.879488479767502,4.028836564656986,-0.040081553183240845,0.004169998129321833
4277.0,171.08,1.0,-24.36617873353502,-19.77533897337556,-24.36617873353502,-19.77533897337556,4.032171565502921,-0.03917464231247967,-0.0034523629948483825
4278.0,171.12,1.0,-24.456543058024874,-19.670498236667093,-24.456543058024874,-19.670498236667093,4.035483183778451,-0.03844820511527218,-0.010752127092222835
4279.0,171.16,1.0,-24.54509573178881,-19.566266403191317,-24.54509573178881,-19.566266403191317,4.038798223278882,-0.037868297792341334,-0.017530972328641963
4280.0,171.20000000000002,1.0,-24.63454959290202,-19.460827927761162,-24.63454959290202,-19.460827927761162,4.042141974342476,-0.0373985293335997,-0.023612354075274306
4281.0,171.24,1.0,-24.722596436720213,-19.35473954543688,-24.722596436720213,-19.35473954543688,4.045540298937515,-0.03700050843624479,-0.028847135355465854
4282.0,171.28,1.0,-24.81078321240114,-19.247381711179735,-24.81078321240114,-19.247381711179735,4.049017768134641,-0.03663709174487906,-0.033118010416142526
4283.0,171.32,1.0,-24.89736096435181,-19.1400176299228,-24.89736096435181,-19.1400176299228,4.0525974318233065,-0.03627393302996026,-0.03634234666923415
4284.0,171.36,1.0,-24.982899152677952,-19.03160797612747,-24.982899152677952,-19.03160797612747,4.056299474767687,-0.03587962795241274,-0.03847407141893737
4285.0,171.4,1.0,-25.067209509973132,-18.922987353642405,-25.067209509973132,-18.922987353642405,4.060139306334767,-0.03542259339329753,-0.0395048347966289
4286.0,171.44,1.0,-25.151122797616054,-18.813173700045123,-25.151122797616054,-18.813173700045123,4.064129614494324,-0.034876084589037494,-0.03946200687549279
4287.0,171.48,1.0,-25.232694680493978,-18.70174728105047,-25.232694680493978,-18.70174728105047,4.068276220377221,-0.03422105005150189,-0.03840629331028647
4288.0,171.52,1.0,-25.315533633011515,-18.590357871617826,-25.315533633011515,-18.590357871617826,4.072582123889675,-0.03343816987258036,-0.03642886851486967
4289.0,171.56,1.0,-25.395637562650613,-18.477844557890332,-25.395637562650613,-18.477844557890332,4.077044139711484,-0.032513873054837716,-0.033646678336633755
4290.0,171.6,1.0,-25.47564078601816,-18.365449302575843,-25.47564078601816,-18.365449302575843,4.081654896618689,-0.03144358178246944,-0.0301973579594347
4291.0,171.64000000000001,1.0,-25.556245291391452,-18.250175847351006,-25.556245291391452,-18.250175847351006,4.086403162084732,-0.030231048273289773,-0.026233299493011907
4292.0,171.68,1.0,-25.636129553122323,-18.135750718089415,-25.636129553122323,-18.135750718089415,4.091274641467394,-0.028882675519954337,-0.02191574049663608
4293.0,171.72,1.0,-25.717199048521973,-18.01943249337458,-25.717199048521973,-18.01943249337458,4.096252744363259,-0.027410648718141785,-0.01740802376342513
4294.0,171.76,1.0,-25.797006118725403,-17.903299360704885,-25.797006118725403,-17.903299360704885,4.101318692087627,-0.02583087254117804,-0.012870390159686357
4295.0,171.8,1.0,-25.8776727124308,-17.78686713335869,-25.8776727124308,-17.78686713335869,4.106453184333487,-0.024164494361164246,-0.008454427568301169
4296.0,171.84,1.0,-25.95444591081399,-17.67112953776175,-25.95444591081399,-17.67112953776175,4.111636782263114,-0.02243978122015653,-0.00429753248891049
4297.0,171.88,1.0,-26.033213216759584,-17.55441784675479,-26.033213216759584,-17.55441784675479,4.116849600107033,-0.02068715967740743,-0.0005192022847067334
4298.0,171.92000000000002,1.0,-26.109706216959164,-17.437920652736988,-26.109706216959164,-17.437920652736988,4.122074380847284,-0.018937886765360977,0.0027824632943942613
4299.0,171.96,1.0,-26.18706070626056,-17.320127920831908,-26.18706070626056,-17.320127920831908,4.127292900299912,-0.01722695922118377,0.005533190167332827
4300.0,172.0,1.0,-26.26284697272984,-17.20300779988309,-26.26284697272984,-17.20300779988309,4.132489976173757,-0.015590764402021473,0.007684146774806862
4301.0,172.04,1.0,-26.338882307829657,-17.086208932072477,-26.338882307829657,-17.086208932072477,4.137650958239524,-0.014060610427011533,0.009211962800269171
4302.0,172.08,1.0,-26.414871816717817,-16.9683777189065,-26.414871816717817,-16.9683777189065,4.142764787909685,-0.012660234262263769,0.01011852501255785
4303.0,172.12,1.0,-26.49015691216775,-16.849940811539845,-26.49015691216775,-16.849940811539845,4.1478222074680895,-0.011414618559505563,0.010429511484397691
4304.0,172.16,1.0,-26.565397118588884,-16.730540860234218,-26.565397118588884,-16.730540860234218,4.152816133532524,-0.010341912050176682,0.010191682955241078
4305.0,172.20000000000002,1.0,-26.641360761056767,-16.611381239631577,-26.641360761056767,-16.611381239631577,4.157741967185855,-0.00945458836235168,0.009470777569440956
4306.0,172.24,1.0,-26.71596155502881,-16.492074898635046,-26.71596155502881,-16.492074898635046,4.162596038081615,-0.008756697084426224,0.00834794138368084
4307.0,172.28,1.0,-26.791082384277548,-16.372315406068342,-26.791082384277548,-16.372315406068342,4.167377340192673,-0.008243918644833504,0.006915505433753283
4308.0,172.32,1.0,-26.86515784478213,-16.251644748569777,-26.86515784478213,-16.251644748569777,4.172085628451914,-0.007906817289771195,0.005272988870140168
4309.0,172.36,1.0,-26.93934106900887,-16.13178942515651,-26.93934106900887,-16.13178942515651,4.176721257135679,-0.007726888942583898,0.0035228960193003796
4310.0,172.4,1.0,-27.01229824546609,-16.009898054978628,-27.01229824546609,-16.009898054978628,4.181286502223606,-0.007674665048798513,0.0017666483716577432
4311.0,172.44,1.0,-27.084241474812295,-15.889713090835219,-27.084241474812295,-15.889713090835219,4.185785079467543,-0.0077092874411374916,0.00010001367938989315
4312.0,172.48,1.0,-27.15533402202802,-15.768729959475582,-27.15533402202802,-15.768729959475582,4.1902227778944745,-0.007787494285033702,-0.0013895290593757784
4313.0,172.52,1.0,-27.225373912576117,-15.647945054430703,-27.225373912576117,-15.647945054430703,4.194605664114245,-0.007861113542486031,-0.002626572971514994
4314.0,172.56,1.0,-27.29432499759909,-15.52687781804074,-27.29432499759909,-15.52687781804074,4.1989413551197705,-0.007875596480084169,-0.0035499275169247474
4315.0,172.6,1.0,-27.362191877054045,-15.405292687216066,-27.362191877054045,-15.405292687216066,4.203238530189987,-0.0077767950120712585,-0.0041148347236845215
4316.0,172.64000000000001,1.0,-27.430803238783596,-15.283102515187128,-27.430803238783596,-15.283102515187128,4.207506327740699,-0.007514897882677052,-0.004294407953763143
4317.0,172.68,1.0,-27.497482912681107,-15.160984885962296,-27.497482912681107,-15.160984885962296,4.211754875637503,-0.007044582841633951,-0.004080434537017381
4318.0,172.72,1.0,-27.563559133326372,-15.037849136243448,-27.563559133326372,-15.037849136243448,4.215993368455921,-0.006326210057745907,-0.003482963590354099
4319.0,172.76,1.0,-27.62894024600332,-14.91303122980779,-27.62894024600332,-14.91303122980779,4.220231689404974,-0.005324292447075607,-0.0025299169525712416
4320.0,172.8,1.0,-27.69410673594959,-14.787291367771136,-27.69410673594959,-14.787291367771136,4.224479897053962,-0.004013893242504052,-0.0012659670579647704
4321.0,172.84,1.0,-27.759985961418096,-14.660904156595507,-27.759985961418096,-14.660904156595507,4.228748329790738,-0.00238138530925035,0.0002497403314228253
4322.0,172.88,1.0,-27.824993836741577,-14.534549868834599,-27.824993836741577,-14.534549868834599,4.233045984801271,-0.0004290604149614241,0.0019465854995267598
4323.0,172.92000000000002,1.0,-27.889533225280417,-14.407984005852791,-27.889533225280417,-14.407984005852791,4.237380709562182,0.0018360573590595285,0.003744473158673887
4324.0,172.96,1.0,-27.953239411857247,-14.281569025447121,-27.953239411857247,-14.281569025447121,4.241758849130625,0.004389527013687211,0.005557358026668097
4325.0,173.0,1.0,-28.01568884728269,-14.154191007361067,-28.01568884728269,-14.154191007361067,4.246184597893096,0.007195763549880674,0.007296349062180458
4326.0,173.04,1.0,-28.077194595445945,-14.026343028536223,-28.077194595445945,-14.026343028536223,4.250659680873769,0.01020797079074256,0.00887404083820757
4327.0,173.08,1.0,-28.1382980843256,-13.89871261294615,-28.1382980843256,-13.89871261294615,4.255184267394102,0.013376445917322299,0.010207473898136223
4328.0,173.12,1.0,-28.197819835705936,-13.76943754044608,-28.197819835705936,-13.76943754044608,4.259756665973324,0.016643214943961804,0.011221908192488098
4329.0,173.16,1.0,-28.257769985758944,-13.640592881899474,-28.257769985758944,-13.640592881899474,4.264374715701585,0.019946842789312948,0.011853420047294191
4330.0,173.20000000000002,1.0,-28.318342259592832,-13.512233395237336,-28.318342259592832,-13.512233395237336,4.269035752221217,0.023222092803199902,0.012052589710985318
4331.0,173.24,1.0,-28.37782949370007,-13.384650075877214,-28.37782949370007,-13.384650075877214,4.273735842516756,0.02640700479321655,0.011786995137778103
4332.0,173.28,1.0,-28.437928042488892,-13.256338733663705,-28.437928042488892,-13.256338733663705,4.278469251757438,0.02944167570433335,0.011042445130462349
4333.0,173.32,1.0,-28.49678577421515,-13.129325467504566,-28.49678577421515,-13.129325467504566,4.283228569313897,0.03227350327309457,0.009823769798179368
4334.0,173.36,1.0,-28.556788014202645,-13.002687700307032,-28.556788014202645,-13.002687700307032,4.28800476845197,0.034849626533911715,0.008155932474727534
4335.0,173.4,1.0,-28.616129290409447,-12.87612817082559,-28.616129290409447,-12.87612817082559,4.292787585897488,0.03713213341773926,0.006083698000174451
4336.0,173.44,1.0,-28.674746179305334,-12.748869461231935,-28.674746179305334,-12.748869461231935,4.297565860110714,0.03908991896748565,0.0036702583133536248
4337.0,173.48,1.0,-28.732959451513914,-12.621354080059092,-28.732959451513914,-12.621354080059092,4.302329085255891,0.04070549071519699,0.0009947521392970917
4338.0,173.52,1.0,-28.791174615435487,-12.492498690781241,-28.791174615435487,-12.492498690781241,4.307066528016531,0.041966408025263434,-0.0018497291929633216
4339.0,173.56,1.0,-28.84864360768851,-12.365640232989417,-28.84864360768851,-12.365640232989417,4.311769465485616,0.04287449678223647,-0.004759279708258936
4340.0,173.6,1.0,-28.90514157116275,-12.237312720840503,-28.90514157116275,-12.237312720840503,4.316429209620969,0.04343689348494685,-0.007622392618269971
4341.0,173.64000000000001,1.0,-28.95984752056837,-12.110762658665237,-28.95984752056837,-12.110762658665237,4.321037115404517,0.04366583215251456,-0.010325121119098137
4342.0,173.68,1.0,-29.01340038717217,-11.982790753110566,-29.01340038717217,-11.982790753110566,4.325585396277637,0.04357376576943985,-0.012755544561609728
4343.0,173.72,1.0,-29.066139980524053,-11.856125926938113,-29.066139980524053,-11.856125926938113,4.330068354618788,0.04317367241339133,-0.01480793007018506
4344.0,173.76,1.0,-29.1176673858156,-11.727348612998398,-29.1176673858156,-11.727348612998398,4.334483478740683,0.042479025400464644,-0.01638686730048231
4345.0,173.8,1.0,-29.169554178635757,-11.600070161709418,-29.169554178635757,-11.600070161709418,4.338831959818168,0.041502981861416564,-0.017412310426733017
4346.0,173.84,1.0,-29.221137376402957,-11.472230017555471,-29.221137376402957,-11.472230017555471,4.343119328100347,0.040249846930720715,-0.01782351303269305
4347.0,173.88,1.0,-29.271637084820203,-11.34431102274055,-29.271637084820203,-11.34431102274055,4.347355582289136,0.038721452372466235,-0.01758159116998164
4348.0,173.92000000000002,1.0,-29.321475166071348,-11.217504332404756,-29.321475166071348,-11.217504332404756,4.351553517043165,0.03691267551417393,-0.016671754048922315
4349.0,173.96,1.0,-29.3709473034327,-11.089731098668862,-29.3709473034327,-11.089731098668862,4.355729306039908,0.0348154276216448,-0.015104852414231072
4350.0,174.0,1.0,-29.418003855427656,-10.961175143026,-29.418003855427656,-10.961175143026,4.35989852671327,0.0324125350570002,-0.012918236500057434
4351.0,174.04,1.0,-29.464011635395245,-10.832610778271412,-29.464011635395245,-10.832610778271412,4.364078302332194,0.029686220467855164,-0.010175315040558946
4352.0,174.08,1.0,-29.50790175165332,-10.703416601283427,-29.50790175165332,-10.703416601283427,4.368285817561061,0.02661824186445113,-0.006963325815711506
4353.0,174.12,1.0,-29.551265573053957,-10.57329269892126,-29.551265573053957,-10.57329269892126,4.372538258856421,0.023192874087620875,-0.003390482674828434
4354.0,174.16,1.0,-29.59252525458715,-10.44282385968507,-29.59252525458715,-10.44282385968507,4.3768509861686375,0.01939848252641051,0.00041719047992748416
4355.0,174.20000000000002,1.0,-29.632611393982142,-10.312391446420047,-29.632611393982142,-10.312391446420047,4.381237024178355,0.015227507692641506,0.0043200706404007486
4356.0,174.24,1.0,-29.673356453329284,-10.18282657722904,-29.673356453329284,-10.18282657722904,4.385705858717951,0.010685335790655715,0.00817089820062864
4357.0,174.28,1.0,-29.712759353340083,-10.052148065928355,-29.712759353340083,-10.052148065928355,4.3902620065594204,0.005791405312325559,0.011820855675034405
4358.0,174.32,1.0,-29.752659474299094,-9.922955631783811,-29.752659474299094,-9.922955631783811,4.394904639231122,0.0005785536373829614,0.015125027312808256
4359.0,174.36,1.0,-29.791415333059632,-9.79259455245546,-29.791415333059632,-9.79259455245546,4.399627612767774,-0.004910080243879289,0.017948271971993467
4360.0,174.4,1.0,-29.830258983402224,-9.663204383674195,-29.830258983402224,-9.663204383674195,4.404419323008372,-0.010616136318094683,0.02017059039357499
4361.0,174.44,1.0,-29.869277743500227,-9.532455999706508,-29.869277743500227,-9.532455999706508,4.409265654535078,-0.016464654110608934,0.021692563213300438
4362.0,174.48,1.0,-29.908309817947547,-9.40335364163335,-29.908309817947547,-9.40335364163335,4.414149189071533,-0.02236903356127582,0.022439557440489748
4363.0,174.52,1.0,-29.947389109880255,-9.272790351357001,-29.947389109880255,-9.272790351357001,4.419051115057226,-0.02823068067720631,0.022365067152964657
4364.0,174.56,1.0,-29.987249341252713,-9.144589138487321,-29.987249341252713,-9.144589138487321,4.4239522456450135,-0.033945675885130824,0.021452368984427928
4365.0,174.6,1.0,-30.026266941797264,-9.015278550806247,-30.026266941797264,-9.015278550806247,4.4288345140667555,-0.03940681485754617,0.01971628878546065
4366.0,174.64000000000001,1.0,-30.06596049303596,-8.886588553692823,-30.06596049303596,-8.886588553692823,4.433681446241591,-0.04450604365902837,0.017202971971352794
4367.0,174.68,1.0,-30.10532309068163,-8.757991939741522,-30.10532309068163,-8.757991939741522,4.4384790569815635,-0.04914819389980155,0.01398784860296354
4368.0,174.72,1.0,-30.145131926287643,-8.627818343581222,-30.145131926287643,-8.627818343581222,4.443217711878802,-0.05325009258276435,0.010172157112135828
4369.0,174.76,1.0,-30.183557158127847,-8.497491377414716,-30.183557158127847,-8.497491377414716,4.4478921582869475,-0.05674573998069334,0.0058792239299921625
4370.0,174.8,1.0,-30.222323893852952,-8.366933582444585,-30.222323893852952,-8.366933582444585,4.452502971484578,-0.059583418454189296,0.0012495697807116649
4371.0,174.84,1.0,-30.26107395445838,-8.23382187275482,-30.26107395445838,-8.23382187275482,4.457056601271029,-0.06173844885255777,-0.003564639500943036
4372.0,174.88,1.0,-30.29947210229623,-8.100748627035129,-30.29947210229623,-8.100748627035129,4.4615649873824745,-0.06321503635676612,-0.008406334818547702
4373.0,174.92000000000002,1.0,-30.336698096065298,-7.96672428057821,-30.336698096065298,-7.96672428057821,4.466045463021064,-0.06404501434967345,-0.013119927107411703
4374.0,174.96,1.0,-30.3741375261543,-7.831888759563516,-30.3741375261543,-7.831888759563516,4.470520239042302,-0.06428967621822618,-0.017557612703145334
4375.0,175.0,1.0,-30.410484791690397,-7.695539096226149,-30.410484791690397,-7.695539096226149,4.4750137978461435,-0.06403256969906859,-0.021584254026476013
4376.0,175.04,1.0,-30.44508804424487,-7.5579549827192025,-30.44508804424487,-7.5579549827192025,4.479552479732968,-0.06338104324753843,-0.025083299527523518
4377.0,175.08,1.0,-30.478882494655558,-7.4208900279998815,-30.478882494655558,-7.4208900279998815,4.484162628200828,-0.06246530426225451,-0.027961045481956538
4378.0,175.12,1.0,-30.512331110273113,-7.282921112777539,-30.512331110273113,-7.282921112777539,4.4888701956649975,-0.06142861635652178,-0.030149824945761454
4379.0,175.16,1.0,-30.544151053816808,-7.145152912728423,-30.544151053816808,-7.145152912728423,4.49369833668359,-0.06042135958315945,-0.03160928900158333
4380.0,175.20000000000002,1.0,-30.57500011090108,-7.0068403496245795,-30.57500011090108,-7.0068403496245795,4.4986674529908015,-0.059595273308085096,-0.03232755067872303
4381.0,175.24,1.0,-30.604015258811295,-6.868031685124803,-30.604015258811295,-6.868031685124803,4.503793819026348,-0.059102231472293446,-0.03232058208446252
4382.0,175.28,1.0,-30.63228196966684,-6.728044130929244,-30.63228196966684,-6.728044130929244,4.509088453675465,-0.05907713497743061,-0.03163030309430313
4383.0,175.32,1.0,-30.660340323585586,-6.589394781074581,-30.660340323585586,-6.589394781074581,4.514556631363992,-0.059635820173625086,-0.030320716995793705
4384.0,175.36,1.0,-30.68702318044375,-6.450154165136088,-30.68702318044375,-6.450154165136088,4.520196816770321,-0.060868468191703384,-0.028473533066593677
4385.0,175.4,1.0,-30.713098170494288,-6.311009058193557,-30.713098170494288,-6.311009058193557,4.525999869448451,-0.06283687471456739,-0.026183755070180215
4386.0,175.44,1.0,-30.73788394255436,-6.171884406105851,-30.73788394255436,-6.171884406105851,4.531950742149129,-0.06557477414276121,-0.02355527759580254
4387.0,175.48,1.0,-30.761096603307116,-6.031750419202819,-30.761096603307116,-6.031750419202819,4.538027897510857,-0.06907864235703717,-0.02069478251053079
4388.0,175.52,1.0,-30.784015472884306,-5.892039666789104,-30.784015472884306,-5.892039666789104,4.544205619385385,-0.07330775032467551,-0.017706274258075735
4389.0,175.56,1.0,-30.806293475323077,-5.75156629569054,-30.806293475323077,-5.75156629569054,4.550453748946548,-0.07818201085536507,-0.014686134698064724
4390.0,175.6,1.0,-30.82773772389366,-5.6100702003475815,-30.82773772389366,-5.6100702003475815,4.556740430987166,-0.08359434833599212,-0.011719625992619092
4391.0,175.64000000000001,1.0,-30.84847391454799,-5.470541006103175,-30.84847391454799,-5.470541006103175,4.563032396497996,-0.08941196306547766,-0.00887669562456633
4392.0,175.68,1.0,-30.86907809925659,-5.329981889907463,-30.86907809925659,-5.329981889907463,4.569295958029832,-0.09547655520269285,-0.006209404674486781
4393.0,175.72,1.0,-30.889738290533607,-5.190022214639645,-30.889738290533607,-5.190022214639645,4.575499256357486,-0.10161877208717421,-0.0037503787397219048
4394.0,175.76,1.0,-30.908434340000262,-5.047880690204326,-30.908434340000262,-5.047880690204326,4.581611501868267,-0.10765958913442357,-0.0015132850557899532
4395.0,175.8,1.0,-30.927601587751404,-4.906363876541951,-30.927601587751404,-4.906363876541951,4.587606035493208,-0.11342530350208206,0.0005059737389048631
4396.0,175.84,1.0,-30.946089825590473,-4.764192860554863,-30.946089825590473,-4.764192860554863,4.593460464155234,-0.11874667657298561,0.0023278867840316984
4397.0,175.88,1.0,-30.963983650797122,-4.620330094679646,-30.963983650797122,-4.620330094679646,4.59915782105824,-0.12346671999193486,0.003986915491183561
4398.0,175.92000000000002,1.0,-30.979649120336212,-4.476146055312453,-30.979649120336212,-4.476146055312453,4.604687464178181,-0.1274496603370082,0.005527223550432551
4399.0,175.96,1.0,-30.995194936086108,-4.3308271287833096,-30.995194936086108,-4.3308271287833096,4.610044342304068,-0.13058847906895069,0.006998161683386392
4400.0,176.0,1.0,-31.01075549992571,-4.1851042894871515,-31.01075549992571,-4.1851042894871515,4.615230396290913,-0.13281173097612128,0.008450551067845055
4401.0,176.04,1.0,-31.024722363142736,-4.037116477318902,-31.024722363142736,-4.037116477318902,4.6202520885212355,-0.13407580981215514,0.009933146894641646
4402.0,176.08,1.0,-31.03803423921468,-3.888970949776939,-31.03803423921468,-3.888970949776939,4.625120759270411,-0.13437058946279956,0.011487921948160899
4403.0,176.12,1.0,-31.04925554652735,-3.7388238013857142,-31.04925554652735,-3.7388238013857142,4.6298508162365515,-0.13371924820308717,0.013146292163810863
4404.0,176.16,1.0,-31.05953201670075,-3.586817787364179,-31.05953201670075,-3.586817787364179,4.634458207986555,-0.13217759281722982,0.014925901360348843
4405.0,176.20000000000002,1.0,-31.06804452526771,-3.4336722738391385,-31.06804452526771,-3.4336722738391385,4.63896155190551,-0.12982941983318524,0.016829209681808472
4406.0,176.24,1.0,-31.075911833875303,-3.2796269021283635,-31.075911833875303,-3.2796269021283635,4.643379102093293,-0.12677290018929915,0.018842220885607
4407.0,176.28,1.0,-31.082838388707046,-3.1259990840889964,-31.082838388707046,-3.1259990840889964,4.647729805315359,-0.12312616258435712,0.020933926142555098
4408.0,176.32,1.0,-31.088902395805576,-2.970769726628967,-31.088902395805576,-2.970769726628967,4.652030989251582,-0.11901687032307169,0.02305682041312609
4409.0,176.36,1.0,-31.09477464722961,-2.8159405361202876,-31.09477464722961,-2.8159405361202876,4.656298462129257,-0.11458294476462952,0.025149310272050675
4410.0,176.4,1.0,-31.10008164965082,-2.6625346080065784,-31.10008164965082,-2.6625346080065784,4.660545612868131,-0.1099521877861609,0.027138957586155237
4411.0,176.44,1.0,-31.104721294186312,-2.506267994427811,-31.104721294186312,-2.506267994427811,4.664781563996669,-0.1052432735762107,0.028944922327808376
4412.0,176.48,1.0,-31.109213910296965,-2.350520174910104,-31.109213910296965,-2.350520174910104,4.669013041453503,-0.10056515378903763,0.030481481686507154
4413.0,176.52,1.0,-31.112306434515638,-2.1933077377624093,-31.112306434515638,-2.1933077377624093,4.673242575857435,-0.09601109157432682,0.03166280058141105
4414.0,176.56,1.0,-31.116550264837304,-2.0392967579861305,-31.116550264837304,-2.0392967579861305,4.6774714689342245,-0.09165712394636225,0.032407639719401575
4415.0,176.6,1.0,-31.119068067192053,-1.8826952140815205,-31.119068067192053,-1.8826952140815205,4.6816994703191055,-0.08755275089868365,0.03264356325901915
4416.0,176.64000000000001,1.0,-31.122331391230933,-1.7255847183283262,-31.122331391230933,-1.7255847183283262,4.685925380712796,-0.08372660290710411,0.0323102861792136
4417.0,176.68,1.0,-31.12522785761174,-1.568738883793814,-31.12522785761174,-1.568738883793814,4.690147937156077,-0.08019268177088597,0.03136344166470811
4418.0,176.72,1.0,-31.12834022719661,-1.4114893630459868,-31.12834022719661,-1.4114893630459868,4.69436506539093,-0.0769476249003873,0.029777669498860466
4419.0,176.76,1.0,-31.131901178174292,-1.2541536430066729,-31.131901178174292,-1.2541536430066729,4.698575296475374,-0.07397268370187615,0.027549084315183388
4420.0,176.8,1.0,-31.134108139088635,-1.0968306159480377,-31.134108139088635,-1.0968306159480377,4.702776137935225,-0.07123160225977697,0.024695817420241926
4421.0,176.84,1.0,-31.136856436778572,-0.9399732933722043,-31.136856436778572,-0.9399732933722043,4.706965429777941,-0.06869025837300272,0.02125784741766721
4422.0,176.88,1.0,-31.139224239750945,-0.7822102070088516,-31.139224239750945,-0.7822102070088516,4.711142559224131,-0.06631216088042048,0.017296796442535373
4423.0,176.92000000000002,1.0,-31.141364201758343,-0.6242141543967761,-31.141364201758343,-0.6242141543967761,4.715307710196099,-0.06406465808716465,0.012894282149316955
4424.0,176.96,1.0,-31.14316162677078,-0.4661443269122726,-31.14316162677078,-0.4661443269122726,4.719464170356856,-0.06191731860165227,0.00814893416030103
4425.0,177.0,1.0,-31.144931975388847,-0.30791768915244677,-31.144931975388847,-0.30791768915244677,4.7236157899459466,-0.059852025853131076,0.003172654070109309
4426.0,177.04,1.0,-31.14650687209461,-0.14874002126612157,-31.14650687209461,-0.14874002126612157,4.727768553707459,-0.05786844022455613,-0.001912716409034158
4427.0,177.08,1.0,-31.14815783833105,0.011670673325880088,-31.14815783833105,0.011670673325880088,4.731929027476517,-0.055984772699981575,-0.006979479898409566
4428.0,177.12,1.0,-31.14891510436028,0.17163264539875644,-31.14891510436028,0.17163264539875644,4.73610502085236,-0.0542336074755443,-0.011898780471488665
4429.0,177.16,1.0,-31.14837087579739,0.3328205577794345,-31.14837087579739,0.3328205577794345,4.7403053526756604,-0.0526605954932433,-0.01654549104697698
4430.0,177.20000000000002,1.0,-31.146931507252027,0.4951877240844317,-31.146931507252027,0.4951877240844317,4.744539142420749,-0.05133326889559488,-0.020803055343967935
4431.0,177.24,1.0,-31.14445790141655,0.6562903939786425,-31.14445790141655,0.6562903939786425,4.748817819115632,-0.05033507002346636,-0.02456712634004758
4432.0,177.28,1.0,-31.140605909464437,0.8177630166363704,-31.140605909464437,0.8177630166363704,4.753153869323521,-0.049755517981138454,-0.02774916556942953
4433.0,177.32,1.0,-31.136123482195877,0.9785825443635016,-31.136123482195877,0.9785825443635016,4.757560603974573,-0.04968832744239039,-0.030279797782272876
4434.0,177.36,1.0,-31.130186672351407,1.1413596546730254,-31.130186672351407,1.1413596546730254,4.762051497412606,-0.05022428174271293,-0.03211113648015848
4435.0,177.4,1.0,-31.124097252747852,1.3027107503893502,-31.124097252747852,1.3027107503893502,4.766638533574103,-0.05145482442698146,-0.0332180233216335
4436.0,177.44,1.0,-31.1160108786621,1.4632765812693265,-31.1160108786621,1.4632765812693265,4.771332847024458,-0.05346185834494632,-0.033598367370558276
4437.0,177.48,1.0,-31.107035678318436,1.6227447751396937,-31.107035678318436,1.6227447751396937,4.776143177368821,-0.05631345334542115,-0.03327346765959902
4438.0,177.52,1.0,-31.096498730573682,1.7826584015814007,-31.096498730573682,1.7826584015814007,4.781076297796714,-0.06005407310940879,-0.03228666267434597
4439.0,177.56,1.0,-31.083881225535986,1.9427567124539755,-31.083881225535986,1.9427567124539755,4.7861362081013965,-0.06470863215256631,-0.030701342301390832
4440.0,177.6,1.0,-31.070523749169865,2.1029695272843782,-31.070523749169865,2.1029695272843782,4.791324960264598,-0.07028172879955454,-0.028598111040560297
4441.0,177.64000000000001,1.0,-31.05652079261115,2.2637342051735567,-31.05652079261115,2.2637342051735567,4.7966428866964685,-0.07674669519460196,-0.026071557539702007
4442.0,177.68,1.0,-31.040678292382513,2.423518637863463,-31.040678292382513,2.423518637863463,4.802086965076417,-0.08405009549673868,-0.023226703709546704
4443.0,177.72,1.0,-31.024792685130116,2.5836616885893173,-31.024792685130116,2.5836616885893173,4.807651632288816,-0.09211595934847377,-0.020175092123494477
4444.0,177.76,1.0,-31.00683887452947,2.744337062568829,-31.00683887452947,2.744337062568829,4.813328172451959,-0.1008470730969997,-0.017030335243239804
4445.0,177.8,1.0,-30.98814621461697,2.905435875798209,-30.98814621461697,2.905435875798209,4.819105637592799,-0.11012612192820806,-0.013903904512102754
4446.0,177.84,1.0,-30.968805439122168,3.0660327755190124,-30.968805439122168,3.0660327755190124,4.824971430192372,-0.11981732495122573,-0.010901169521751086
4447.0,177.88,1.0,-30.948728150359308,3.2284722184920254,-30.948728150359308,3.2284722184920254,4.830911682452166,-0.12976433763635722,-0.008117664480011087
4448.0,177.92000000000002,1.0,-30.92864117422808,3.38953359324504,-30.92864117422808,3.38953359324504,4.836912191036639,-0.13980115325224948,-0.0056354793534213994
4449.0,177.96,1.0,-30.907152159520887,3.551467157382528,-30.907152159520887,3.551467157382528,4.842958794473456,-0.14976258976250983,-0.0035210023578381225
4450.0,178.0,1.0,-30.885737712060614,3.713468284812106,-30.885737712060614,3.713468284812106,4.849038096895123,-0.1594836823672543,-0.0018228071320298086
4451.0,178.04,1.0,-30.863476610565026,3.875525105845495,-30.863476610565026,3.875525105845495,4.8551363073820735,-0.16879841183304994,-0.0005703735562210168
4452.0,178.08,1.0,-30.8404118385644,4.038291901549294,-30.8404118385644,4.038291901549294,4.861239379834165,-0.1775497540324657,0.00022676410197357554
4453.0,178.12,1.0,-30.81599801610825,4.202855990208507,-30.81599801610825,4.202855990208507,4.8673338677086875,-0.18559601266004985,0.0005784358556840598
4454.0,178.16,1.0,-30.790341129446404,4.36809031213551,-30.790341129446404,4.36809031213551,4.873406862322053,-0.19281071155523097,0.0005129917003853727
4455.0,178.20000000000002,1.0,-30.763269338443514,4.53415570258253,-30.763269338443514,4.53415570258253,4.879447201624302,-0.1990857100801707,7.553194166376489e-05
4456.0,178.24,1.0,-30.735970877292253,4.70170789414257,-30.735970877292253,4.70170789414257,4.885445869514857,-0.20433438136633292,-0.0006743286493156294
4457.0,178.28,1.0,-30.706724805159773,4.872092497421398,-30.706724805159773,4.872092497421398,4.891396241139327,-0.20848934397364496,-0.0016654056111590908
4458.0,178.32,1.0,-30.677121608658826,5.042533133074749,-30.677121608658826,5.042533133074749,4.8972944173673945,-0.21151340692328152,-0.0028183824969085403
4459.0,178.36,1.0,-30.647011124380434,5.215030582900822,-30.647011124380434,5.215030582900822,4.903138375789265,-0.21339113234944568,-0.0040495760076011775
4460.0,178.4,1.0,-30.615558005676792,5.388348118993501,-30.615558005676792,5.388348118993501,4.908927973246577,-0.2141245939586512,-0.00527420469278064
4461.0,178.44,1.0,-30.58248223348044,5.560958431117276,-30.58248223348044,5.560958431117276,4.914664336484757,-0.21373382729304594,-0.006410432639098307
4462.0,178.48,1.0,-30.54759370966513,5.735647469721256,-30.54759370966513,5.735647469721256,4.9203509613371965,-0.21226606372816198,-0.007383025971519989
4463.0,178.52,1.0,-30.511238350195725,5.909884294448971,-30.511238350195725,5.909884294448971,4.925994141651439,-0.20978506969744398,-0.008126847655672034
4464.0,178.56,1.0,-30.47378475397632,6.0845860294717555,-30.47378475397632,6.0845860294717555,4.9316028107927155,-0.20636595710584457,-0.008588999756714255
4465.0,178.6,1.0,-30.435244802938644,6.259986630146634,-30.435244802938644,6.259986630146634,4.9371887422566,-0.20209199061071875,-0.008731268158252472
4466.0,178.64000000000001,1.0,-30.39453306789722,6.43776747488875,-30.39453306789722,6.43776747488875,4.942765182577446,-0.19705790629917672,-0.008531840922227623
4467.0,178.68,1.0,-30.352711715571303,6.613503548903485,-30.352711715571303,6.613503548903485,4.948345478577993,-0.19136748721556382,-0.007986448448204096
4468.0,178.72,1.0,-30.308848908773086,6.792097493541758,-30.308848908773086,6.792097493541758,4.953942538314815,-0.18513019500498004,-0.0071080763678691445
4469.0,178.76,1.0,-30.26376242428534,6.969345395036557,-30.26376242428534,6.969345395036557,4.95956744164423,-0.17845233615440148,-0.005926218110921736
4470.0,178.8,1.0,-30.215208583848757,7.148553949948175,-30.215208583848757,7.148553949948175,4.965230216106728,-0.17143769606256334,-0.004485508412608409
4471.0,178.84,1.0,-30.16582829131006,7.3282965239474525,-30.16582829131006,7.3282965239474525,4.970939185804198,-0.16419291461635152,-0.0028441517307227575
4472.0,178.88,1.0,-30.11433439310012,7.5089474151079525,-30.11433439310012,7.5089474151079525,4.976701411153039,-0.1568223305332829,-0.0010710112707332802
4473.0,178.92000000000002,1.0,-30.062654932341268,7.688343125354467,-30.062654932341268,7.688343125354467,4.982522181292802,-0.14941590252854892,0.0007576663836703756
4474.0,178.96,1.0,-30.009254703805926,7.869149440736249,-30.009254703805926,7.869149440736249,4.988404102570419,-0.14205593612537076,0.00256173274685078
4475.0,179.0,1.0,-29.95567269563715,8.04991234391313,-29.95567269563715,8.04991234391313,4.99434725169446,-0.134813977307429,0.00426016021710473
4476.0,179.04,1.0,-29.90018073675833,8.230832384662799,-29.90018073675833,8.230832384662799,5.000347687182254,-0.12775348901922978,0.005775094442411307
4477.0,179.08,1.0,-29.845522152138244,8.412198986317751,-29.845522152138244,8.412198986317751,5.006398649997969,-0.12092079839179481,0.0070354086188405525
4478.0,179.12,1.0,-29.78843006103448,8.593542649550216,-29.78843006103448,8.593542649550216,5.012491076358651,-0.11434760051051396,0.00798013635582195
4479.0,179.16,1.0,-29.73092940109702,8.774067385496021,-29.73092940109702,8.774067385496021,5.018614331107479,-0.10805467484840547,0.008560392858426951
4480.0,179.20000000000002,1.0,-29.672341396261253,8.954832333532677,-29.672341396261253,8.954832333532677,5.024757785807348,-0.10205568567787796,0.008741710610545694
4481.0,179.24,1.0,-29.61335626218837,9.135856014460863,-29.61335626218837,9.135856014460863,5.030910687145331,-0.09635444162311321,0.008505814381996482
4482.0,179.28,1.0,-29.554483986890183,9.317005718263037,-29.554483986890183,9.317005718263037,5.037063460666735,-0.09093754030022086,0.00785194840110134
4483.0,179.32,1.0,-29.494649247125665,9.500039132075482,-29.494649247125665,9.500039132075482,5.043207031037353,-0.08578437274863607,0.00679665489960891
4484.0,179.36,1.0,-29.434856580599494,9.681817453028327,-29.434856580599494,9.681817453028327,5.04933338436505,-0.08087448898991427,0.005372874783001698
4485.0,179.4,1.0,-29.37278262748788,9.863767037023717,-29.37278262748788,9.863767037023717,5.055435753911405,-0.0761867027852015,0.003628625790616144
4486.0,179.44,1.0,-29.310079570767186,10.043487419406997,-29.310079570767186,10.043487419406997,5.061508568974197,-0.07169905986836234,0.0016252902212668084
4487.0,179.48,1.0,-29.244553086481858,10.2251309150696,-29.244553086481858,10.2251309150696,5.067549679407358,-0.0673918990984392,-0.0005654231369520868
4488.0,179.52,1.0,-29.177768132448573,10.405402376022362,-29.177768132448573,10.405402376022362,5.073559086407927,-0.0632537717207405,-0.0028646221761542997
4489.0,179.56,1.0,-29.11124617263448,10.588588645672576,-29.11124617263448,10.588588645672576,5.0795404206379935,-0.05928143644343738,-0.005189736826832188
4490.0,179.6,1.0,-29.044421423774146,10.769035510273543,-29.044421423774146,10.769035510273543,5.085499826569074,-0.05548157284841153,-0.007457368501322358
4491.0,179.64000000000001,1.0,-28.97635855942541,10.95037286107179,-28.97635855942541,10.95037286107179,5.091445801799611,-0.051866517840709836,-0.00958732296584117
4492.0,179.68,1.0,-28.90717559221528,11.130046763146199,-28.90717559221528,11.130046763146199,5.097388809584869,-0.04846292809971324,-0.011506237604336242
4493.0,179.72,1.0,-28.835326839500972,11.310674448287926,-28.835326839500972,11.310674448287926,5.103340016339221,-0.045312518577124726,-0.013150957563530982
4494.0,179.76,1.0,-28.762724132614743,11.490983405148494,-28.762724132614743,11.490983405148494,5.109311847388012,-0.0424641186388258,-0.014470479665369306
4495.0,179.8,1.0,-28.68780835758387,11.670649827940071,-28.68780835758387,11.670649827940071,5.115316731084422,-0.039970568360707934,-0.015427970499861072
4496.0,179.84,1.0,-28.611812185780604,11.849928403920858,-28.611812185780604,11.849928403920858,5.121367682725972,-0.03789125474205637,-0.016002449269590532
4497.0,179.88,1.0,-28.534256845388022,12.026805378057146,-28.534256845388022,12.026805378057146,5.127477975339492,-0.036293703530566955,-0.01618973513582211
4498.0,179.92000000000002,1.0,-28.455132538439422,12.203881529291793,-28.455132538439422,12.203881529291793,5.133659528592357,-0.03524232654009851,-0.016002167158520392
4499.0,179.96,1.0,-28.374346796474818,12.380683393009518,-28.374346796474818,12.380683393009518,5.13992422299341,-0.03479528162200014,-0.015467533941047861
4500.0,180.0,1.0,-28.29131170237187,12.558404455421803,-28.29131170237187,12.558404455421803,5.146280579364255,-0.03499982239136734,-0.014627664439765051
4501.0,180.04,1.0,-28.20742402491958,12.735990915444741,-28.20742402491958,12.735990915444741,5.152735386899984,-0.03588915390818561,-0.01353649606051358
4502.0,180.08,1.0,-28.122187911364716,12.91210445610183,-28.122187911364716,12.91210445610183,5.159291643223524,-0.037483903051933075,-0.012256979561216134
4503.0,180.12,1.0,-28.03660106238312,13.086498270553403,-28.03660106238312,13.086498270553403,5.165949352871843,-0.03977974650391038,-0.01085778001818839
4504.0,180.16,1.0,-27.948446285893606,13.260884795178987,-27.948446285893606,13.260884795178987,5.172705396917856,-0.04274791982255777,-0.009409935637665987
4505.0,180.20000000000002,1.0,-27.860684093331162,13.434061793849164,-27.860684093331162,13.434061793849164,5.179553804717745,-0.04633434864346033,-0.007984105049117445
4506.0,180.24,1.0,-27.771664039930112,13.60748630853488,-27.771664039930112,13.60748630853488,5.186486608528675,-0.05046368518044371,-0.006647004269414133
4507.0,180.28,1.0,-27.682835869878044,13.779035543846964,-27.682835869878044,13.779035543846964,5.193493219703859,-0.05502927384362839,-0.005457819151832076
4508.0,180.32,1.0,-27.59288856638083,13.949920247717486,-27.59288856638083,13.949920247717486,5.200560759168243,-0.05989954397284134,-0.004465313802890757
4509.0,180.36,1.0,-27.501491401027103,14.118745740311303,-27.501491401027103,14.118745740311303,5.207674677850745,-0.06492670653553105,-0.003705767987531747
4510.0,180.4,1.0,-27.4080933365426,14.289219896771673,-27.4080933365426,14.289219896771673,5.214817865016741,-0.06994950139390017,-0.003201637468255047
4511.0,180.44,1.0,-27.314744968725204,14.45877476965679,-27.314744968725204,14.45877476965679,5.221974247454392,-0.07479584185101543,-0.0029600159263436995
4512.0,180.48,1.0,-27.21970377664666,14.629350881427623,-27.21970377664666,14.629350881427623,5.229126847529337,-0.07928715349458026,-0.002972343771159596
4513.0,180.52,1.0,-27.12456645330649,14.800190015672447,-27.12456645330649,14.800190015672447,5.236260675887443,-0.08324563409961291,-0.003214929231168303
4514.0,180.56,1.0,-27.027864119305644,14.969944239244139,-27.027864119305644,14.969944239244139,5.243361667226594,-0.08650743506163971,-0.0036505962637158594
4515.0,180.6,1.0,-26.929744593801104,15.140047874143894,-26.929744593801104,15.140047874143894,5.250418262198868,-0.08892945399883027,-0.004230242030741833
4516.0,180.64000000000001,1.0,-26.830143334791103,15.311307525002935,-26.830143334791103,15.311307525002935,5.2574208979847485,-0.090391480408443,-0.004894994063553794
4517.0,180.68,1.0,-26.727387746052763,15.482722719629049,-26.727387746052763,15.482722719629049,5.264361958155629,-0.090795503756073,-0.005579059981468052
4518.0,180.72,1.0,-26.623790539715163,15.65400096961273,-26.623790539715163,15.65400096961273,5.271236347393026,-0.09008326373929125,-0.006213320535607747
4519.0,180.76,1.0,-26.517875732106695,15.824652315687853,-26.517875732106695,15.824652315687853,5.278041327768503,-0.08822945686008336,-0.0067285148860683815
4520.0,180.8,1.0,-26.41196101108335,15.993897500344707,-26.41196101108335,15.993897500344707,5.284776972848154,-0.08524575655736404,-0.007058396340273096
4521.0,180.84,1.0,-26.303076902066806,16.16192930710718,-26.303076902066806,16.16192930710718,5.291446097774991,-0.08117914860963227,-0.0071425554995743715
4522.0,180.88,1.0,-26.192581247954585,16.330634243318425,-26.192581247954585,16.330634243318425,5.298052524873059,-0.07611878681865314,-0.006930135796062417
4523.0,180.92000000000002,1.0,-26.078796793047836,16.498578976191634,-26.078796793047836,16.498578976191634,5.30460213014519,-0.07018803031892092,-0.00638224367457195
4524.0,180.96,1.0,-25.96457861148503,16.666903861663307,-25.96457861148503,16.666903861663307,5.311100947196263,-0.06353928803820175,-0.00547404102581191
4525.0,181.0,1.0,-25.847986294997952,16.833910361930187,-25.847986294997952,16.833910361930187,5.317555553067101,-0.056344898391284225,-0.004195372360702531
4526.0,181.04,1.0,-25.72989944756897,17.00102393073597,-25.72989944756897,17.00102393073597,5.323971738138262,-0.048786859892851565,-0.0025520961276826555
4527.0,181.08,1.0,-25.6103351871597,17.16668351476446,-25.6103351871597,17.16668351476446,5.330354359217147,-0.04106156800673302,-0.0005661231682341776
4528.0,181.12,1.0,-25.48936812745177,17.33195160426437,-25.48936812745177,17.33195160426437,5.336707590896125,-0.03337280831554692,0.001724917655923233
4529.0,181.16,1.0,-25.366333674127958,17.496125816602266,-25.366333674127958,17.496125816602266,5.343034083432751,-0.025912581206634887,0.004269551495947757
4530.0,181.20000000000002,1.0,-25.244461180677387,17.660160871157622,-25.244461180677387,17.660160871157622,5.3493356322915515,-0.01885874556454039,0.007004128115557032
4531.0,181.24,1.0,-25.11837474238786,17.823092723373456,-25.11837474238786,17.823092723373456,5.355611496846027,-0.012368757158026678,0.009855217566612435
4532.0,181.28,1.0,-24.992621953022287,17.984819709247102,-24.992621953022287,17.984819709247102,5.361859756635445,-0.00657550347804543,0.012741844193366655
4533.0,181.32,1.0,-24.865669981921204,18.144707540645946,-24.865669981921204,18.144707540645946,5.368077076528562,-0.0015714076809450138,0.015579251628573121
4534.0,181.36,1.0,-24.73813993107641,18.304403349460284,-24.73813993107641,18.304403349460284,5.374259174093723,0.00258467344309079,0.01828193739934978
4535.0,181.4,1.0,-24.609670636106166,18.462227025418038,-24.609670636106166,18.462227025418038,5.380401024833165,0.005874300687608458,0.020766974342598835
4536.0,181.44,1.0,-24.481240095145306,18.61799820634272,-24.481240095145306,18.61799820634272,5.386497542489996,0.008313503045817284,0.022956321226600563
4537.0,181.48,1.0,-24.352882119604203,18.772972436929855,-24.352882119604203,18.772972436929855,5.392543849807374,0.009950348152231902,0.024780399780771574
4538.0,181.52,1.0,-24.224200804130184,18.9280562582835,-24.224200804130184,18.9280562582835,5.398535703192246,0.010872257493609117,0.026180550337165858
4539.0,181.56,1.0,-24.09499760848849,19.081289452734648,-24.09499760848849,19.081289452734648,5.404469139566966,0.011201770558472069,0.02711148686771825
4540.0,181.6,1.0,-23.965303473820875,19.234774805144404,-23.965303473820875,19.234774805144404,5.410341647613544,0.011082139820503701,0.027542063050983983
4541.0,181.64000000000001,1.0,-23.83535936322633,19.38769243501896,-23.83535936322633,19.38769243501896,5.416150895898143,0.0106687682486724,0.027456468584922317
4542.0,181.68,1.0,-23.704644599532845,19.540180725950403,-23.704644599532845,19.540180725950403,5.42189680622846,0.010134707889425165,0.02685465867351706
4543.0,181.72,1.0,-23.574059426552722,19.691379603824,-23.574059426552722,19.691379603824,5.427579733501366,0.009658564414699056,0.02575281320913403
4544.0,181.76,1.0,-23.442208644709947,19.84260348405461,-23.442208644709947,19.84260348405461,5.433201284434346,0.00941002025075226,0.024181967698712194
4545.0,181.8,1.0,-23.30865827389342,19.99537786733964,-23.30865827389342,19.99537786733964,5.438763780452275,0.009550589822018885,0.02218667650209824
4546.0,181.84,1.0,-23.174867313645674,20.146172843412142,-23.174867313645674,20.146172843412142,5.444270821297686,0.01022128949587291,0.01982329327900865
4547.0,181.88,1.0,-23.04041181748319,20.297234817710006,-23.04041181748319,20.297234817710006,5.449726698336546,0.01154606529386799,0.017158563785042727
4548.0,181.92000000000002,1.0,-22.904830053265677,20.448480109022352,-22.904830053265677,20.448480109022352,5.4551364923668455,0.013622083444334932,0.014266711136713342
4549.0,181.96,1.0,-22.769180955858907,20.598963345517582,-22.769180955858907,20.598963345517582,5.460506392156443,0.016513578221408552,0.011226897963297343
4550.0,182.0,1.0,-22.631639344106638,20.748052166164562,-22.631639344106638,20.748052166164562,5.465843813871238,0.020245719841286158,0.008120322335609229
4551.0,182.04,1.0,-22.4949795280385,20.896226299756414,-22.4949795280385,20.896226299756414,5.4711563374051035,0.024815058115860246,0.00502828425644788
4552.0,182.08,1.0,-22.355735910460133,21.045640684191273,-22.355735910460133,21.045640684191273,5.476452586012344,0.03019278237965517,0.0020295858209343626
4553.0,182.12,1.0,-22.215735806476566,21.193760645614837,-22.215735806476566,21.193760645614837,5.4817403881714535,0.03630945056983945,-0.0008021014760518887
4554.0,182.16,1.0,-22.074011523597985,21.340546022031386,-22.074011523597985,21.340546022031386,5.487028207396428,0.04306716385156364,-0.00340092999941624
4555.0,182.20000000000002,1.0,-21.934146010865557,21.48590458586213,-21.934146010865557,21.48590458586213,5.492324250435777,0.050345787224323944,-0.005710016561314353
4556.0,182.24,1.0,-21.792058928343423,21.630534635353616,-21.792058928343423,21.630534635353616,5.497636340756842,0.058006211427850896,-0.007682496900767456
4557.0,182.28,1.0,-21.648601855903706,21.774074559568227,-21.648601855903706,21.774074559568227,5.502971477083816,0.06589539648709956,-0.009282764187439537
4558.0,182.32,1.0,-21.50517070592281,21.916550530745454,-21.50517070592281,21.916550530745454,5.508335978426661,0.07384899455408608,-0.010487658458054395
4559.0,182.36,1.0,-21.360518149449035,22.059056359722092,-21.360518149449035,22.059056359722092,5.513735197236001,0.08169973969127378,-0.011286209365667614
4560.0,182.4,1.0,-21.21521219680176,22.200849222567392,-21.21521219680176,22.200849222567392,5.519172610564724,0.08928461949150457,-0.011679049091199456
4561.0,182.44,1.0,-21.06909637530672,22.340858158337824,-21.06909637530672,22.340858158337824,5.52464963850675,0.09645653537721073,-0.011677851209401222
4562.0,182.48,1.0,-20.922572400000927,22.478307445251243,-20.922572400000927,22.478307445251243,5.530165843298902,0.1030755314765851,-0.011304776829262706
4563.0,182.52,1.0,-20.77510067064527,22.614905625484052,-20.77510067064527,22.614905625484052,5.5357185402255356,0.10901530984520694,-0.010591530491531349
4564.0,182.56,1.0,-20.62767508668129,22.750061980245057,-20.62767508668129,22.750061980245057,5.541304629574456,0.11417705803183473,-0.009577406137595132
4565.0,182.6,1.0,-20.48061447189945,22.881479366827257,-20.48061447189945,22.881479366827257,5.5469191020125255,0.11848231540086807,-0.00830722433037603
4566.0,182.64000000000001,1.0,-20.333130235660064,23.01220131321649,-20.333130235660064,23.01220131321649,5.552556249558823,0.1218711027751016,-0.006830158948265311
4567.0,182.68,1.0,-20.184107688349517,23.14112135431524,-20.184107688349517,23.14112135431524,5.558209190061042,0.12430176677419451,-0.005198503123533435
4568.0,182.72,1.0,-20.036874180144693,23.27003301138472,-20.036874180144693,23.27003301138472,5.563871214340298,0.12575902461696592,-0.003465466463491401
4569.0,182.76,1.0,-19.888796031256028,23.397888790035985,-19.888796031256028,23.397888790035985,5.569534769080738,0.12624623416875713,-0.001683012587172824
4570.0,182.8,1.0,-19.740657122799544,23.524681554109783,-19.740657122799544,23.524681554109783,5.575191893192484,0.12578737782429636,9.91589049882384e-05
4571.0,182.84,1.0,-19.59228011782364,23.650204033736745,-19.59228011782364,23.650204033736745,5.580834764415732,0.12442030738641682,0.0018340954427013413
4572.0,182.88,1.0,-19.445054080108843,23.77212692223303,-19.445054080108843,23.77212692223303,5.586455817312185,0.12218948903958356,0.0034788522583941842
4573.0,182.92000000000002,1.0,-19.297797997641773,23.89446664166072,-19.297797997641773,23.89446664166072,5.5920491948232325,0.11915395899534198,0.004995438815276504
4574.0,182.96,1.0,-19.1506707911644,24.01541035799047,-19.1506707911644,24.01541035799047,5.597610628996288,0.11538049307908241,0.006351777934813835
4575.0,183.0,1.0,-19.0012984801363,24.136151313943763,-19.0012984801363,24.136151313943763,5.603136724043861,0.11093716897835944,0.007521260051556153
4576.0,183.04,1.0,-18.851535742764018,24.256233721550114,-18.851535742764018,24.256233721550114,5.608626245106107,0.10589741210294805,0.00848260396448397
4577.0,183.08,1.0,-18.702784568186548,24.37472260562436,-18.702784568186548,24.37472260562436,5.614079476780807,0.10034292467571966,0.009219870984580093
4578.0,183.12,1.0,-18.5524125138759,24.491131574321336,-18.5524125138759,24.491131574321336,5.619499498205762,0.09435833888312914,0.009722958565833188
4579.0,183.16,1.0,-18.402361351371972,24.605981890616484,-18.402361351371972,24.605981890616484,5.624890027290846,0.08802112215351725,0.0099864046942769
4580.0,183.20000000000002,1.0,-18.251631502249744,24.718343523184732,-18.251631502249744,24.718343523184732,5.6302567432638515,0.08141300594513945,0.010008375549609465
4581.0,183.24,1.0,-18.10054596266504,24.83171780652838,-18.10054596266504,24.83171780652838,5.63560697691621,0.07461527093700471,0.009790392271877977
4582.0,183.28,1.0,-17.94882526014999,24.944394778512642,-17.94882526014999,24.944394778512642,5.640949736235098,0.06771283089878992,0.009337418760312292
4583.0,183.32,1.0,-17.79777610043369,25.05860860421504,-17.79777610043369,25.05860860421504,5.646296203437355,0.06079242547367825,0.008657143613460639
4584.0,183.36,1.0,-17.6468036266876,25.169401084965642,-17.6468036266876,25.169401084965642,5.651656984939789,0.05393816822047339,0.007759271387148388
4585.0,183.4,1.0,-17.49648855903488,25.281107559104875,-17.49648855903488,25.281107559104875,5.657043484915676,0.04723532684948965,0.006654978773996405
4586.0,183.44,1.0,-17.344890157525015,25.390724175875896,-17.344890157525015,25.390724175875896,5.662466344649543,0.04077352315272651,0.0053574383058753285
4587.0,183.48,1.0,-17.194762960442624,25.501716371913215,-17.194762960442624,25.501716371913215,5.667935998968129,0.03464445521872359,0.0038818536786164384
4588.0,183.52,1.0,-17.042446934685067,25.608914543895263,-17.042446934685067,25.608914543895263,5.67346090976994,0.028935651925285112,0.0022457208819372746
4589.0,183.56,1.0,-16.890170608125747,25.715426383303612,-16.890170608125747,25.715426383303612,5.679047334271292,0.023738303246631086,0.0004679222687891282
4590.0,183.6,1.0,-16.73633176230457,25.820633546692612,-16.73633176230457,25.820633546692612,5.684699950044507,0.019148528435791824,-0.0014303254832140032
4591.0,183.64000000000001,1.0,-16.581997869412746,25.924996682557456,-16.581997869412746,25.924996682557456,5.690422079105842,0.015253288662571474,-0.0034249960255535367
4592.0,183.68,1.0,-16.426598415017814,26.03036480532038,-16.426598415017814,26.03036480532038,5.696215421171449,0.01213011223715681,-0.0054890790712560575
4593.0,183.72,1.0,-16.27115273941049,26.13291133887836,-16.27115273941049,26.13291133887836,5.70207984250921,0.009844264599346975,-0.007592987622336861
4594.0,183.76,1.0,-16.115352968554664,26.236024621499034,-16.115352968554664,26.236024621499034,5.708012579185814,0.008451528127965346,-0.009704426467692638
4595.0,183.8,1.0,-15.958602298218622,26.33819315871827,-15.958602298218622,26.33819315871827,5.714010432015904,0.00799413834441871,-0.01178822177222913
4596.0,183.84,1.0,-15.801415840872565,26.440613451780656,-15.801415840872565,26.440613451780656,5.720068311689097,0.008495911240862197,-0.013806734916244507
4597.0,183.88,1.0,-15.643013990480458,26.543534239811272,-15.643013990480458,26.543534239811272,5.726181449150695,0.00995545956692485,-0.015720663534923178
4598.0,183.92000000000002,1.0,-15.483814740634875,26.646722769334087,-15.483814740634875,26.646722769334087,5.732343301579983,0.012348975191649902,-0.01749021912939595
4599.0,183.96,1.0,-15.324146343580685,26.748104435537023,-15.324146343580685,26.748104435537023,5.738548878157417,0.01563399308681419,-0.019076241008233998
4600.0,184.0,1.0,-15.1632669452937,26.848865314646737,-15.1632669452937,26.848865314646737,5.744793659203692,0.019739420785943308,-0.020440746786567852
4601.0,184.04,1.0,-15.002275550865411,26.947645616666954,-15.002275550865411,26.947645616666954,5.7510751457464835,0.024566966775322087,-0.021548454580119936
4602.0,184.08,1.0,-14.840474822577471,27.044716190866836,-14.840474822577471,27.044716190866836,5.757391504335599,0.03000022954161565,-0.02236826360276293
4603.0,184.12,1.0,-14.677899360747185,27.139149397589325,-14.677899360747185,27.139149397589325,5.7637424661005925,0.03590877102353833,-0.022874692175818924
4604.0,184.16,1.0,-14.514453384393468,27.233216227598582,-14.514453384393468,27.233216227598582,5.770129132522834,0.04214784003859702,-0.023048408660726865
4605.0,184.20000000000002,1.0,-14.349492174936012,27.325587548832807,-14.349492174936012,27.325587548832807,5.776553952341888,0.048558940912772776,-0.02287736253975151
4606.0,184.24,1.0,-14.18462439288291,27.41781075849243,-14.18462439288291,27.41781075849243,5.78302017566959,0.05498043154050445,-0.02235770051524842
4607.0,184.28,1.0,-14.018536279377352,27.506786341643856,-14.018536279377352,27.506786341643856,5.78953120612538,0.061250629503922946,-0.021494238389557073
4608.0,184.32,1.0,-13.851836005897065,27.595364476322953,-13.851836005897065,27.595364476322953,5.796089633901175,0.06721852148819525,-0.02030088636045265
4609.0,184.36,1.0,-13.683846988369092,27.68211070867391,-13.683846988369092,27.68211070867391,5.802697828195248,0.07273930896127853,-0.018799926842108766
4610.0,184.4,1.0,-13.517988934759353,27.767684850292124,-13.517988934759353,27.767684850292124,5.8093562017104885,0.07767904831317558,-0.017021687205977215
4611.0,184.44,1.0,-13.350600682031759,27.85168645893241,-13.350600682031759,27.85168645893241,5.816063514365998,0.08192615450461718,-0.015003555552691918
4612.0,184.48,1.0,-13.18453622418211,27.934403737418545,-13.18453622418211,27.934403737418545,5.822815692848977,0.08539588092340678,-0.012789128993104837
4613.0,184.52,1.0,-13.016709718352928,28.016767730630455,-13.016709718352928,28.016767730630455,5.829606403200082,0.08802654653396158,-0.01042617985459984
4614.0,184.56,1.0,-12.848971303631398,28.096782123074497,-12.848971303631398,28.096782123074497,5.836426650374448,0.08978087089279785,-0.007964895422292648
4615.0,184.6,1.0,-12.682014192995066,28.17532558095914,-12.682014192995066,28.17532558095914,5.843265372727741,0.09064942964990616,-0.0054563617251233544
4616.0,184.64000000000001,1.0,-12.515641261511597,28.251411235431625,-12.515641261511597,28.251411235431625,5.850109776951494,0.0906528428348689,-0.0029507504504981486
4617.0,184.68,1.0,-12.34924068372117,28.325127213122506,-12.34924068372117,28.325127213122506,5.8569446668970855,0.08983311137183063,-0.0004954337788423268
4618.0,184.72,1.0,-12.183821156163393,28.396185417752612,-12.183821156163393,28.396185417752612,5.863754647746381,0.08825413781221751,0.0018667586386867754
4619.0,184.76,1.0,-12.018091203088055,28.46707659029418,-12.018091203088055,28.46707659029418,5.870523973485308,0.0859949517027027,0.004099170160275759
4620.0,184.8,1.0,-11.85256210747938,28.53720600766091,-11.85256210747938,28.53720600766091,5.877238211050964,0.08315248444435022,0.006172160647300345
4621.0,184.84,1.0,-11.686405435088977,28.605704427354436,-11.686405435088977,28.605704427354436,5.883883543810941,0.07983267783314704,0.008064096931040581
4622.0,184.88,1.0,-11.520562627439588,28.67552502708881,-11.520562627439588,28.67552502708881,5.8904481681067,0.07614558954141024,0.009761519787188472
4623.0,184.92000000000002,1.0,-11.3542438963843,28.74315024636764,-11.3542438963843,28.74315024636764,5.896921456370742,0.07219569054064823,0.011259574648909008
4624.0,184.96,1.0,-11.186496830157045,28.811098430568638,-11.186496830157045,28.811098430568638,5.903294891231526,0.06808955698946144,0.012560800052597739
4625.0,185.0,1.0,-11.019377321654735,28.876946652507364,-11.019377321654735,28.876946652507364,5.909561651790083,0.06392618837924109,0.013674478812167889
4626.0,185.04,1.0,-10.851608105178897,28.942311177415764,-10.851608105178897,28.942311177415764,5.915716641110228,0.059794257118962954,0.014615250016054352
4627.0,185.08,1.0,-10.683598319942107,29.00634346987623,-10.683598319942107,29.00634346987623,5.921756938533674,0.05576719399430532,0.015401889186484474
4628.0,185.12,1.0,-10.516745052910194,29.068685918196092,-10.516745052910194,29.068685918196092,5.927682956438022,0.05190689512775326,0.01605527981393699
4629.0,185.16,1.0,-10.348696829014948,29.12954715469882,-10.348696829014948,29.12954715469882,5.9334973338268755,0.0482625951741112,0.01659667908803631
4630.0,185.20000000000002,1.0,-10.179669008392779,29.189760102470483,-10.179669008392779,29.189760102470483,5.939205672276605,0.04487083757746837,0.01704594223328759
4631.0,185.24,1.0,-10.011136079890063,29.248241050255395,-10.011136079890063,29.248241050255395,5.944815144991993,0.04175379796947383,0.017419968478623173
4632.0,185.28,1.0,-9.8414690395018,29.304071173781562,-9.8414690395018,29.304071173781562,5.950335536043603,0.038927360539099884,0.01773120702115402
4633.0,185.32,1.0,-9.67259198130792,29.35924958458862,-9.67259198130792,29.35924958458862,5.955777599754603,0.036396762407376416,0.017986434042519102
4634.0,185.36,1.0,-9.50398117204872,29.41469649774147,-9.50398117204872,29.41469649774147,5.961154334867951,0.03416426221773694,0.01818576201106965
4635.0,185.4,1.0,-9.334302981210733,29.469792450305448,-9.334302981210733,29.469792450305448,5.966479598379989,0.03222226681920455,0.018322504357308384
4636.0,185.44,1.0,-9.165118484079475,29.522871425487644,-9.165118484079475,29.522871425487644,5.971768639926312,0.03056239820373081,0.018382850190100327
4637.0,185.48,1.0,-8.994797086494719,29.57698574011392,-8.994797086494719,29.57698574011392,5.977037518269466,0.029175331777277734,0.018346450940761642
4638.0,185.52,1.0,-8.824437831863502,29.629877094379417,-8.824437831863502,29.629877094379417,5.98230240930861,0.028055033561837715,0.0181872158185308
4639.0,185.56,1.0,-8.653785246234253,29.682027255772972,-8.653785246234253,29.682027255772972,5.987578533339791,0.02719262875074684,0.01787513161193593
4640.0,185.6,1.0,-8.48373786823315,29.732513704270513,-8.48373786823315,29.732513704270513,5.992880114795318,0.02657996278774908,0.017377663854308462
4641.0,185.64000000000001,1.0,-8.312506586405267,29.783221390952452,-8.312506586405267,29.783221390952452,5.998218763189398,0.02621061824781985,0.016661781456285912
4642.0,185.68,1.0,-8.142047427818538,29.830738504419763,-8.142047427818538,29.830738504419763,6.003604325096476,0.026079955812463584,0.015695838527893708
4643.0,185.72,1.0,-7.970726611214194,29.87805844243773,-7.970726611214194,29.87805844243773,6.009043600539213,0.02617941765928622,0.014452094964886078
4644.0,185.76,1.0,-7.800251448477175,29.92320876621371,-7.800251448477175,29.92320876621371,6.014542540289687,0.026498196164974685,0.012908684295415435
4645.0,185.8,1.0,-7.628831937375888,29.96864241865429,-7.628831937375888,29.96864241865429,6.0201033072471475,0.02702177320049144,0.01105193494472911
4646.0,185.84,1.0,-7.4583013279917525,30.01338785190517,-7.4583013279917525,30.01338785190517,6.025727905792715,0.02772819996756102,0.008877623735839914
4647.0,185.88,1.0,-7.28758248873887,30.05790352075818,-7.28758248873887,30.05790352075818,6.031413385225193,0.028584875474390793,0.006393329410289387
4648.0,185.92000000000002,1.0,-7.115581159704611,30.1025380866708,-7.115581159704611,30.1025380866708,6.0371580533152684,0.029551531613560344,0.0036182939638641346
4649.0,185.96,1.0,-6.945103882303816,30.14776558461353,-6.945103882303816,30.14776558461353,6.04295227962753,0.030575033580213164,0.0005852934213845344
4650.0,186.0,1.0,-6.773550379448333,30.19212319288864,-6.773550379448333,30.19212319288864,6.048791760621815,0.03159802077170781,-0.002661954649346984
4651.0,186.04,1.0,-6.601832571709998,30.235924569977605,-6.601832571709998,30.235924569977605,6.054657527217738,0.03255339702090323,-0.006065909163454437
4652.0,186.08,1.0,-6.4305014975864765,30.280552173557414,-6.4305014975864765,30.280552173557414,6.060544072657949,0.03336284336643462,-0.009561331973780535
4653.0,186.12,1.0,-6.258426676294277,30.32288371231774,-6.258426676294277,30.32288371231774,6.066418562183033,0.03394236042403491,-0.013070413886704522
4654.0,186.16,1.0,-6.0860963853423025,30.364028648261062,-6.0860963853423025,30.364028648261062,6.07227577352771,0.034207755954385764,-0.016515153177531404
4655.0,186.20000000000002,1.0,-5.913381570488806,30.4032436555761,-5.913381570488806,30.4032436555761,6.078055423784203,0.034076596379800164,-0.01980658714350948
4656.0,186.24,1.0,-5.739582747929248,30.44191277096242,-5.739582747929248,30.44191277096242,6.083752978157723,0.03346682960971463,-0.022867425067432067
4657.0,186.28,1.0,-5.5665749837965866,30.477779989053033,-5.5665749837965866,30.477779989053033,6.089253822440261,0.032309037345474946,-0.025608516523833814
4658.0,186.32,1.0,-5.394275592445161,30.512728205896593,-5.394275592445161,30.512728205896593,6.094555011346478,0.030544557986171596,-0.027972010150591236
4659.0,186.36,1.0,-5.222291865637197,30.54565329290162,-5.222291865637197,30.54565329290162,6.099431736547089,0.028126942458665715,-0.02988124792037792
4660.0,186.4,1.0,-5.049560529537908,30.57696538923583,-5.049560529537908,30.57696538923583,6.103884579049835,0.025027249216142012,-0.031323326680549976
4661.0,186.44,1.0,-4.878319685218239,30.60529967771298,-4.878319685218239,30.60529967771298,6.107466861112146,0.021233066258559273,-0.032245574538485366
4662.0,186.48,1.0,-4.7055899945859405,30.632373979420105,-4.7055899945859405,30.632373979420105,6.11018772105807,0.01675076453797695,-0.03271763314393687
4663.0,186.52,1.0,-4.531558251455104,30.658165041532566,-4.531558251455104,30.658165041532566,6.111155858923973,0.01161063019241384,-0.03272014453152393
4664.0,186.56,1.0,-4.357761908476894,30.68282140702258,-4.357761908476894,30.68282140702258,6.110399064598298,0.005862539740673367,-0.032465248552833295
4665.0,186.6,1.0,-4.183351256593253,30.70580627400016,-4.183351256593253,30.70580627400016,6.10613480389804,-0.00043084334591594333,-0.03197096754978794
4666.0,186.64000000000001,1.0,-4.006850681917403,30.727050803450158,-4.006850681917403,30.727050803450158,6.098418303026944,-0.007189144529701696,-0.03127694203151778
4667.0,186.68,1.0,-3.8290654409432454,30.7471963433579,-3.8290654409432454,30.7471963433579,6.0836837125936905,-0.014312390203591008,-0.030425334215707943
4668.0,186.72,1.0,-3.6509445047860423,30.766869332734935,-3.6509445047860423,30.766869332734935,6.062040496903586,-0.02169635716387277,-0.02948463501548988
4669.0,186.76,1.0,-3.471101377633636,30.785852058022765,-3.471101377633636,30.785852058022765,6.026356082374196,-0.02922646040453485,-0.028510300000604238
4670.0,186.8,1.0,-3.2930115786739336,30.804187238550924,-3.2930115786739336,30.804187238550924,5.976849584925791,-0.03678549329005283,-0.027592684781959014
4671.0,186.84,1.0,-3.1166267587358094,30.822790020244973,-3.1166267587358094,30.822790020244973,5.913534726732459,-0.04425598450531822,-0.02677944308174842
4672.0,186.88,1.0,-2.939418624791594,30.839065054935055,-2.939418624791594,30.839065054935055,5.836852283578948,-0.05152632408754463,-0.02617214784908365
4673.0,186.92000000000002,1.0,-2.764471092959373,30.854798236691046,-2.764471092959373,30.854798236691046,5.746828045092462,-0.05848864066042177,-0.025772506264280803
4674.0,186.96,1.0,-2.5889679857453833,30.86741404649387,-2.5889679857453833,30.86741404649387,5.6443473776799475,-0.0650495004546898,-0.025678702360698545
4675.0,187.0,1.0,-2.4140358330574707,30.87894082190415,-2.4140358330574707,30.87894082190415,5.529457823763983,-0.0711291076426093,-0.025780796161777204
4676.0,187.04,1.0,-2.2392760290908997,30.88932055670089,-2.2392760290908997,30.88932055670089,5.403935991580728,-0.07665755899091915,-0.026156125128524766
4677.0,187.08,1.0,-2.0644008172785946,30.897675242234016,-2.0644008172785946,30.897675242234016,5.2678845208780345,-0.0815838296276552,-0.026886567096233875
4678.0,187.12,1.0,-1.887336522246823,30.90671602411491,-1.887336522246823,30.90671602411491,5.124864436956498,-0.08587865530612453,-0.028019681741817005
4679.0,187.16,1.0,-1.710110307970196,30.915072432586147,-1.710110307970196,30.915072432586147,4.9750910760483915,-0.08952322502031176,-0.029401598752024333
4680.0,187.20000000000002,1.0,-1.5328113369148864,30.923929383947062,-1.5328113369148864,30.923929383947062,4.825694470849744,-0.09251665848789228,-0.03102033627641877
4681.0,187.24,1.0,-1.355171149429615,30.932695607951263,-1.355171149429615,30.932695607951263,4.677121044321666,-0.09487230702942404,-0.032788880108551334
4682.0,187.28,1.0,-1.1781397390365702,30.941676768587673,-1.1781397390365702,30.941676768587673,4.529357618835772,-0.09661666669042031,-0.0346094988883854
4683.0,187.32,1.0,-1.0021009085187824,30.949751869669637,-1.0021009085187824,30.949751869669637,4.383301465097912,-0.09778427956185265,-0.03640665462828431
4684.0,187.36,1.0,-0.8258745891880371,30.957541029196953,-0.8258745891880371,30.957541029196953,4.231785733944704,-0.0984255727954068,-0.037945704938104216
4685.0,187.4,1.0,-0.6492949117124833,30.96456510663479,-0.6492949117124833,30.96456510663479,4.076604745850039,-0.09859141648855974,-0.0391316339577017
4686.0,187.44,1.0,-0.4741490774345237,30.971626169120032,-0.4741490774345237,30.971626169120032,3.9141399281619678,-0.09833906333537623,-0.039914531175128415
4687.0,187.48,1.0,-0.2996811388551513,30.97780928196702,-0.2996811388551513,30.97780928196702,3.747974246840193,-0.09773163840519021,-0.040169956976429506
4688.0,187.52,1.0,-0.12531810956677453,30.983127929847477,-0.12531810956677453,30.983127929847477,3.576223440721511,-0.09683219795849432,-0.03983792167657173
4689.0,187.56,1.0,0.04704322871173113,30.986256979962427,0.04704322871173113,30.986256979962427,3.4060398862136885,-0.09570050840703877,-0.03874010249248565
4690.0,187.6,1.0,0.22076272487836665,30.987867220264132,0.22076272487836665,30.987867220264132,3.236323304648015,-0.09439889341829377,-0.03702912396206779
4691.0,187.64000000000001,1.0,0.39494975410020217,30.98773872804236,0.39494975410020217,30.98773872804236,3.067086743286089,-0.09298610864444654,-0.03469730227893784
4692.0,187.68,1.0,0.5680884119965534,30.985269555403086,0.5680884119965534,30.985269555403086,2.8974486413425224,-0.09151684510274471,-0.03180172536269263
4693.0,187.72,1.0,0.7426595500022604,30.980351166476346,0.7426595500022604,30.980351166476346,2.7274211777913107,-0.09004305164703083,-0.028393402746676934
4694.0,187.76,1.0,0.9182084297391666,30.97485932211834,0.9182084297391666,30.97485932211834,2.5558978267476498,-0.08861678705271961,-0.024492171398043404
4695.0,187.8,1.0,1.0953176250021606,30.968143023343323,1.0953176250021606,30.968143023343323,2.3900329910566978,-0.08727803458561804,-0.020262778019882705
4696.0,187.84,1.0,1.2748733915095865,30.96007674494381,1.2748733915095865,30.96007674494381,2.2279359525615807,-0.08606938743656929,-0.015726546374583105
4697.0,187.88,1.0,1.4560768005131997,30.9519267442782,1.4560768005131997,30.9519267442782,2.0731856972064024,-0.08502749652535273,-0.010848731857726715
4698.0,187.92000000000002,1.0,1.638289328891937,30.941911969750116,1.638289328891937,30.941911969750116,1.9221579409858767,-0.08418411021218335,-0.005675377640540661
4699.0,187.96,1.0,1.8205784165746153,30.930857750993226,1.8205784165746153,30.930857750993226,1.77664029792751,-0.08356710835028351,-0.0003914615720574145
4700.0,188.0,1.0,2.0046724584473123,30.91920160587701,2.0046724584473123,30.91920160587701,1.6294643541840688,-0.08320338478186247,0.004883237065269942
4701.0,188.04,1.0,2.189426134175058,30.90648644534553,2.189426134175058,30.90648644534553,1.4815148012056962,-0.08311149257361627,0.01005375501197027
4702.0,188.08,1.0,2.3756234320586835,30.893244719965985,2.3756234320586835,30.893244719965985,1.3327726155484803,-0.08330780304549026,0.015128024429053847
4703.0,188.12,1.0,2.5620129324672405,30.87861043055424,2.5620129324672405,30.87861043055424,1.183671341321444,-0.08380332263858811,0.02004295078211727
4704.0,188.16,1.0,2.74918632197802,30.863173412240496,2.74918632197802,30.863173412240496,1.041335860648518,-0.08460200426610327,0.024665646253437076
4705.0,188.20000000000002,1.0,2.9354662950114347,30.845797034738375,2.9354662950114347,30.845797034738375,0.9059733773760013,-0.08569789843189099,0.028937423597337013
4706.0,188.24,1.0,3.122701487327075,30.82687271983577,3.122701487327075,30.82687271983577,0.7811364046406588,-0.08708325271916281,0.03278892806268647
4707.0,188.28,1.0,3.3099009772387866,30.8046883029155,3.3099009772387866,30.8046883029155,0.6669198354941601,-0.08873734667139332,0.03613570348159473
4708.0,188.32,1.0,3.4981622365528318,30.780860464757865,3.4981622365528318,30.780860464757865,0.565092811041123,-0.09063164629899378,0.03893934028388972
4709.0,188.36,1.0,3.6871442482127934,30.754859682191444,3.6871442482127934,30.754859682191444,0.4756987882555498,-0.0927288466888194,0.041052307983307584
4710.0,188.4,1.0,3.8777112931130246,30.7268149759798,3.8777112931130246,30.7268149759798,0.39961832501071237,-0.09498666104044462,0.04266645241064824
4711.0,188.44,1.0,4.068752167633823,30.697533590376917,4.068752167633823,30.697533590376917,0.33687023113314474,-0.09735368115209911,0.043775631995632974
4712.0,188.48,1.0,4.262557101366236,30.668903836678634,4.262557101366236,30.668903836678634,0.28789775951402913,-0.09977662853262363,0.04447823381538947
4713.0,188.52,1.0,4.457010598606062,30.640877854853535,4.457010598606062,30.640877854853535,0.25270897946644016,-0.10219420440242702,0.044764707628083114
4714.0,188.56,1.0,4.652698611643894,30.61245586563706,4.652698611643894,30.61245586563706,0.23152744985692508,-0.10454059146149611,0.044687808266035495
4715.0,188.6,1.0,4.846933193762686,30.582857642109058,4.846933193762686,30.582857642109058,0.2172152131254947,-0.10675125526558644,0.04436338051092962
4716.0,188.64000000000001,1.0,5.040471881010241,30.55204808032629,5.040471881010241,30.55204808032629,0.2098853943682563,-0.1087629368948952,0.043824352966568315
4717.0,188.68,1.0,5.231777962650503,30.519645593058243,5.231777962650503,30.519645593058243,0.20597040357806234,-0.1105126752846626,0.04310878067472945
4718.0,188.72,1.0,5.423210533991077,30.485349014245383,5.423210533991077,30.485349014245383,0.2055274964499872,-0.11194582174306497,0.042262878776128755
4719.0,188.76,1.0,5.614885779966538,30.44902796922882,5.614885779966538,30.44902796922882,0.2067725129685185,-0.11301337339185506,0.041284837356436246
4720.0,188.8,1.0,5.805822233734649,30.410610558694934,5.805822233734649,30.410610558694934,0.20973038354175358,-0.11367427401503402,0.040276991067565784
4721.0,188.84,1.0,5.9969840684422655,30.37021076152937,5.9969840684422655,30.37021076152937,0.21350593159918643,-0.11389287141305164,0.0392173597270533
4722.0,188.88,1.0,6.187944489336438,30.327407512826017,6.187944489336438,30.327407512826017,0.21810673307573727,-0.11364439093302399,0.03807317881240631
4723.0,188.92000000000002,1.0,6.378832203506346,30.284023869745063,6.378832203506346,30.284023869745063,0.22307963258488156,-0.11291491633807486,0.03682159778206732
4724.0,188.96,1.0,6.570567163900495,30.23807516428665,6.570567163900495,30.23807516428665,0.2284217061305449,-0.11170288820545582,0.03556992552368946
4725.0,189.0,1.0,6.761998612028509,30.192646638319598,6.761998612028509,30.192646638319598,0.23390039931688608,-0.11002151066023765,0.03429721867068884
4726.0,189.04,1.0,6.954505406223296,30.145237686497296,6.954505406223296,30.145237686497296,0.23951199189324987,-0.10788969957801789,0.03305156706111606
4727.0,189.08,1.0,7.146614279307828,30.098373929147453,7.146614279307828,30.098373929147453,0.2451361192687561,-0.1053396203368816,0.03182075866188479
4728.0,189.12,1.0,7.338232619362901,30.04917049747312,7.338232619362901,30.04917049747312,0.2507692781893045,-0.10241368988880128,0.030630051607781393
4729.0,189.16,1.0,7.531457307648671,29.99984475014987,7.531457307648671,29.99984475014987,0.25634905119560714,-0.09916366803132179,0.029476720115371113
4730.0,189.20000000000002,1.0,7.72402421661211,29.9496913192283,7.72402421661211,29.9496913192283,0.26187342689630605,-0.0956474694137986,0.028378867577496435
4731.0,189.24,1.0,7.917849823069555,29.898356671115778,7.917849823069555,29.898356671115778,0.2673118803046325,-0.09193142176115998,0.027342379102464
4732.0,189.28,1.0,8.111267370966837,29.84452102942032,8.111267370966837,29.84452102942032,0.2726664901914039,-0.08808573519692682,0.02638401543002313
4733.0,189.32,1.0,8.304031416559418,29.78856744325651,8.304031416559418,29.78856744325651,0.27792641827527464,-0.08418319018821843,0.025513829387083974
4734.0,189.36,1.0,8.496649813132812,29.73187617851778,8.496649813132812,29.73187617851778,0.2830992815940958,-0.08029438731428336,0.02474624340260171
4735.0,189.4,1.0,8.689507818204682,29.673278467625806,8.689507818204682,29.673278467625806,0.28818827365235233,-0.07649122691760138,0.02395927732192292
4736.0,189.44,1.0,8.881863040954503,29.615132377549294,8.881863040954503,29.615132377549294,0.29320671640540646,-0.0728421865383827,0.023168463676809005
4737.0,189.48,1.0,9.074796071261952,29.555341256470456,9.074796071261952,29.555341256470456,0.2981631628124455,-0.06941860203749206,0.02231895261445954
4738.0,189.52,1.0,9.267180986660861,29.494495672091393,9.267180986660861,29.494495672091393,0.30307341856490894,-0.06628108367559178,0.02142224299649904
4739.0,189.56,1.0,9.459705620491594,29.432912196358437,9.459705620491594,29.432912196358437,0.3079489027771352,-0.06348748429816178,0.02045244636199061
4740.0,189.6,1.0,9.653010775598071,29.369897688507358,9.653010775598071,29.369897688507358,0.3128054424217471,-0.06108324888508139,0.019414936771096326
4741.0,189.64000000000001,1.0,9.846031575202359,29.306039184041857,9.846031575202359,29.306039184041857,0.31765520561791877,-0.059113150302169924,0.018294113812679084
4742.0,189.68,1.0,10.037726161702476,29.24211532041113,10.037726161702476,29.24211532041113,0.32251192379153604,-0.05760804387669394,0.017088014874083256
4743.0,189.72,1.0,10.230634659215987,29.175806502526036,10.230634659215987,29.175806502526036,0.32738587792759516,-0.05659418425904541,0.015783119782774573
4744.0,189.76,1.0,10.421224231807082,29.110463883238644,10.421224231807082,29.110463883238644,0.33228789200043374,-0.05608640072573732,0.014372739020988146
4745.0,189.8,1.0,10.613848915242784,29.043099011112314,10.613848915242784,29.043099011112314,0.33722553265424005,-0.056093568710324136,0.012844670551742415
4746.0,189.84,1.0,10.804646301225594,28.97544575556909,10.804646301225594,28.97544575556909,0.3422056230704934,-0.05661218482315191,0.011190765821711083
4747.0,189.88,1.0,10.996544464768668,28.90694485936812,10.996544464768668,28.90694485936812,0.3472324347751596,-0.05763007590956648,0.009401691125674643
4748.0,189.92000000000002,1.0,11.187764445012409,28.837420125194388,11.187764445012409,28.837420125194388,0.35230931422769307,-0.05912206589168891,0.00747261188614458
4749.0,189.96,1.0,11.378252761181914,28.7665143070098,11.378252761181914,28.7665143070098,0.3574387068940667,-0.06106247269077079,0.0054009943928763696
4750.0,190.0,1.0,11.568351416853144,28.695753434146077,11.568351416853144,28.695753434146077,0.362623053165481,-0.06341309475564946,0.0031894915071214737
4751.0,190.04,1.0,11.75954578262051,28.624344178918555,11.75954578262051,28.624344178918555,0.3678644171920304,-0.06613347220849948,0.0008450336427244153
4752.0,190.08,1.0,11.94983852818531,28.55256576225555,11.94983852818531,28.55256576225555,0.37316517231543267,-0.06916848065221062,-0.0016195771173061007
4753.0,190.12,1.0,12.141645969809169,28.48059642577025,12.141645969809169,28.48059642577025,0.37852878834780757,-0.07246471740614675,-0.004186283118054862
4754.0,190.16,1.0,12.332433723374566,28.40674054724858,12.332433723374566,28.40674054724858,0.38395946798893393,-0.07596024451125816,-0.006831483046863557
4755.0,190.20000000000002,1.0,12.52353371955445,28.33267500710469,12.52353371955445,28.33267500710469,0.389462123794249,-0.07959621030356165,-0.009527107332525018
4756.0,190.24,1.0,12.713893568783599,28.25640482613452,12.713893568783599,28.25640482613452,0.3950423745553181,-0.0833076896043434,-0.01224063052149235
4757.0,190.28,1.0,12.90524602877058,28.17993852861556,12.90524602877058,28.17993852861556,0.40070623984735876,-0.08703300239294365,-0.014936381217706244
4758.0,190.32,1.0,13.094969840811597,28.101921395227556,13.094969840811597,28.101921395227556,0.40646008041260195,-0.09070912767719044,-0.01757662922790027
4759.0,190.36,1.0,13.285814914278827,28.0228422309601,13.285814914278827,28.0228422309601,0.4123111216533104,-0.09427692279853214,-0.020123174597867877
4760.0,190.4,1.0,13.474986161685814,27.942124226732112,13.474986161685814,27.942124226732112,0.41826675463405394,-0.09767575350825033,-0.02253828025210327
4761.0,190.44,1.0,13.664050519751777,27.859666889548624,13.664050519751777,27.859666889548624,0.42433434989715196,-0.1008515283066782,-0.02478601643061972
4762.0,190.48,1.0,13.854739939584736,27.77551453683025,13.854739939584736,27.77551453683025,0.43052147963945925,-0.10375540247226689,-0.02683345405430293
4763.0,190.52,1.0,14.04454386084837,27.690274404493074,14.04454386084837,27.690274404493074,0.4368351167466691,-0.10634824210445223,-0.028651674291265982
4764.0,190.56,1.0,14.235091677610324,27.603520882169057,14.235091677610324,27.603520882169057,0.44328103683718173,-0.10859254751458965,-0.03021658384255403
4765.0,190.6,1.0,14.42512539388309,27.514937110841764,14.42512539388309,27.514937110841764,0.44986356234621594,-0.110459825281859,-0.03150934666515387
4766.0,190.64000000000001,1.0,14.615034661568433,27.42492819390988,14.615034661568433,27.42492819390988,0.4565849548142535,-0.11192428870932032,-0.032516625396072835
4767.0,190.68,1.0,14.804199432162909,27.332201919152663,14.804199432162909,27.332201919152663,0.4634457865687363,-0.11297254093111411,-0.03323080606378191
4768.0,190.72,1.0,14.993640252995004,27.239933149981653,14.993640252995004,27.239933149981653,0.4704447394361533,-0.1135963752288595,-0.03364976143316054
4769.0,190.76,1.0,15.183027745550842,27.14597480577774,15.183027745550842,27.14597480577774,0.4775789032376162,-0.11379515515157657,-0.03377615958170304
4770.0,190.8,1.0,15.371939612933422,27.049214179842913,15.371939612933422,27.049214179842913,0.48484262991146,-0.11357296403543422,-0.033616836665877524
4771.0,190.84,1.0,15.560498532260748,26.94988385800003,15.560498532260748,26.94988385800003,0.49222799872193895,-0.11293869676064357,-0.03318246939539597
4772.0,190.88,1.0,15.74853868098188,26.849989232242955,15.74853868098188,26.849989232242955,0.4997249500910976,-0.11190739668585611,-0.032486438638467056
4773.0,190.92000000000002,1.0,15.936427469002634,26.746727105630402,15.936427469002634,26.746727105630402,0.5073210663856633,-0.11049798662647663,-0.03154385661220217
4774.0,190.96,1.0,16.123557297258593,26.64347790525116,16.123557297258593,26.64347790525116,0.5150025658319329,-0.10873563847014922,-0.030370685239633387
4775.0,191.0,1.0,16.310478168418996,26.538335589804547,16.310478168418996,26.538335589804547,0.5227541066753688,-0.10664899337200803,-0.02898328753394147
4776.0,191.04,1.0,16.496829602112776,26.430827204270155,16.496829602112776,26.430827204270155,0.5305599840022032,-0.10427028486971161,-0.02739798714542322
4777.0,191.08,1.0,16.6829788603794,26.320260333301746,16.6829788603794,26.320260333301746,0.5384047290814321,-0.10163202620850646,-0.025630796849442
4778.0,191.12,1.0,16.86966885337758,26.20882624113874,16.86966885337758,26.20882624113874,0.5462738095908031,-0.09876634210330101,-0.023697123870459472
4779.0,191.16,1.0,17.055427307820835,26.09393739956575,17.055427307820835,26.09393739956575,0.5541531759063789,-0.09570338077192542,-0.02161161936093489
4780.0,191.20000000000002,1.0,17.240815142815514,25.979580589454297,17.240815142815514,25.979580589454297,0.5620298432602183,-0.09247673239962817,-0.01938872654929457
4781.0,191.24,1.0,17.425553010613406,25.863870253836247,17.425553010613406,25.863870253836247,0.5698926476485886,-0.08911926051326272,-0.017043043856252778
4782.0,191.28,1.0,17.608799747171126,25.74580596495893,17.608799747171126,25.74580596495893,0.5777323385945256,-0.08566239662952083,-0.014589484830278249
4783.0,191.32,1.0,17.790652061557328,25.626719148466844,17.790652061557328,25.626719148466844,0.5855415115348482,-0.0821292110856103,-0.012044021183579598
4784.0,191.36,1.0,17.97251528130112,25.503478240294804,17.97251528130112,25.503478240294804,0.5933150412280848,-0.07853786816067701,-0.009424431979206874
4785.0,191.4,1.0,18.152205782226986,25.37905029394767,18.152205782226986,25.37905029394767,0.6010493323010047,-0.07489716639640535,-0.006750871377976938
4786.0,191.44,1.0,18.33212639955313,25.25281639132929,18.33212639955313,25.25281639132929,0.6087427718974496,-0.07121479329843076,-0.004045912264302923
4787.0,191.48000000000002,1.0,18.510860753500115,25.126128865762382,18.510860753500115,25.126128865762382,0.6163949097488299,-0.06748849681585564,-0.0013348404381561929
4788.0,191.52,1.0,18.688821947558512,24.99664833180992,18.688821947558512,24.99664833180992,0.6240062021264571,-0.06371115001147616,0.0013543645329444013
4789.0,191.56,1.0,18.865140037832596,24.865085843191533,18.865140037832596,24.865085843191533,0.6315766936623562,-0.05986387167532188,0.0039908074512445425
4790.0,191.6,1.0,19.041890688841008,24.73029155430428,19.041890688841008,24.73029155430428,0.6391073263400887,-0.0559259639610596,0.006541088252412619
4791.0,191.64000000000001,1.0,19.21630459148667,24.59634539934821,19.21630459148667,24.59634539934821,0.6465990315776955,-0.0518656341074768,0.008970143085213378
4792.0,191.68,1.0,19.391130832618366,24.460134970182715,19.391130832618366,24.460134970182715,0.6540524597419809,-0.047646305866719765,0.011242338886862232
4793.0,191.72,1.0,19.563621420961077,24.3240559024231,19.563621420961077,24.3240559024231,0.6614676349057864,-0.04322876974359413,0.013322161150275211
4794.0,191.76,1.0,19.736825421523513,24.18427635228334,19.736825421523513,24.18427635228334,0.6688439739678638,-0.03857910861428389,0.015175280358389892
4795.0,191.8,1.0,19.908688517073728,24.044167858994616,19.908688517073728,24.044167858994616,0.6761800649616434,-0.03366180755158623,0.01676988679365319
4796.0,191.84,1.0,20.08121471987652,23.902540302783272,20.08121471987652,23.902540302783272,0.6834742235148468,-0.02844547906208659,0.01807809745744108
4797.0,191.88,1.0,20.252110989978583,23.760373202558267,20.252110989978583,23.760373202558267,0.6907241440336851,-0.022900203820909803,0.01907702935193533
4798.0,191.92000000000002,1.0,20.42248007551327,23.616749056509484,20.42248007551327,23.616749056509484,0.6979269888537146,-0.017008136425091424,0.01975001397104325
4799.0,191.96,1.0,20.59060788646617,23.474418939636003,20.59060788646617,23.474418939636003,0.7050798739121864,-0.01076321652898593,0.020087455879512762
4800.0,192.0,1.0,20.758179616649674,23.328320992687388,20.758179616649674,23.328320992687388,0.712180615542173,-0.004175037487467148,0.020088127460145582
4801.0,192.04,1.0,20.925821281955827,23.181485511158513,20.925821281955827,23.181485511158513,0.7192269833292402,0.0027387479724623187,0.01975945822628202
4802.0,192.08,1.0,21.09322970887459,23.03356741530211,21.09322970887459,23.03356741530211,0.7262169841692523,0.00994418627673721,0.01911764341312457
4803.0,192.12,1.0,21.260072863177587,22.885190612667273,21.260072863177587,22.885190612667273,0.7331489702894118,0.01738983880702678,0.018187091088231626
4804.0,192.16,1.0,21.425027116609833,22.735578032704243,21.425027116609833,22.735578032704243,0.7400215260075406,0.025008336287131817,0.017000311403215833
4805.0,192.20000000000002,1.0,21.589469050362588,22.58551818805884,21.589469050362588,22.58551818805884,0.746833838240275,0.032724138476770824,0.015597056240481424
4806.0,192.24,1.0,21.752299289015458,22.43404727609316,21.752299289015458,22.43404727609316,0.7535856180335707,0.040447355042086165,0.014023194979170104
4807.0,192.28,1.0,21.9151424355942,22.280788546610925,21.9151424355942,22.280788546610925,0.7602769827140773,0.048075478713930364,0.012328843489145678
4808.0,192.32,1.0,22.0767662990833,22.126506901038706,22.0767662990833,22.126506901038706,0.7669092400439055,0.05549942418252567,0.010566786394829168
4809.0,192.36,1.0,22.237972828525123,21.972637947366373,22.237972828525123,21.972637947366373,0.7734853347749165,0.06260564942466698,0.008790656974407727
4810.0,192.4,1.0,22.397145064818467,21.818719370595208,22.397145064818467,21.818719370595208,0.7800092167199683,0.06928248909809913,0.007053314829788404
4811.0,192.44,1.0,22.556554045464065,21.66197225076997,22.556554045464065,21.66197225076997,0.7864859043749395,0.07541703538370907,0.005404357955452041
4812.0,192.48000000000002,1.0,22.7129278769037,21.505288971735958,22.7129278769037,21.505288971735958,0.7929212862555445,0.08089914725337606,0.003888222467285775
4813.0,192.52,1.0,22.8692776336881,21.347678295939314,22.8692776336881,21.347678295939314,0.7993222945840731,0.08562680975492407,0.002542420727239705
4814.0,192.56,1.0,23.02238706680613,21.190457069375338,23.02238706680613,21.190457069375338,0.8056968168475059,0.08951635055401848,0.001396425156161285
4815.0,192.6,1.0,23.174019079055316,21.03169244557117,23.174019079055316,21.03169244557117,0.8120541893625797,0.0924984838540607,0.0004700886435359868
4816.0,192.64000000000001,1.0,23.322666533748723,20.873258406029912,23.322666533748723,20.873258406029912,0.8184047102791338,0.09451738055530275,-0.00022704678231330044
4817.0,192.68,1.0,23.470445144137738,20.714695070266462,23.470445144137738,20.714695070266462,0.8247599291685781,0.09553533869229287,-0.0006963552175603543
4818.0,192.72,1.0,23.616600238701533,20.555675301625143,23.616600238701533,20.555675301625143,0.8311322656396392,0.09553953587519184,-0.00094960897828111
4819.0,192.76,1.0,23.76275850593951,20.395198712676695,23.76275850593951,20.395198712676695,0.8375338365573108,0.09453563636371913,-0.0010086550101838045
4820.0,192.8,1.0,23.906737310714295,20.23436999584078,23.906737310714295,20.23436999584078,0.8439755298922517,0.09255438001833642,-0.0009046349541758078
4821.0,192.84,1.0,24.04789641734477,20.072648830469284,24.04789641734477,20.072648830469284,0.8504670426344914,0.08964412850013684,-0.0006771324442177623
4822.0,192.88,1.0,24.187304802414015,19.910106326663353,24.187304802414015,19.910106326663353,0.8570162696097652,0.08587691813047019,-0.00037209663753659387
4823.0,192.92000000000002,1.0,24.32459703767867,19.74629332658779,24.32459703767867,19.74629332658779,0.8636297781955923,0.08134062132736992,-3.981199870119606e-05
4824.0,192.96,1.0,24.461600841590336,19.582400199786274,24.461600841590336,19.582400199786274,0.8703125089824194,0.07614302837992533,0.00026721210999855124
4825.0,193.0,1.0,24.597933277227416,19.417283466091508,24.597933277227416,19.417283466091508,0.8770684287643473,0.07039680614229082,0.0004960111822549511
4826.0,193.04,1.0,24.732964598834734,19.251557009456032,24.732964598834734,19.251557009456032,0.8839000860173268,0.06422874688712257,0.0005958093622803043
4827.0,193.08,1.0,24.86678324545968,19.086176621804984,24.86678324545968,19.086176621804984,0.890808984637198,0.057772843476822947,0.000520387209215515
4828.0,193.12,1.0,24.999410873216114,18.92141323032735,24.999410873216114,18.92141323032735,0.8977946705474856,0.05116817384821495,0.00023044390361752834
4829.0,193.16,1.0,25.131087582883023,18.754753934861533,25.131087582883023,18.754753934861533,0.9048550218931511,0.0445509175133469,-0.00030493672934561803
4830.0,193.20000000000002,1.0,25.261276133433444,18.589141528114588,25.261276133433444,18.589141528114588,0.9119868079091116,0.03805716157665175,-0.0011067839812523837
4831.0,193.24,1.0,25.390916440385993,18.4226611278064,25.390916440385993,18.4226611278064,0.919186431291364,0.03181404835150507,-0.0021849136773486474
4832.0,193.28,1.0,25.51895494836808,18.255661845061425,25.51895494836808,18.255661845061425,0.9264500876000981,0.0259391737882372,-0.003536803424611079
4833.0,193.32,1.0,25.646776067271027,18.08772544631869,25.646776067271027,18.08772544631869,0.9337747724850743,0.02053835849801806,-0.0051475841991186514
4834.0,193.36,1.0,25.772839947510988,17.91929281029404,25.772839947510988,17.91929281029404,0.9411578263603897,0.015706803793241207,-0.0069903284041356786
4835.0,193.4,1.0,25.90036205880197,17.75000465472788,25.90036205880197,17.75000465472788,0.9485973764350328,0.011517473592905914,-0.00902643400187278
4836.0,193.44,1.0,26.026820276911764,17.579167115202086,26.026820276911764,17.579167115202086,0.9560908432960374,0.008031950852208513,-0.011206168452399409
4837.0,193.48000000000002,1.0,26.15187565730728,17.407123875687635,26.15187565730728,17.407123875687635,0.9636353979556436,0.005291918124825346,-0.013470302672970318
4838.0,193.52,1.0,26.274340236132662,17.23377588208717,26.274340236132662,17.23377588208717,0.9712270020956346,0.003324368461034144,-0.015752332530710518
4839.0,193.56,1.0,26.39589187992603,17.05835302282286,26.39589187992603,17.05835302282286,0.9788617366679254,0.002136574207732789,-0.017980716918473402
4840.0,193.6,1.0,26.515489551404706,16.882004532065842,26.515489551404706,16.882004532065842,0.9865353591273143,0.0017183680649124789,-0.02008076771218016
4841.0,193.64000000000001,1.0,26.634986205957794,16.704823642951155,26.634986205957794,16.704823642951155,0.9942438841347521,0.0020404167826199027,-0.02197696236305654
4842.0,193.68,1.0,26.75289766245234,16.52709590457376,26.75289766245234,16.52709590457376,1.0019833327174652,0.0030601319706367704,-0.023595788107365737
4843.0,193.72,1.0,26.870119790642974,16.34679592532479,26.870119790642974,16.34679592532479,1.0097499382501236,0.0047251954736591715,-0.024868479763179175
4844.0,193.76,1.0,26.985347636450495,16.16707700892696,26.985347636450495,16.16707700892696,1.0175392872990074,0.006967916148098841,-0.02573312594314791
4845.0,193.8,1.0,27.097959434310383,15.986453972798326,27.097959434310383,15.986453972798326,1.0253464972455086,0.009708692550343345,-0.026136320251827515
4846.0,193.84,1.0,27.209996982957286,15.805274004656079,27.209996982957286,15.805274004656079,1.0331656427836498,0.012865259461508493,-0.026035447321353423
4847.0,193.88,1.0,27.31885680995044,15.622651860650766,27.31885680995044,15.622651860650766,1.0409906352079032,0.01635142531300717,-0.025400494561283175
4848.0,193.92000000000002,1.0,27.427286946557633,15.438056901057285,27.427286946557633,15.438056901057285,1.0488148878212402,0.020076860714695454,-0.024215265210292408
4849.0,193.96,1.0,27.53344761014615,15.253838721010457,27.53344761014615,15.253838721010457,1.056632430346443,0.023945449563653565,-0.02247752873186345
4850.0,194.0,1.0,27.63737378422756,15.067959480174869,27.63737378422756,15.067959480174869,1.064436705772734,0.027863346173951385,-0.02019947850772385
4851.0,194.04,1.0,27.73736376063108,14.881086385162337,27.73736376063108,14.881086385162337,1.0722216029227425,0.03174175887010673,-0.017407974091684927
4852.0,194.08,1.0,27.837809052105666,14.692614495844733,27.837809052105666,14.692614495844733,1.0799804040222343,0.03550014955849923,-0.014144010607017168
4853.0,194.12,1.0,27.935161142869056,14.503893970548404,27.935161142869056,14.503893970548404,1.0877058594958164,0.03906151861860938,-0.010461037215759713
4854.0,194.16,1.0,28.032343481917025,14.313056070618975,28.032343481917025,14.313056070618975,1.0953897670979744,0.04235431841863992,-0.006423376519837621
4855.0,194.20000000000002,1.0,28.124826510443263,14.121349097036312,28.124826510443263,14.121349097036312,1.1030229385887245,0.045323025123421436,-0.0021047631447420703
4856.0,194.24,1.0,28.21628124038852,13.929222504716146,28.21628124038852,13.929222504716146,1.1105957156920963,0.047923843850406087,0.0024130292625340727
4857.0,194.28,1.0,28.30541996799817,13.736039481148953,28.30541996799817,13.736039481148953,1.1180977543993613,0.050121108328117295,0.007042885209892708
4858.0,194.32,1.0,28.39433688170838,13.543009335893402,28.39433688170838,13.543009335893402,1.1255191742944977,0.05188236971345086,0.011694894677728794
4859.0,194.36,1.0,28.479678725036926,13.350887227638305,28.479678725036926,13.350887227638305,1.1328499380252528,0.05318595886030379,0.016278795336010305
4860.0,194.4,1.0,28.564923582435334,13.158397744191053,28.564923582435334,13.158397744191053,1.1400801815963049,0.054023277853242034,0.020705492123049684
4861.0,194.44,1.0,28.647812992584296,12.966239190667437,28.647812992584296,12.966239190667437,1.1472007322558444,0.05439205067255981,0.024889833842279434
4862.0,194.48000000000002,1.0,28.72965206464328,12.772904130832407,28.72965206464328,12.772904130832407,1.1542029949788783,0.05429315410604476,0.02875294167392171
4863.0,194.52,1.0,28.809690414155256,12.579984105591006,28.809690414155256,12.579984105591006,1.161079219667635,0.05372728467051098,0.03222427351545134
4864.0,194.56,1.0,28.889226581198432,12.387414016008503,28.889226581198432,12.387414016008503,1.167822917354251,0.052702647068579814,0.03524243776635193
4865.0,194.6,1.0,28.967805872372814,12.193414125965695,28.967805872372814,12.193414125965695,1.1744290509293625,0.05123133715048698,0.03775648731211799
4866.0,194.64000000000001,1.0,29.044456614538472,11.999875684962959,29.044456614538472,11.999875684962959,1.1808947502095644,0.049319439109309825,0.03972713725381749
4867.0,194.68,1.0,29.121266897533083,11.805304360754343,29.121266897533083,11.805304360754343,1.1872188182139922,0.04696948433242354,0.04112759405189898
4868.0,194.72,1.0,29.194949364637257,11.612425050635355,29.194949364637257,11.612425050635355,1.1934031726942487,0.04418162533172707,0.04194331663043464
4869.0,194.76,1.0,29.267995610283794,11.417927729270044,29.267995610283794,11.417927729270044,1.199451002815786,0.04096150934675054,0.04217148478758301
4870.0,194.8,1.0,29.341528899626116,11.223429750646465,29.341528899626116,11.223429750646465,1.205368795251695,0.03731278920867549,0.04182069366582712
4871.0,194.84,1.0,29.414118551507613,11.028034925016422,29.414118551507613,11.028034925016422,1.2111645206304051,0.03323581504646398,0.040911025290429615
4872.0,194.88,1.0,29.486376201817222,10.833167538258227,29.486376201817222,10.833167538258227,1.2168485216175464,0.02873057208955656,0.03947235250696993
4873.0,194.92000000000002,1.0,29.556910369949538,10.637471539576355,29.556910369949538,10.637471539576355,1.222432044031507,0.023804153113295378,0.03754267582289473
4874.0,194.96,1.0,29.626718101855925,10.442476847715021,29.626718101855925,10.442476847715021,1.22792823952737,0.01846980334353574,0.03516645480401537
4875.0,195.0,1.0,29.696489231747318,10.247481535315034,29.696489231747318,10.247481535315034,1.2333512343882302,0.01274148812247613,0.032393701813753006
4876.0,195.04,1.0,29.764528528132416,10.052888478857394,29.764528528132416,10.052888478857394,1.2387167339201972,0.006636201538069719,0.029278048617954362
4877.0,195.08,1.0,29.83233806434048,9.858494387068523,29.83233806434048,9.858494387068523,1.2440419489793775,0.00018037607306304882,0.025874794504458343
4878.0,195.12,1.0,29.898636619862778,9.663363587996818,29.898636619862778,9.663363587996818,1.249345177817421,-0.006587441714787002,0.02223928006842661
4879.0,195.16,1.0,29.965394294597775,9.467372709907533,29.965394294597775,9.467372709907533,1.2546453345928927,-0.013615524070979147,0.01842574505719969
4880.0,195.20000000000002,1.0,30.030787697734933,9.272519336871197,30.030787697734933,9.272519336871197,1.259962544307082,-0.020847929719817814,0.014486406855627024
4881.0,195.24,1.0,30.09531918694065,9.075907819139179,30.09531918694065,9.075907819139179,1.2653160988918604,-0.02821737423873505,0.010469970444074297
4882.0,195.28,1.0,30.15798768489983,8.880105737854063,30.15798768489983,8.880105737854063,1.2707259067326122,-0.03564782883047477,0.006420375434726663
4883.0,195.32,1.0,30.22008563853267,8.684362363506057,30.22008563853267,8.684362363506057,1.2762108912436547,-0.04304699196289741,0.002376515601007836
4884.0,195.36,1.0,30.28068115465364,8.487134981290634,30.28068115465364,8.487134981290634,1.2817903135540463,-0.05032349711704158,-0.001627373983430171
4885.0,195.4,1.0,30.340286403297632,8.290375532722454,30.340286403297632,8.290375532722454,1.2874825289377512,-0.05738168667830499,-0.005561993319197843
4886.0,195.44,1.0,30.399350488224645,8.092071418805721,30.399350488224645,8.092071418805721,1.2933056882911997,-0.0641231869358198,-0.009403228504871066
4887.0,195.48000000000002,1.0,30.45770897945517,7.8946592322341855,30.45770897945517,7.8946592322341855,1.2992766635714639,-0.07044643088776262,-0.01313121050062382
4888.0,195.52,1.0,30.516147799915252,7.693903721974719,30.516147799915252,7.693903721974719,1.305409747667007,-0.0762538934525567,-0.01672910931244958
4889.0,195.56,1.0,30.57391594137341,7.4929407502655865,30.57391594137341,7.4929407502655865,1.311717361180095,-0.08145528732006349,-0.02018219168150771
4890.0,195.6,1.0,30.62984858404697,7.29118710920982,30.62984858404697,7.29118710920982,1.3182080446258593,-0.08597610680283758,-0.023477068600747945
4891.0,195.64000000000001,1.0,30.684751952386762,7.090215826816747,30.684751952386762,7.090215826816747,1.324886797896017,-0.08974690818279422,-0.026600874502281203
4892.0,195.68,1.0,30.737158232212618,6.887085466820727,30.737158232212618,6.887085466820727,1.3317552780532729,-0.09271415062389463,-0.02953975343706521
4893.0,195.72,1.0,30.789503551829597,6.684001384086092,30.789503551829597,6.684001384086092,1.338811570455904,-0.09483666847758102,-0.03227795453931119
4894.0,195.76,1.0,30.83957421975422,6.4780179409829035,30.83957421975422,6.4780179409829035,1.3460507902769794,-0.09610412980357166,-0.03479705226258881
4895.0,195.8,1.0,30.8888735725996,6.272904784043139,30.8888735725996,6.272904784043139,1.353464816914643,-0.09651858245080236,-0.037076012880681755
4896.0,195.84,1.0,30.9381464066315,6.0653158670639264,30.9381464066315,6.0653158670639264,1.3610427723919625,-0.09610382531622982,-0.03909019624546012
4897.0,195.88,1.0,30.985575158427054,5.857544217889416,30.985575158427054,5.857544217889416,1.36877080240365,-0.09489776780714301,-0.04081111213221843
4898.0,195.92000000000002,1.0,31.032124574930315,5.646685201038044,31.032124574930315,5.646685201038044,1.3766325492026135,-0.0929604842006849,-0.04220703700418205
4899.0,195.96,1.0,31.076284696081593,5.436440959340861,31.076284696081593,5.436440959340861,1.3846105191426268,-0.09036249357368713,-0.04324431592903856
4900.0,196.0,1.0,31.118785789621864,5.2247553932271975,31.118785789621864,5.2247553932271975,1.3926854986846569,-0.08718753679749724,-0.043888143943398274
4901.0,196.04,1.0,31.159700702255225,5.013465886069577,31.159700702255225,5.013465886069577,1.4008391889725715,-0.0835206997795563,-0.04410370381534294
4902.0,196.08,1.0,31.198623363216065,4.800936705778595,31.198623363216065,4.800936705778595,1.4090538652477604,-0.07946058939348344,-0.04385763638706213
4903.0,196.12,1.0,31.23531911071139,4.588409373082838,31.23531911071139,4.588409373082838,1.4173136335599392,-0.07510966140801541,-0.04312028929242244
4904.0,196.16,1.0,31.27064276252322,4.374496904211613,31.27064276252322,4.374496904211613,1.4256041703972566,-0.0705735863053368,-0.04186745344615066
4905.0,196.20000000000002,1.0,31.304211652533915,4.160937243301054,31.304211652533915,4.160937243301054,1.433913120964832,-0.06594069008266867,-0.040082107557770794
4906.0,196.24,1.0,31.33460255948112,3.9461856386175427,31.33460255948112,3.9461856386175427,1.4422299019607174,-0.061297021225598256,-0.03775585346891293
4907.0,196.28,1.0,31.362049244602343,3.7306406100732645,31.362049244602343,3.7306406100732645,1.450545247004145,-0.05671179931508905,-0.034891177997144286
4908.0,196.32,1.0,31.38718340317256,3.514731473961432,31.38718340317256,3.514731473961432,1.4588513261969438,-0.05224926533107983,-0.03150275104273864
4909.0,196.36,1.0,31.40941336572401,3.298490160188352,31.40941336572401,3.298490160188352,1.4671414757465766,-0.04795252125497877,-0.027618210879215805
4910.0,196.4,1.0,31.429465956206922,3.081130835311987,31.429465956206922,3.081130835311987,1.475410025036933,-0.04385639681478477,-0.023278230856689557
4911.0,196.44,1.0,31.44705882765185,2.864292201011856,31.44705882765185,2.864292201011856,1.4836529953151312,-0.03997893841246743,-0.018537049110067556
4912.0,196.48000000000002,1.0,31.46170171974826,2.645542152837587,31.46170171974826,2.645542152837587,1.4918662917985288,-0.036327678347108774,-0.013461989396985733
4913.0,196.52,1.0,31.47420079749734,2.427592982487698,31.47420079749734,2.427592982487698,1.5000461397928764,-0.03289158449622276,-0.00813234089742893
4914.0,196.56,1.0,31.48424792541554,2.2099479022733552,31.48424792541554,2.2099479022733552,1.5081878599728256,-0.02964369561214277,-0.0026372796183092946
4915.0,196.6,1.0,31.49164539400374,1.9924548481872382,31.49164539400374,1.9924548481872382,1.5162859981491472,-0.02654730287467997,0.002926082294404886
4916.0,196.64000000000001,1.0,31.49666847166924,1.7747029189543977,31.49666847166924,1.7747029189543977,1.524333698898989,-0.023565178643689854,0.008455032066938827
4917.0,196.68,1.0,31.499795620282327,1.5566946989590915,31.499795620282327,1.5566946989590915,1.5323227403278266,-0.02064856018967971,0.013843995511613926
4918.0,196.72,1.0,31.501662676353682,1.3397606884563553,31.501662676353682,1.3397606884563553,1.5402445844314203,-0.01774825001186473,0.018988024333410913
4919.0,196.76,1.0,31.50183671091998,1.1211648383045674,31.50183671091998,1.1211648383045674,1.5480899893503393,-0.014809492462928509,0.023785762526151385
4920.0,196.8,1.0,31.501775537277872,0.9024115674300826,31.501775537277872,0.9024115674300826,1.55585020887144,-0.011787856375842098,0.02814228241646517
4921.0,196.84,1.0,31.500194179259815,0.6848324150571421,31.500194179259815,0.6848324150571421,1.5635164092470801,-0.008637939597843359,0.031972006227688726
4922.0,196.88,1.0,31.497459945520507,0.4664643524920077,31.497459945520507,0.4664643524920077,1.5710793152549558,-0.005321994624702486,0.03520183968179534
4923.0,196.92000000000002,1.0,31.494141381949056,0.24836265432461727,31.494141381949056,0.24836265432461727,1.5785308455419576,-0.0018087978470951338,0.037773445258881044
4924.0,196.96,1.0,31.48838183634761,0.0286885109487355,31.48838183634761,0.0286885109487355,1.5858634424166858,0.0019211310053034003,0.03964485639203985
4925.0,197.0,1.0,31.48256666515646,-0.19004902326884848,31.48256666515646,-0.19004902326884848,1.5930712782291496,0.005877386566972165,0.040791447901921796
4926.0,197.04,1.0,31.47434605639824,-0.4105764355824995,31.47434605639824,-0.4105764355824995,1.6001501779604925,0.010066903340308131,0.041206730204371385
4927.0,197.08,1.0,31.465391055681142,-0.630519703688101,31.465391055681142,-0.630519703688101,1.6070987160702679,0.014487379336846096,0.04090232131048166
4928.0,197.12,1.0,31.454844068975383,-0.8503243279535709,31.454844068975383,-0.8503243279535709,1.6139185669335245,0.01912540904642963,0.03990717588658109
4929.0,197.16,1.0,31.443366104913878,-1.0679848348570353,31.443366104913878,-1.0679848348570353,1.6206138761142106,0.02395638701018903,0.038266043251966766
4930.0,197.20000000000002,1.0,31.43172741065298,-1.2861193882019166,31.43172741065298,-1.2861193882019166,1.6271921148517419,0.028956565817590384,0.03603803335600721
4931.0,197.24,1.0,31.41952229872357,-1.5062264005377244,31.41952229872357,-1.5062264005377244,1.6336627128906058,0.03410284331603355,0.03329464959672622
4932.0,197.28,1.0,31.406497236152063,-1.7249133115206448,31.406497236152063,-1.7249133115206448,1.6400379669476428,0.03936824824448375,0.030116983312294877
4933.0,197.32,1.0,31.392554785622735,-1.9441338860917958,31.392554785622735,-1.9441338860917958,1.6463326128428117,0.0447220520162301,0.02659271181491042
4934.0,197.36,1.0,31.378288746876144,-2.1615767383173536,31.378288746876144,-2.1615767383173536,1.652562581659988,0.050136414845477886,0.022813362734693664
4935.0,197.4,1.0,31.362786404766148,-2.379033232429957,31.362786404766148,-2.379033232429957,1.6587455982293045,0.05559093660414396,0.018871725853362588
4936.0,197.44,1.0,31.345779735316757,-2.5952192898202218,31.345779735316757,-2.5952192898202218,1.6648995977999803,0.06106613249909334,0.014859033270752987
4937.0,197.48000000000002,1.0,31.326536391999014,-2.8122970637481406,31.326536391999014,-2.8122970637481406,1.6710430486545573,0.06653627540253819,0.010862382057348421
4938.0,197.52,1.0,31.30573011113209,-3.0281823302848947,31.30573011113209,-3.0281823302848947,1.677193620536014,0.07198041227077027,0.006962711322380582
4939.0,197.56,1.0,31.284640877515038,-3.2425084059143563,31.284640877515038,-3.2425084059143563,1.6833676757999616,0.07737909083376834,0.0032332791729988604
4940.0,197.6,1.0,31.260156919482476,-3.457463785210382,31.260156919482476,-3.457463785210382,1.6895799764007908,0.08271842874195137,-0.00026149340118378423
4941.0,197.64000000000001,1.0,31.234293068681673,-3.673031233913884,31.234293068681673,-3.673031233913884,1.6958422735087395,0.08796853598316619,-0.003467254428478523
4942.0,197.68,1.0,31.208314860659886,-3.8886357612897546,31.208314860659886,-3.8886357612897546,1.7021638261976229,0.09310116233366857,-0.00634017296732532
4943.0,197.72,1.0,31.180262156024675,-4.1032012207964454,31.180262156024675,-4.1032012207964454,1.7085499040305794,0.09808309101336658,-0.008846595185839351
4944.0,197.76,1.0,31.151324885522918,-4.315791864988287,31.151324885522918,-4.315791864988287,1.7150026994337935,0.10288277178033947,-0.010962626952896742
4945.0,197.8,1.0,31.120357579949076,-4.528958878828047,31.120357579949076,-4.528958878828047,1.721521281765953,0.10745159401887527,-0.01267388593465751
4946.0,197.84,1.0,31.089158710152645,-4.738864878263922,31.089158710152645,-4.738864878263922,1.7281014556772498,0.11172868146470412,-0.013974845872657623
4947.0,197.88,1.0,31.05626603644012,-4.9492314555538295,31.05626603644012,-4.9492314555538295,1.7347371655770942,0.1156444630257257,-0.014867508545000374
4948.0,197.92000000000002,1.0,31.02176074839167,-5.159093774514225,31.02176074839167,-5.159093774514225,1.7414200683571188,0.11913128608188646,-0.015360310101385768
4949.0,197.96,1.0,30.98588703603924,-5.370836994228566,30.98588703603924,-5.370836994228566,1.7481404601978858,0.12211244711940543,-0.015467293460636045
4950.0,198.0,1.0,30.948730217986565,-5.579907854994444,30.948730217986565,-5.579907854994444,1.7548872510345188,0.12450670543377598,-0.015207264699033116
4951.0,198.04,1.0,30.909311157935264,-5.787799971175751,30.909311157935264,-5.787799971175751,1.7616485724514643,0.12622747929673497,-0.014602858046573039
4952.0,198.08,1.0,30.86921098009044,-5.993506430525451,30.86921098009044,-5.993506430525451,1.7684132320040038,0.1272022118038458,-0.013679611327289658
4953.0,198.12,1.0,30.827082651621236,-6.200122699859951,30.827082651621236,-6.200122699859951,1.775170610325564,0.1273573944462098,-0.012465510957340203
4954.0,198.16,1.0,30.783537632366592,-6.405147536702701,30.783537632366592,-6.405147536702701,1.7819124235850858,0.1266308669121132,-0.010990854250214436
4955.0,198.20000000000002,1.0,30.73856672473617,-6.610166240256052,30.73856672473617,-6.610166240256052,1.7886317507227854,0.12497048233097445,-0.00928800667037071
4956.0,198.24,1.0,30.69291426337842,-6.8127323431885785,30.69291426337842,-6.8127323431885785,1.7953239902093472,0.12235609639065119,-0.007390851567914218
4957.0,198.28,1.0,30.646280678324064,-7.014293465732033,30.646280678324064,-7.014293465732033,1.8019863260540567,0.11878760905401568,-0.005334614718880608
4958.0,198.32,1.0,30.597307744082077,-7.214423120466582,30.597307744082077,-7.214423120466582,1.8086166777703638,0.11429135175212175,-0.0031562189590381264
4959.0,198.36,1.0,30.54680505176547,-7.413913244226711,30.54680505176547,-7.413913244226711,1.815214097469869,0.10891302033214396,-0.0008941720757283354
4960.0,198.4,1.0,30.495302087197693,-7.610907489193712,30.495302087197693,-7.610907489193712,1.8217779224515513,0.10273393655876203,0.0014118939356708167
4961.0,198.44,1.0,30.442337180479292,-7.807824364583288,30.442337180479292,-7.807824364583288,1.8283088685778046,0.09586635406019225,0.0037215074527672436
4962.0,198.48000000000002,1.0,30.386624275489066,-8.002355314856999,30.386624275489066,-8.002355314856999,1.8348079368913708,0.08845345074237443,0.0059935482917197625
4963.0,198.52,1.0,30.33099294629695,-8.196590022345855,30.33099294629695,-8.196590022345855,1.8412763830567584,0.08065905996525895,0.00818677891072953
4964.0,198.56,1.0,30.274229180453073,-8.390077905361123,30.274229180453073,-8.390077905361123,1.8477152255382356,0.0726729733714416,0.0102607666353666
4965.0,198.6,1.0,30.215686061829388,-8.583933777865756,30.215686061829388,-8.583933777865756,1.854124221192399,0.06469972929768546,0.012176764189403175
4966.0,198.64000000000001,1.0,30.15747716179832,-8.776358901654103,30.15747716179832,-8.776358901654103,1.8605023413123323,0.056953583914217856,0.013898704465978445
4967.0,198.68,1.0,30.097560077414403,-8.967463284316775,30.097560077414403,-8.967463284316775,1.8668466997852042,0.04964537589740934,0.015394112602252324
4968.0,198.72,1.0,30.03698744397576,-9.158092367633028,30.03698744397576,-9.158092367633028,1.8731532023455777,0.04298826299935028,0.016635010525699427
4969.0,198.76,1.0,29.974863820770725,-9.348592170653065,29.974863820770725,-9.348592170653065,1.8794177603314384,0.037185033845305915,0.01759929022296452
4970.0,198.8,1.0,29.910750675655827,-9.540310823487614,29.910750675655827,-9.540310823487614,1.8856357203721263,0.03242200720532906,0.018271506672486202
4971.0,198.84,1.0,29.84669191237172,-9.731744371947627,29.84669191237172,-9.731744371947627,1.8918031053590147,0.028852387044385086,0.01864352715815428
4972.0,198.88,1.0,29.78248230112709,-9.922447991531211,29.78248230112709,-9.922447991531211,1.8979150702389842,0.026592357778757857,0.01871501342003398
4973.0,198.92000000000002,1.0,29.716743944701044,-10.114070477615972,29.716743944701044,-10.114070477615972,1.903968039648468,0.025719626500140213,0.018494089835817584
4974.0,198.96,1.0,29.64945836298706,-10.305117968157976,29.64945836298706,-10.305117968157976,1.9099575754275235,0.026269162541950396,0.0179971090617011
4975.0,199.0,1.0,29.581851030649126,-10.49658397201271,29.581851030649126,-10.49658397201271,1.9158801673164203,0.028226329646907588,0.017248175456405276
4976.0,199.04,1.0,29.511719728818026,-10.68928175110214,29.511719728818026,-10.68928175110214,1.9217327649295015,0.0315299081298734,0.016278551052922873
4977.0,199.08,1.0,29.441111086917182,-10.879903578053046,29.441111086917182,-10.879903578053046,1.927513381743827,0.036075372195162256,0.015125605700275055
4978.0,199.12,1.0,29.36962820242432,-11.07051162646373,29.36962820242432,-11.07051162646373,1.9332220744427246,0.04171369853345699,0.013831424500011796
4979.0,199.16,1.0,29.297097358630147,-11.26108133040602,29.297097358630147,-11.26108133040602,1.9388609834329915,0.04825149062906886,0.0124415929258407
4980.0,199.20000000000002,1.0,29.22418628796718,-11.451858265723352,29.22418628796718,-11.451858265723352,1.9444333575802353,0.05546022960996231,0.011003383530975897
4981.0,199.24,1.0,29.149896248961454,-11.642307026845476,29.149896248961454,-11.642307026845476,1.9499441224564555,0.06308741042734074,0.009564008152168683
4982.0,199.28,1.0,29.075460402000914,-11.833109196124441,29.075460402000914,-11.833109196124441,1.9553991401015722,0.07086374596968828,0.008168516595387412
4983.0,199.32,1.0,28.999058654065728,-12.022869502200518,28.999058654065728,-12.022869502200518,1.960805626562672,0.07851490878746936,0.006858301776614678
4984.0,199.36,1.0,28.92151829278513,-12.211198327922599,28.92151829278513,-12.211198327922599,1.9661703003491915,0.08576393237763755,0.0056688735947896165
4985.0,199.4,1.0,28.84269266250455,-12.397991183353465,28.84269266250455,-12.397991183353465,1.9715016413092765,0.09234645300563785,0.004628956018445635
4986.0,199.44,1.0,28.762661962064072,-12.584764416591712,28.762661962064072,-12.584764416591712,1.9768083309012858,0.09802112779046561,0.0037591202803191337
4987.0,199.48000000000002,1.0,28.681864766619906,-12.770350983525617,28.681864766619906,-12.770350983525617,1.9821006256250269,0.10257908007970802,0.0030709547827287354
4988.0,199.52,1.0,28.601365404559203,-12.95529694814314,28.601365404559203,-12.95529694814314,1.9873896090361107,0.10584387086799382,0.0025666480044239373
4989.0,199.56,1.0,28.520096627487476,-13.137502006721459,28.520096627487476,-13.137502006721459,1.9926858785831687,0.1076862322941285,0.0022393597424258576
4990.0,199.6,1.0,28.437799175403114,-13.317797156216084,28.437799175403114,-13.317797156216084,1.9979993393694553,0.1080277805153648,0.002073124867021235
4991.0,199.64000000000001,1.0,28.354593902652624,-13.495330879796295,28.354593902652624,-13.495330879796295,2.003338699623215,0.10684407341411158,0.0020435889779851397
4992.0,199.68,1.0,28.271209001268517,-13.673519876080537,28.271209001268517,-13.673519876080537,2.0087118501555628,0.1041626239734937,0.002119382054131776
4993.0,199.72,1.0,28.185850182313562,-13.847779119643203,28.185850182313562,-13.847779119643203,2.0141241971231616,0.100067946771778,0.002264028196085908
4994.0,199.76,1.0,28.10263185660167,-14.022569333965516,28.10263185660167,-14.022569333965516,2.0195804352305426,0.09469337361395361,0.002437124308654852
4995.0,199.8,1.0,28.016889547815424,-14.195504673591326,28.016889547815424,-14.195504673591326,2.025084191154201,0.08822229243676682,0.002596551291964632
4996.0,199.84,1.0,27.93231150603254,-14.367373529369917,27.93231150603254,-14.367373529369917,2.030638487458668,0.08087662353901678,0.0026999248912655226
4997.0,199.88,1.0,27.846630243823533,-14.538710119286147,27.846630243823533,-14.538710119286147,2.0362451143294344,0.07291183643422676,0.002707109835311028
4998.0,199.92000000000002,1.0,27.760297107183828,-14.710854166758171,27.760297107183828,-14.710854166758171,2.0419040711220506,0.06460600111248549,0.0025821738049627957
4999.0,199.96,1.0,27.67186616280557,-14.880452383438225,27.67186616280557,-14.880452383438225,2.04761271162083,0.05626050749899558,0.0022952416602706727
5000.0,200.0,1.0,27.584242021368397,-15.051178030488057,27.584242021368397,-15.051178030488057,2.0533677153315977,0.04818066240612599,0.0018232589179805274
5001.0,200.04,1.0,27.49408746285428,-15.220452511646897,27.49408746285428,-15.220452511646897,2.059164483707249,0.040669787801326865,0.0011518775235149366
5002.0,200.08,1.0,27.403819254454937,-15.389273061027614,27.403819254454937,-15.389273061027614,2.064998698759743,0.03401658503086154,0.00027653426077128634
5003.0,200.12,1.0,27.311633800695233,-15.558183770303625,27.311633800695233,-15.558183770303625,2.07086504276823,0.02849031371798303,-0.0007976529488384606
5004.0,200.16,1.0,27.21945877882617,-15.727541904186088,27.21945877882617,-15.727541904186088,2.0767605721096545,0.02432762590005084,-0.0020562568845757952
5005.0,200.20000000000002,1.0,27.12707328680191,-15.896727115928835,27.12707328680191,-15.896727115928835,2.082682025563072,0.02173073331992532,-0.0034753568358675303
5006.0,200.24,1.0,27.034117567214885,-16.06634911997361,27.034117567214885,-16.06634911997361,2.0886275403390315,0.020858569373886127,-0.0050220503882124285
5007.0,200.28,1.0,26.94127599087843,-16.235186053028816,26.94127599087843,-16.235186053028816,2.0945942397037993,0.021822202592551056,-0.0066554991073139195
5008.0,200.32,1.0,26.84593528343992,-16.40291804732223,26.84593528343992,-16.40291804732223,2.1005797740051646,0.024678613215649615,-0.00832902986264735
5009.0,200.36,1.0,26.7491375844473,-16.571009362026295,26.7491375844473,-16.571009362026295,2.1065817659981683,0.029430418429148997,-0.009992070740562475
5010.0,200.4,1.0,26.65154383004974,-16.73893453407362,26.65154383004974,-16.73893453407362,2.112599718964746,0.03601969224482093,-0.011592029667732118
5011.0,200.44,1.0,26.553235176712036,-16.9081321771474,26.553235176712036,-16.9081321771474,2.1186334001454683,0.04433880887247628,-0.013075544104204603
5012.0,200.48000000000002,1.0,26.450322034023156,-17.075391039427153,26.450322034023156,-17.075391039427153,2.124683426655533,0.054228106674575026,-0.014391274837021944
5013.0,200.52,1.0,26.348594536824425,-17.242530442237317,26.348594536824425,-17.242530442237317,2.1307511840969493,0.06548137078192806,-0.015492567931315569
5014.0,200.56,1.0,26.24298119170421,-17.40890881073514,26.24298119170421,-17.40890881073514,2.1368393213574195,0.07784727195652882,-0.01633859308542498
5015.0,200.6,1.0,26.139446059726385,-17.575172445705768,26.139446059726385,-17.575172445705768,2.1429501088442366,0.09104001899565736,-0.016895592726240898
5016.0,200.64000000000001,1.0,26.032466003140676,-17.73993209148184,26.032466003140676,-17.73993209148184,2.1490859575431296,0.10474426126721892,-0.017138755270816146
5017.0,200.68,1.0,25.925081949911128,-17.90404301257103,25.925081949911128,-17.90404301257103,2.1552487313657425,0.11862308509637183,-0.017054078200879785
5018.0,200.72,1.0,25.81634709628775,-18.066254139681224,25.81634709628775,-18.066254139681224,2.161440545216511,0.1323295811223285,-0.016638745433603434
5019.0,200.76,1.0,25.708791463589012,-18.228469918072932,25.708791463589012,-18.228469918072932,2.1676638996330677,0.14551881202863812,-0.01590102397085765
5020.0,200.8,1.0,25.598796357067833,-18.388499211522948,25.598796357067833,-18.388499211522948,2.1739219998237562,0.15785770829243023,-0.014859804300518123
5021.0,200.84,1.0,25.489950798552993,-18.546771925815605,25.489950798552993,-18.546771925815605,2.1802175671448154,0.16903107301739662,-0.01354472950453171
5022.0,200.88,1.0,25.37933105961142,-18.702921003649994,25.37933105961142,-18.702921003649994,2.1865531416618786,0.1787479870806669,-0.011995869197033365
5023.0,200.92000000000002,1.0,25.269578257783866,-18.857155853292774,25.269578257783866,-18.857155853292774,2.1929315743178446,0.18675118061500678,-0.01026187731723206
5024.0,200.96,1.0,25.1587234234961,-19.008948632080635,25.1587234234961,-19.008948632080635,2.1993543092067305,0.19283110158872352,-0.008397568160798483
5025.0,201.0,1.0,25.046973583208608,-19.159206494185785,25.046973583208608,-19.159206494185785,2.2058219660045006,0.19682891503447447,-0.006462831417459023
5026.0,201.04,1.0,24.93410887854433,-19.307371246010334,24.93410887854433,-19.307371246010334,2.2123331408183864,0.19863661967277563,-0.00452120508119841
5027.0,201.08,1.0,24.821045586993556,-19.453975332391526,24.821045586993556,-19.453975332391526,2.218886420823587,0.19820307207521562,-0.0026373556399556346
5028.0,201.12,1.0,24.70854736530044,-19.59831595619361,24.70854736530044,-19.59831595619361,2.22547974943406,0.19553985954427724,-0.0008738942634233853
5029.0,201.16,1.0,24.596919327795995,-19.740546253920918,24.596919327795995,-19.740546253920918,2.2321120598749156,0.19071933016005516,0.0007101495238430962
5030.0,201.20000000000002,1.0,24.484694731452358,-19.88123020480858,24.484694731452358,-19.88123020480858,2.2387816736031523,0.18386955687581796,0.002061296526770793
5031.0,201.24,1.0,24.372412822397827,-20.019221418414357,24.372412822397827,-20.019221418414357,2.2454865076632755,0.1751672179978629,0.0031330650097780195
5032.0,201.28,1.0,24.26157221771485,-20.156486964970313,24.26157221771485,-20.156486964970313,2.2522243972469687,0.1648447971049728,0.003888675487976937
5033.0,201.32,1.0,24.150810509322515,-20.291666966451597,24.150810509322515,-20.291666966451597,2.2589926610840925,0.1531762174736496,0.004302758858938326
5034.0,201.36,1.0,24.040599182426135,-20.426458338693003,24.040599182426135,-20.426458338693003,2.2657877412889933,0.14046841887120484,0.00436201527332325
5035.0,201.4,1.0,23.928449523113716,-20.558790846069677,23.928449523113716,-20.558790846069677,2.2726053222084177,0.12703934886435717,0.004065058815341124
5036.0,201.44,1.0,23.818492343039324,-20.690769109867684,23.818492343039324,-20.690769109867684,2.279440889234601,0.11321998726741653,0.0034233872470687252
5037.0,201.48000000000002,1.0,23.70628197433219,-20.82196339702306,23.70628197433219,-20.82196339702306,2.286291005471957,0.09934734249349286,0.0024619033751488023
5038.0,201.52,1.0,23.59396852962254,-20.95264485612001,23.59396852962254,-20.95264485612001,2.2931520108341106,0.08575154655747944,0.0012180589951429753
5039.0,201.56,1.0,23.480002207780927,-21.08366929042092,23.480002207780927,-21.08366929042092,2.3000202408752086,0.0727346478944489,-0.00025988094366787007
5040.0,201.6,1.0,23.366665687795546,-21.213090149395164,23.366665687795546,-21.213090149395164,2.306890298786942,0.06056847148994189,-0.001913483948989217
5041.0,201.64000000000001,1.0,23.251482462972827,-21.34277822368376,23.251482462972827,-21.34277822368376,2.3137560380482376,0.04949136108345773,-0.0036757580216457628
5042.0,201.68,1.0,23.136161973281716,-21.47111020903916,23.136161973281716,-21.47111020903916,2.320610376661901,0.03970213417606645,-0.005472802848599477
5043.0,201.72,1.0,23.017101974533368,-21.59896080247635,23.017101974533368,-21.59896080247635,2.327445090613451,0.031343879971838295,-0.007226909904386224
5044.0,201.76,1.0,22.89810554652673,-21.72469579914907,22.89810554652673,-21.72469579914907,2.33425242483479,0.024505989216222178,-0.008858991833967083
5045.0,201.8,1.0,22.777512092115643,-21.850260544175946,22.777512092115643,-21.850260544175946,2.341024505813693,0.01923054546854277,-0.010291209226946717
5046.0,201.84,1.0,22.656185484124244,-21.974503923359425,22.656185484124244,-21.974503923359425,2.347755870658651,0.015520774574888808,-0.011448772292200975
5047.0,201.88,1.0,22.532669961155513,-22.10029701321429,22.532669961155513,-22.10029701321429,2.354441123832992,0.01332903340939875,-0.012263250378986994
5048.0,201.92000000000002,1.0,22.409142863419245,-22.225851405410964,22.409142863419245,-22.225851405410964,2.3610758195008126,0.012560934604041018,-0.012675577546337146
5049.0,201.96,1.0,22.28430155187341,-22.350709189285283,22.28430155187341,-22.350709189285283,2.3676556530425725,0.013084510142853967,-0.01263810509474024
5050.0,202.0,1.0,22.159227552017846,-22.47407557468102,22.159227552017846,-22.47407557468102,2.3741771176056026,0.014751425407509844,-0.012116072783106608
5051.0,202.04,1.0,22.03196141246104,-22.598523091547982,22.03196141246104,-22.598523091547982,2.3806381561163734,0.017392095485249226,-0.011089707518003863
5052.0,202.08,1.0,21.90421338568866,-22.720174254273324,21.90421338568866,-22.720174254273324,2.38703802733953,0.020814248993079598,-0.009555650591195813
5053.0,202.12,1.0,21.77514823714709,-22.84201731620701,21.77514823714709,-22.84201731620701,2.393378185836502,0.024817789347342002,-0.007527784362991304
5054.0,202.16,1.0,21.644692287421684,-22.958693562736038,21.644692287421684,-22.958693562736038,2.399662057645229,0.02920803988288938,-0.005036911686353679
5055.0,202.20000000000002,1.0,21.512988018615463,-23.077188140233076,21.512988018615463,-23.077188140233076,2.405894273032093,0.03380607026223283,-0.0021305656335620623
5056.0,202.24,1.0,21.37928212058634,-23.193676019716712,21.37928212058634,-23.193676019716712,2.4120803049488218,0.038441860214586066,0.0011284866390232173
5057.0,202.28,1.0,21.246248555338138,-23.30789506236526,21.246248555338138,-23.30789506236526,2.418224368865338,0.042961103330326586,0.004663124147023431
5058.0,202.32,1.0,21.111475716280196,-23.4210272025443,21.111475716280196,-23.4210272025443,2.424330873073095,0.04723613948280854,0.008384551519779838
5059.0,202.36,1.0,20.976537586443243,-23.531624784610568,20.976537586443243,-23.531624784610568,2.4304026202714533,0.05117194351583898,0.01219513638527488
5060.0,202.4,1.0,20.840077475991485,-23.640455993013063,20.840077475991485,-23.640455993013063,2.4364414723459036,0.054695645891425414,0.015991517510280308
5061.0,202.44,1.0,20.705842070132753,-23.747348501494493,20.705842070132753,-23.747348501494493,2.4424483623104427,0.057752448113242386,0.01966734687911966
5062.0,202.48000000000002,1.0,20.570748800515254,-23.85504982490352,20.570748800515254,-23.85504982490352,2.448423066268049,0.0603093972022023,0.02311720610128204
5063.0,202.52,1.0,20.43801692672471,-23.961833192622485,20.43801692672471,-23.961833192622485,2.454364513982765,0.06236438991797746,0.026240480771192343
5064.0,202.56,1.0,20.302628636972194,-24.069197316238128,20.302628636972194,-24.069197316238128,2.4602687094726,0.06393214607835258,0.028944930289990213
5065.0,202.6,1.0,20.168345548955767,-24.175277937037563,20.168345548955767,-24.175277937037563,2.4661302787099624,0.06503688113451789,0.031149730478619398
5066.0,202.64000000000001,1.0,20.03158512767302,-24.28176356876577,20.03158512767302,-24.28176356876577,2.471941025479027,0.06570427374050258,0.03278846741786102
5067.0,202.68,1.0,19.89680504930562,-24.385521765431214,19.89680504930562,-24.385521765431214,2.4776920170221346,0.06597093416306923,0.033811317464508064
5068.0,202.72,1.0,19.75904521374829,-24.48948581786285,19.75904521374829,-24.48948581786285,2.4833738016798392,0.06587664169223954,0.03418751621008668
5069.0,202.76,1.0,19.621859506024723,-24.593107608307395,19.621859506024723,-24.593107608307395,2.4889772973276973,0.06546245397280374,0.03390648731769939
5070.0,202.8,1.0,19.482668434034686,-24.69675621668114,19.482668434034686,-24.69675621668114,2.4944948884129468,0.06475652419824254,0.03297829248917547
5071.0,202.84,1.0,19.346000026094863,-24.798659202924103,19.346000026094863,-24.798659202924103,2.499921653775133,0.06378749577009568,0.031432983810021055
5072.0,202.88,1.0,19.210168389951473,-24.90158936967073,19.210168389951473,-24.90158936967073,2.505254209041016,0.06257701660147971,0.02932034594735638
5073.0,202.92000000000002,1.0,19.07521005590709,-25.003345171193683,19.07521005590709,-25.003345171193683,2.5104911885226433,0.06114424869440007,0.02670784192861298
5074.0,202.96,1.0,18.938332986567747,-25.105706102610547,18.938332986567747,-25.105706102610547,2.515632129314553,0.059500815488574665,0.02367795521527548
5075.0,203.0,1.0,18.801915842910603,-25.20505511641476,18.801915842910603,-25.20505511641476,2.5206799197500933,0.057660030041223484,0.020325154606676995
5076.0,203.04,1.0,18.66549518598712,-25.304145544393396,18.66549518598712,-25.304145544393396,2.5256387226584964,0.05563799421555691,0.01675271367707855
5077.0,203.08,1.0,18.52904588808193,-25.403293908433902,18.52904588808193,-25.403293908433902,2.5305164631540884,0.05345854468523366,0.013069169770570845
5078.0,203.12,1.0,18.393815588503806,-25.500990626543278,18.393815588503806,-25.500990626543278,2.535323204218474,0.05114644433629896,0.0093842788969654
5079.0,203.16,1.0,18.257217555948365,-25.597425360018928,18.257217555948365,-25.597425360018928,2.5400717185623654,0.04873020774472274,0.005804684142272451
5080.0,203.20000000000002,1.0,18.12004029333348,-25.694743992089876,18.12004029333348,-25.694743992089876,2.544776182782127,0.04624163779517056,0.0024300086335357954
5081.0,203.24,1.0,17.981498074968357,-25.791342240724568,17.981498074968357,-25.791342240724568,2.5494517315353606,0.04372642557641102,-0.0006500143753423923
5082.0,203.28,1.0,17.842182424835435,-25.885451486176045,17.842182424835435,-25.885451486176045,2.554112402707097,0.04123971567493214,-0.0033582972288305063
5083.0,203.32,1.0,17.701765317445005,-25.978974433514985,17.701765317445005,-25.978974433514985,2.5587719437092966,0.0388474597352189,-0.005633407364247421
5084.0,203.36,1.0,17.562123981288046,-26.071530099067314,17.562123981288046,-26.071530099067314,2.5634428162947036,0.0366221839690342,-0.007431419473794219
5085.0,203.4,1.0,17.421281836736128,-26.16270257320307,17.421281836736128,-26.16270257320307,2.568137750586879,0.03464035284417895,-0.008726445116394057
5086.0,203.44,1.0,17.28167087148997,-26.252195280854302,17.28167087148997,-26.252195280854302,2.572867882640731,0.032979977839808175,-0.009510925918781945
5087.0,203.48000000000002,1.0,17.14106310079619,-26.341788755067956,17.14106310079619,-26.341788755067956,2.5776440856414538,0.03172157180558581,-0.009795424174952373
5088.0,203.52,1.0,17.00096729569698,-26.42942152284592,17.00096729569698,-26.42942152284592,2.5824743251648625,0.030940691609974792,-0.009607614305002172
5089.0,203.56,1.0,16.8601448896014,-26.51682847522747,16.8601448896014,-26.51682847522747,2.587363780152029,0.03070311026490824,-0.008990102408913719
5090.0,203.6,1.0,16.71983770787609,-26.602562353470706,16.71983770787609,-26.602562353470706,2.592314152348177,0.031064151799547267,-0.00799789822730759
5091.0,203.64000000000001,1.0,16.578305757165587,-26.68654408936713,16.578305757165587,-26.68654408936713,2.59732326469287,0.032064606382923674,-0.006695479899824072
5092.0,203.68,1.0,16.434356594209337,-26.77055613811448,16.434356594209337,-26.77055613811448,2.6023855825412334,0.033729207592665754,-0.0051548093402303905
5093.0,203.72,1.0,16.28850475915406,-26.853306310318494,16.28850475915406,-26.853306310318494,2.6074928639657977,0.03605776031428134,-0.0034519298480207143
5094.0,203.76,1.0,16.143506828534218,-26.937361875877194,16.143506828534218,-26.937361875877194,2.6126351744845744,0.03902903266356197,-0.001663530604014158
5095.0,203.8,1.0,15.997365153456112,-27.021047859929855,15.997365153456112,-27.021047859929855,2.6178016030453337,0.042599832502407696,0.00013656514091255553
5096.0,203.84,1.0,15.850965979987873,-27.104445175587266,15.850965979987873,-27.104445175587266,2.622980178057032,0.0467106755033712,0.001879079732961678
5097.0,203.88,1.0,15.70309092526762,-27.187142667757108,15.70309092526762,-27.187142667757108,2.628158358289436,0.05128005738270499,0.0035018465662172925
5098.0,203.92000000000002,1.0,15.55566632042866,-27.268711717934046,15.55566632042866,-27.268711717934046,2.6333227305749025,0.056206298412298974,0.0049517723677492635
5099.0,203.96,1.0,15.408571589942477,-27.349734806882186,15.408571589942477,-27.349734806882186,2.638461184271896,0.06137181398243524,0.006186311621414468
5100.0,204.0,1.0,15.26265992740267,-27.429228638890685,15.26265992740267,-27.429228638890685,2.643563156977995,0.06665574029227397,0.007173575223640793
5101.0,204.04,1.0,15.115610649643688,-27.5078002783519,15.115610649643688,-27.5078002783519,2.6486202886229675,0.07193178018946589,0.007892580342060153
5102.0,204.08,1.0,14.970039680074061,-27.58683885354069,14.970039680074061,-27.58683885354069,2.6536284583827303,0.07707428706838,0.008332687993802811
5103.0,204.12,1.0,14.823720863016703,-27.664016310243994,14.823720863016703,-27.664016310243994,2.658586863087654,0.08195778858008604,0.008493406074521967
5104.0,204.16,1.0,14.678286288650474,-27.741015646359337,14.678286288650474,-27.741015646359337,2.66349997624544,0.08646871046402436,0.008382677446757258
5105.0,204.20000000000002,1.0,14.53206915251206,-27.81632987694083,14.53206915251206,-27.81632987694083,2.668374670733112,0.09050791299885562,0.008015211950529465
5106.0,204.24,1.0,14.387980104734988,-27.89168580024858,14.387980104734988,-27.89168580024858,2.673221266660099,0.09399403874832549,0.00741034784624138
5107.0,204.28,1.0,14.241296816373813,-27.965143984032586,14.241296816373813,-27.965143984032586,2.678051347739946,0.09685891331069764,0.006591430580370561
5108.0,204.32,1.0,14.095552803545237,-28.038035825887583,14.095552803545237,-28.038035825887583,2.682878838301413,0.09905756739659329,0.005583694302913117
5109.0,204.36,1.0,13.949428869244517,-28.108994737020744,13.949428869244517,-28.108994737020744,2.687719113426101,0.10056806102782907,0.004412680925416333
5110.0,204.4,1.0,13.803860110822432,-28.180181685703406,13.803860110822432,-28.180181685703406,2.6925882147633553,0.10139576092247271,0.003102583519280129
5111.0,204.44,1.0,13.657075392256198,-28.250471615679924,13.657075392256198,-28.250471615679924,2.6975026491552154,0.10156377345496495,0.001676065776743579
5112.0,204.48000000000002,1.0,13.51170683453081,-28.31884727965067,13.51170683453081,-28.31884727965067,2.702478890471848,0.101116761996246,0.00015325528453898133
5113.0,204.52,1.0,13.366945099004862,-28.386482289641844,13.366945099004862,-28.386482289641844,2.7075312463103716,0.10011952707601438,-0.0014484213223125472
5114.0,204.56,1.0,13.223280768000013,-28.452898599397024,13.223280768000013,-28.452898599397024,2.712672562783368,0.09865574378698344,-0.003114093169536306
5115.0,204.6,1.0,13.07980837752371,-28.518341588305834,13.07980837752371,-28.518341588305834,2.717910876124971,0.09682120534659329,-0.004830581945345943
5116.0,204.64000000000001,1.0,12.935774640421622,-28.583336591698338,12.935774640421622,-28.583336591698338,2.7232521263403706,0.09471760316597445,-0.006585599546080965
5117.0,204.68,1.0,12.793758295471415,-28.647874208145158,12.793758295471415,-28.647874208145158,2.728697967647995,0.09244735900058479,-0.008366822784646708
5118.0,204.72,1.0,12.650259860326418,-28.711477493590756,12.650259860326418,-28.711477493590756,2.7342481096536337,0.09011488535536823,-0.010161367415964222
5119.0,204.76,1.0,12.506716639620636,-28.774370480863137,12.506716639620636,-28.774370480863137,2.7398986867452257,0.08782178409174281,-0.01195445121527657
5120.0,204.8,1.0,12.362302485628275,-28.836585301203485,12.362302485628275,-28.836585301203485,2.7456436905711947,0.08566087256235283,-0.013728308142383622
5121.0,204.84,1.0,12.218945742284026,-28.898124192966698,12.218945742284026,-28.898124192966698,2.7514747965996884,0.08370888453444864,-0.015461185929059831
5122.0,204.88,1.0,12.073904296450149,-28.95841148603576,12.073904296450149,-28.95841148603576,2.757381574324883,0.08202855104987686,-0.017127437263818022
5123.0,204.92000000000002,1.0,11.930652747596914,-29.018683544149773,11.930652747596914,-29.018683544149773,2.763352221480173,0.08066796866797726,-0.018696835481018807
5124.0,204.96,1.0,11.785597960490616,-29.077559605978628,11.785597960490616,-29.077559605978628,2.769374209345782,0.07965665000932123,-0.020134497453053006
5125.0,205.0,1.0,11.641644198283704,-29.136045912769994,11.641644198283704,-29.136045912769994,2.775434634855999,0.07900258618051703,-0.021401748917553226
5126.0,205.04,1.0,11.49513717446874,-29.19236176279769,11.49513717446874,-29.19236176279769,2.7815220982980002,0.07869516577119309,-0.022457284592114983
5127.0,205.08,1.0,11.350765303650366,-29.248280829602663,11.350765303650366,-29.248280829602663,2.7876259559991863,0.07870534570565034,-0.02325832570835914
5128.0,205.12,1.0,11.205867828804106,-29.302692569274946,11.205867828804106,-29.302692569274946,2.793737243116396,0.07899105969368328,-0.023761872283879028
5129.0,205.16,1.0,11.061146318660645,-29.356928063462174,11.061146318660645,-29.356928063462174,2.799848010991052,0.079496435938024,-0.02392671444628486
5130.0,205.20000000000002,1.0,10.916081634546739,-29.409213134958843,10.916081634546739,-29.409213134958843,2.8059520721416553,0.08014713160214507,-0.023715468585583602
5131.0,205.24,1.0,10.770354036814556,-29.4608554755283,10.770354036814556,-29.4608554755283,2.8120441040039963,0.08085723988563967,-0.023096732331052926
5132.0,205.28,1.0,10.625174557677832,-29.51173905332066,10.625174557677832,-29.51173905332066,2.8181197824393402,0.08153706735076699,-0.022046692838826144
5133.0,205.32,1.0,10.47963249652986,-29.561798856493606,10.47963249652986,-29.561798856493606,2.8241758932423218,0.08209438343205433,-0.020550637805326972
5134.0,205.36,1.0,10.33304431994714,-29.60924352922936,10.33304431994714,-29.60924352922936,2.8302087907978977,0.08243173547654817,-0.018604620942405958
5135.0,205.4,1.0,10.187000427777713,-29.656132510559917,10.187000427777713,-29.656132510559917,2.836215661518738,0.0824504442619228,-0.016216982865919966
5136.0,205.44,1.0,10.042301510929217,-29.70025949891293,10.042301510929217,-29.70025949891293,2.842193016776799,0.08205797819125199,-0.013408520637646798
5137.0,205.48000000000002,1.0,9.896788736312168,-29.742123239285046,9.896788736312168,-29.742123239285046,2.8481371060667433,0.08116903253337279,-0.010212446544667492
5138.0,205.52,1.0,9.751265984656884,-29.782617608357224,9.751265984656884,-29.782617608357224,2.8540432996228384,0.07970823114006394,-0.006674338850218053
5139.0,205.56,1.0,9.605991948400105,-29.82192513046605,9.605991948400105,-29.82192513046605,2.859906660548856,0.07760711680381567,-0.0028516725740765866
5140.0,205.6,1.0,9.46194965835228,-29.860553297163808,9.46194965835228,-29.860553297163808,2.8657215026588783,0.07480779807962837,0.0011880537656299313
5141.0,205.64000000000001,1.0,9.31585448665062,-29.897716186224255,9.31585448665062,-29.897716186224255,2.871481485600637,0.07127355944239419,0.005369113062175142
5142.0,205.68,1.0,9.17119330023217,-29.933926015531902,9.17119330023217,-29.933926015531902,2.8771798156754773,0.0669879838504034,0.009609808719811045
5143.0,205.72,1.0,9.026283343354361,-29.969648888382846,9.026283343354361,-29.969648888382846,2.8828092175424986,0.06194429892405743,0.013824330776844427
5144.0,205.76,1.0,8.882533705319977,-30.00459656263565,8.882533705319977,-30.00459656263565,2.8883615936790195,0.056149528832309115,0.017925431203758387
5145.0,205.8,1.0,8.739066414576477,-30.039424439565146,8.739066414576477,-30.039424439565146,2.893830084386402,0.04962990780388012,0.021827226205427718
5146.0,205.84,1.0,8.59715000764954,-30.073908863723,8.59715000764954,-30.073908863723,2.8992071311293044,0.042429571523418794,0.025448110510299847
5147.0,205.88,1.0,8.453445677591095,-30.106925291281975,8.453445677591095,-30.106925291281975,2.904486274716132,0.03460774526985176,0.02871273651998288
5148.0,205.92000000000002,1.0,8.310544651423625,-30.139122581645882,8.310544651423625,-30.139122581645882,2.909661227748565,0.026234661630404554,0.03155398470433211
5149.0,205.96,1.0,8.166890170267092,-30.169843529651992,8.166890170267092,-30.169843529651992,2.9147268115403997,0.01739322933434607,0.033915210352592894
5150.0,206.0,1.0,8.023912742979332,-30.200060772595236,8.023912742979332,-30.200060772595236,2.919678454191851,0.008182001727080234,0.0357521283238815
5151.0,206.04,1.0,7.881415822601599,-30.22936764824244,7.881415822601599,-30.22936764824244,2.9245129479530094,-0.0012871919850065972,0.03703336975331088
5152.0,206.08,1.0,7.737209694425109,-30.257419512954254,7.737209694425109,-30.257419512954254,2.9292283761345237,-0.01090182674283503,0.0377410388631586
5153.0,206.12,1.0,7.593358482594257,-30.285442257412836,7.593358482594257,-30.285442257412836,2.9338247564318443,-0.020548255720018605,0.03787086789681425
5154.0,206.16,1.0,7.450504382215679,-30.314219591813753,7.450504382215679,-30.314219591813753,2.9383045596216752,-0.03010112466897701,0.037432219073219766
5155.0,206.20000000000002,1.0,7.306878347506557,-30.34223711198876,7.306878347506557,-30.34223711198876,2.9426730966447563,-0.03942962751731825,0.036447238576313164
5156.0,206.24,1.0,7.1620348803517215,-30.371238973577057,7.1620348803517215,-30.371238973577057,2.9469368716712507,-0.04840985167039909,0.03494938116458021
5157.0,206.28,1.0,7.018035900964458,-30.400087421632655,7.018035900964458,-30.400087421632655,2.951104993926401,-0.056923404318501625,0.03298192345002368
5158.0,206.32,1.0,6.874621333330123,-30.428541290694692,6.874621333330123,-30.428541290694692,2.955188111554638,-0.06485931125956093,0.030596631372962736
5159.0,206.36,1.0,6.730774020543926,-30.456973193146542,6.730774020543926,-30.456973193146542,2.9591989995119805,-0.07211442327771977,0.027852166503580484
5160.0,206.4,1.0,6.584255965824657,-30.48444695910127,6.584255965824657,-30.48444695910127,2.9631519717436214,-0.07859750605854834,0.02481187016269791
5161.0,206.44,1.0,6.439372871807843,-30.512323321021626,6.439372871807843,-30.512323321021626,2.9670626945337326,-0.08423383461636556,0.021541730095286916
5162.0,206.48000000000002,1.0,6.292557292132038,-30.539027540303387,6.292557292132038,-30.539027540303387,2.970947572518173,-0.0889709481530112,0.018108783627903732
5163.0,206.52,1.0,6.144265944087288,-30.565218093906815,6.144265944087288,-30.565218093906815,2.974823566854811,-0.09276818761515485,0.014579655251799462
5164.0,206.56,1.0,5.996122983034487,-30.591028995495538,5.996122983034487,-30.591028995495538,2.978707005639395,-0.09560588355380516,0.011018886103455834
5165.0,206.6,1.0,5.846660488886391,-30.61559600078499,5.846660488886391,-30.61559600078499,2.9826120011077957,-0.09749167717036024,0.007487665349570291
5166.0,206.64000000000001,1.0,5.695751642916034,-30.64001439477916,5.695751642916034,-30.64001439477916,2.9865503512106986,-0.09846336253960676,0.004042809899288287
5167.0,206.68,1.0,5.544998415954612,-30.66400777405704,5.544998415954612,-30.66400777405704,2.9905321694399065,-0.0985714981838203,0.0007362597068380349
5168.0,206.72,1.0,5.392942316216606,-30.687553805547044,5.392942316216606,-30.687553805547044,2.9945655780647007,-0.09788551280742433,-0.002385459007996455
5169.0,206.76,1.0,5.240549762871395,-30.710648526730573,5.240549762871395,-30.710648526730573,2.9986565327566423,-0.09649397251254702,-0.005281740122490251
5170.0,206.8,1.0,5.086560630184828,-30.73352527118222,5.086560630184828,-30.73352527118222,3.0028086841420567,-0.09450204628544315,-0.007918181782526647
5171.0,206.84,1.0,4.9328371627447885,-30.755199649362538,4.9328371627447885,-30.755199649362538,3.0070227001456065,-0.09202645436411552,-0.01026633870347837
5172.0,206.88,1.0,4.779339332462444,-30.77786870803454,4.779339332462444,-30.77786870803454,3.0112974871785343,-0.0891941738312866,-0.012303783540114261
5173.0,206.92000000000002,1.0,4.6248812649072395,-30.798799839659473,4.6248812649072395,-30.798799839659473,3.0156294200710336,-0.08613308045439447,-0.01401377876628251
5174.0,206.96,1.0,4.469411173510231,-30.820181589337086,4.469411173510231,-30.820181589337086,3.020013518043424,-0.0829758695434311,-0.015385216640701466
5175.0,207.0,1.0,4.313985410786592,-30.83989630446424,4.313985410786592,-30.83989630446424,3.024443371392413,-0.0798495079118952,-0.0164122942877757
5176.0,207.04,1.0,4.157925647603706,-30.859737349960177,4.157925647603706,-30.859737349960177,3.0289140729361286,-0.07687189378395386,-0.017094428859405503
5177.0,207.08,1.0,4.000882609785163,-30.87832409951459,4.000882609785163,-30.87832409951459,3.0334212500381597,-0.07414181761560906,-0.017436016700275912
5178.0,207.12,1.0,3.8436063722476077,-30.897050222010996,3.8436063722476077,-30.897050222010996,3.0379617224324296,-0.07175238401346057,-0.01744617508461011
5179.0,207.16,1.0,3.6869795501116833,-30.914320389868625,3.6869795501116833,-30.914320389868625,3.042532248893171,-0.06977768020922705,-0.01713860409143797
5180.0,207.20000000000002,1.0,3.529572346767263,-30.930720150742065,3.529572346767263,-30.930720150742065,3.0471302493422785,-0.06827054146660146,-0.01653141310405297
5181.0,207.24,1.0,3.3724758585253563,-30.945029624480252,3.3724758585253563,-30.945029624480252,3.051753086562907,-0.06725836765286328,-0.015647059922844674
5182.0,207.28,1.0,3.2142746270151314,-30.959296441961904,3.2142746270151314,-30.959296441961904,3.056399838129674,-0.0667504446541857,-0.014512074750056489
5183.0,207.32,1.0,3.0582561524685117,-30.971353565732112,3.0582561524685117,-30.971353565732112,3.0610689081164484,-0.06673286364666386,-0.013156734029376588
5184.0,207.36,1.0,2.9002064499168663,-30.981733207910185,2.9002064499168663,-30.981733207910185,3.0657602931847543,-0.06717272651878388,-0.011614852984892784
5185.0,207.4,1.0,2.743841225418273,-30.991355571671427,2.743841225418273,-30.991355571671427,3.0704734858492038,-0.06801945510459322,-0.009923603993843219
5186.0,207.44,1.0,2.586090466370366,-31.0011751325169,2.586090466370366,-31.0011751325169,3.0752092806751916,-0.06920615208983139,-0.008122654708898308
5187.0,207.48000000000002,1.0,2.4286434353604496,-31.010146403106848,2.4286434353604496,-31.010146403106848,3.079966337956931,-0.07065317255217507,-0.006253320191749676
5188.0,207.52,1.0,2.2706233755275895,-31.01886082217961,2.2706233755275895,-31.01886082217961,3.084742612514531,-0.0722752733668963,-0.0043578868056025595
5189.0,207.56,1.0,2.1114508801625824,-31.026951207596056,2.1114508801625824,-31.026951207596056,3.0895341839886514,-0.07397571417589976,-0.0024792406030866706
5190.0,207.6,1.0,1.9527505199497455,-31.033766535225066,1.9527505199497455,-31.033766535225066,3.0943365794747133,-0.07565870897757268,-0.0006598754364936972
5191.0,207.64000000000001,1.0,1.793473090604487,-31.041168543088325,1.793473090604487,-31.041168543088325,3.0991453341615345,-0.07723268556024596,0.0010591768528348407
5192.0,207.68,1.0,1.6327319882233347,-31.04588204921139,1.6327319882233347,-31.04588204921139,3.1039562225004436,-0.07861560503882256,0.00263984918243955
5193.0,207.72,1.0,1.4712361865310077,-31.052058234216275,1.4712361865310077,-31.052058234216275,3.1087648996991257,-0.0797272026612604,0.004047478333511259
5194.0,207.76,1.0,1.310100484370721,-31.055431105046704,1.310100484370721,-31.055431105046704,3.11356823807385,-0.08050074971437737,0.005251918407778231
5195.0,207.8,1.0,1.1472732007078035,-31.06030075416599,1.1472732007078035,-31.06030075416599,3.118363292834791,-0.08088266047822326,0.006228292563608369
5196.0,207.84,1.0,0.9845996128613186,-31.06291714451235,0.9845996128613186,-31.06291714451235,3.1231477991815035,-0.08083172972569999,0.006958306534375293
5197.0,207.88,1.0,0.8222594402643149,-31.065922405645477,0.8222594402643149,-31.065922405645477,3.1279190581378646,-0.08032346633406753,0.007430044953928942
5198.0,207.92000000000002,1.0,0.6590871162538597,-31.065355692916718,0.6590871162538597,-31.065355692916718,3.1326750579771754,-0.0793456242076905,0.0076381348709846295
5199.0,207.96,1.0,0.4947716142661628,-31.065731652223388,0.4947716142661628,-31.065731652223388,3.1374146991416656,-0.07789787452057817,0.007583781888618753
5200.0,208.0,1.0,0.3313394581988616,-31.06442794991289,0.3313394581988616,-31.06442794991289,3.142138039281506,-0.07599472375499992,0.00727541402993737
5201.0,208.04,1.0,0.166789726568986,-31.065882602607047,0.166789726568986,-31.065882602607047,3.146847400019611,-0.07366473475361389,0.006728029727542476
5202.0,208.08,1.0,0.003135791774295393,-31.06385103296854,0.003135791774295393,-31.06385103296854,3.1515447173963187,-0.07094379074015217,0.00596236767769113
5203.0,208.12,1.0,-0.1623697159374683,-31.063869732022066,-0.1623697159374683,-31.063869732022066,3.156233912356355,-0.06787642006659439,0.005003539055835016
5204.0,208.16,1.0,-0.3274630856120753,-31.062373533923203,-0.3274630856120753,-31.062373533923203,3.160918271012198,-0.06452173663942154,0.0038807964274846273
5205.0,208.20000000000002,1.0,-0.4936620993236476,-31.06090183138798,-0.4936620993236476,-31.06090183138798,3.1656020667142752,-0.06093868472066154,0.00262636364456237
5206.0,208.24,1.0,-0.6601213058507017,-31.05672202216876,-0.6601213058507017,-31.05672202216876,3.170288681763826,-0.0571864462436633,0.0012742700441720663
5207.0,208.28,1.0,-0.8270434197730478,-31.052569634868128,-0.8270434197730478,-31.052569634868128,3.1749827003112,-0.05332697229957576,-0.00014160810315454463
5208.0,208.32,1.0,-0.9951316101550034,-31.046712111532678,-0.9951316101550034,-31.046712111532678,3.179688749399524,-0.04942225364246983,-0.0015880547847322967
5209.0,208.36,1.0,-1.1615668116102769,-31.040344262606776,-1.1615668116102769,-31.040344262606776,3.1844139365331814,-0.04553718068522161,-0.0030335965680946095
5210.0,208.4,1.0,-1.328560317902608,-31.033857052545546,-1.328560317902608,-31.033857052545546,3.1891661616797427,-0.041737683925990775,-0.004449304645059116
5211.0,208.44,1.0,-1.49571785179372,-31.026034268899345,-1.49571785179372,-31.026034268899345,3.193954628842558,-0.03808566842267118,-0.005810353692355814
5212.0,208.48000000000002,1.0,-1.662655534168977,-31.01897395646112,-1.662655534168977,-31.01897395646112,3.198787053120399,-0.03463243795076454,-0.007096277841900832
5213.0,208.52,1.0,-1.8291843506030858,-31.009567123452978,-1.8291843506030858,-31.009567123452978,3.2036724911406926,-0.031431906407594676,-0.008290922107462864
5214.0,208.56,1.0,-1.9974133702313641,-31.000433289281737,-1.9974133702313641,-31.000433289281737,3.208617523473947,-0.028533809844813574,-0.009382447179542319
5215.0,208.6,1.0,-2.1639634979744624,-30.98891048116626,-2.1639634979744624,-30.98891048116626,3.2136290474136606,-0.025979997248338993,-0.010363850390556277
5216.0,208.64000000000001,1.0,-2.33034017556897,-30.977121791806116,-2.33034017556897,-30.977121791806116,3.218711939601731,-0.023811564072799874,-0.011232824203450781
5217.0,208.68,1.0,-2.498082813114177,-30.963612519997845,-2.498082813114177,-30.963612519997845,3.2238712595295693,-0.022068306619687107,-0.011990943427156947
5218.0,208.72,1.0,-2.6653773969484784,-30.95090400627775,-2.6653773969484784,-30.95090400627775,3.2291106377159884,-0.02078100564633458,-0.012642579237174711
5219.0,208.76,1.0,-2.832002162631798,-30.936036844478753,-2.832002162631798,-30.936036844478753,3.2344337076381935,-0.019972669348767447,-0.013194213504647428
5220.0,208.8,1.0,-2.998826578801214,-30.92129122469235,-2.998826578801214,-30.92129122469235,3.2398412121462146,-0.019658932117374107,-0.013653689389515028
5221.0,208.84,1.0,-3.1654984985697245,-30.903380223002465,-3.1654984985697245,-30.903380223002465,3.2453313927735437,-0.01984704016230323,-0.014029223997969017
5222.0,208.88,1.0,-3.3314283323081506,-30.886995919712728,-3.3314283323081506,-30.886995919712728,3.2508999357336252,-0.02053970257043889,-0.014328068002903293
5223.0,208.92000000000002,1.0,-3.497514272508097,-30.867730732358808,-3.497514272508097,-30.867730732358808,3.2565408624031944,-0.021738065451740684,-0.014555628032016713
5224.0,208.96,1.0,-3.6640473060436785,-30.84847749456501,-3.6640473060436785,-30.84847749456501,3.2622458117468143,-0.02342223404149437,-0.014715184148107338
5225.0,209.0,1.0,-3.8309118138406077,-30.828394654630767,-3.8309118138406077,-30.828394654630767,3.2680060740802745,-0.025561094303055153,-0.014807024928654041
5226.0,209.04,1.0,-3.9973659461449422,-30.80882627831712,-3.9973659461449422,-30.80882627831712,3.273812245684207,-0.028114040833530817,-0.014827727904302198
5227.0,209.08,1.0,-4.1636762734698936,-30.786676850426907,-4.1636762734698936,-30.786676850426907,3.279654573489934,-0.03103273778763833,-0.014769822066753115
5228.0,209.12,1.0,-4.328263552072399,-30.76639645129497,-4.328263552072399,-30.76639645129497,3.28552310083282,-0.034257156253574526,-0.014622400186049617
5229.0,209.16,1.0,-4.493972606682289,-30.743649955930003,-4.493972606682289,-30.743649955930003,3.2914063816120716,-0.03772317945670049,-0.014371001307395473
5230.0,209.20000000000002,1.0,-4.659907822999887,-30.719538152414593,-4.659907822999887,-30.719538152414593,3.2972919002563232,-0.0413559369338518,-0.013998425646251835
5231.0,209.24,1.0,-4.8260704177543285,-30.69325230911369,-4.8260704177543285,-30.69325230911369,3.303166550918558,-0.04507085249702671,-0.013485060860370521
5232.0,209.28,1.0,-4.991998325594453,-30.666277630672518,-4.991998325594453,-30.666277630672518,3.309018427455863,-0.048777411359977596,-0.012810155268829232
5233.0,209.32,1.0,-5.158058647643523,-30.63737744331137,-5.158058647643523,-30.63737744331137,3.3148357497360443,-0.05237812478047517,-0.011952970502051904
5234.0,209.36,1.0,-5.3229311186667925,-30.607643550891936,-5.3229311186667925,-30.607643550891936,3.3206087757757445,-0.05576957082507013,-0.010894647380894556
5235.0,209.4,1.0,-5.487637580801403,-30.576909531900668,-5.487637580801403,-30.576909531900668,3.3263290934007386,-0.05885913760683037,-0.00961913437628294
5236.0,209.44,1.0,-5.653201452224119,-30.544325280164657,-5.653201452224119,-30.544325280164657,3.331989697306173,-0.061555194061712816,-0.008114957519258042
5237.0,209.48000000000002,1.0,-5.818208731926227,-30.511768272078786,-5.818208731926227,-30.511768272078786,3.3375844568539628,-0.06376722789972049,-0.00637650431684144
5238.0,209.52,1.0,-5.984219040333125,-30.478124380793634,-5.984219040333125,-30.478124380793634,3.343109140004941,-0.06540703403712585,-0.004405236165532824
5239.0,209.56,1.0,-6.15126005193607,-30.44337027545822,-6.15126005193607,-30.44337027545822,3.3485599688604255,-0.0663996002806635,-0.002210204850216866
5240.0,209.6,1.0,-6.317760388957525,-30.407288210355254,-6.317760388957525,-30.407288210355254,3.3539361386488884,-0.066677516528445,0.0001902906284795891
5241.0,209.64000000000001,1.0,-6.484320322390016,-30.370465745456293,-6.484320322390016,-30.370465745456293,3.3592386220288177,-0.06619611372262287,0.0027684730666802577
5242.0,209.68,1.0,-6.651119805451484,-30.331204546875455,-6.651119805451484,-30.331204546875455,3.3644712633467364,-0.06492772451804563,0.005486788177200119
5243.0,209.72,1.0,-6.818994141274649,-30.290713331454544,-6.818994141274649,-30.290713331454544,3.3696386878362588,-0.06285992670197012,0.008298500758368493
5244.0,209.76,1.0,-6.986452008035661,-30.2493592424894,-6.986452008035661,-30.2493592424894,3.3747478665126502,-0.05999993061529618,0.011148196713501892
5245.0,209.8,1.0,-7.155408382586359,-30.2059816343985,-7.155408382586359,-30.2059816343985,3.3798057780844184,-0.05637858164364453,0.013973758514144535
5246.0,209.84,1.0,-7.32292703528933,-30.161158039549115,-7.32292703528933,-30.161158039549115,3.384820029005889,-0.05204220627340419,0.016707577406541673
5247.0,209.88,1.0,-7.49040133235262,-30.116680367506024,-7.49040133235262,-30.116680367506024,3.389798505734798,-0.04705878514754867,0.019278900855784518
5248.0,209.92000000000002,1.0,-7.658090225065649,-30.06912831314156,-7.658090225065649,-30.06912831314156,3.3947488233781216,-0.04152048872466787,0.021616011348738765
5249.0,209.96,1.0,-7.8267914729847465,-30.020854269279745,-7.8267914729847465,-30.020854269279745,3.399677206723009,-0.03553584511555132,0.023648871589439964
5250.0,210.0,1.0,-7.994669407265467,-29.972346292154462,-7.994669407265467,-29.972346292154462,3.4045890467846123,-0.029223552510310745,0.025311538751698004
5251.0,210.04,1.0,-8.163114865832693,-29.923867044656202,-8.163114865832693,-29.923867044656202,3.4094872784464045,-0.022717700315339217,0.026545562673373158
5252.0,210.08,1.0,-8.331072660193795,-29.874867019472823,-8.331072660193795,-29.874867019472823,3.414372618527416,-0.01615437570806273,0.027302425523115275
5253.0,210.12,1.0,-8.498517645512246,-29.826583540198374,-8.498517645512246,-29.826583540198374,3.419243204075994,-0.00967476778914389,0.027545575519832367
5254.0,210.16,1.0,-8.666493387677425,-29.777712953098444,-8.666493387677425,-29.777712953098444,3.424095495874049,-0.003424678037220108,0.027252467894482307
5255.0,210.20000000000002,1.0,-8.835486655587314,-29.727261981650724,-8.835486655587314,-29.727261981650724,3.4289238917421647,0.002451999591251708,0.026416489650463386
5256.0,210.24,1.0,-9.003630673384485,-29.677878329041427,-9.003630673384485,-29.677878329041427,3.4337222075128353,0.007823941342469266,0.02504764503432245
5257.0,210.28,1.0,-9.171809503384825,-29.626670293973838,-9.171809503384825,-29.626670293973838,3.438483376241064,0.012569000233719051,0.02317320857777909
5258.0,210.32,1.0,-9.339797681548452,-29.576631917519656,-9.339797681548452,-29.576631917519656,3.4431992795153725,0.016578452265892073,0.020837333191234375
5259.0,210.36,1.0,-9.506967444444257,-29.525652311736906,-9.506967444444257,-29.525652311736906,3.4478622123747167,0.019766055870605072,0.018099977061880483
5260.0,210.4,1.0,-9.673547186157844,-29.475065189052554,-9.673547186157844,-29.475065189052554,3.4524657771247265,0.022062976727672545,0.01503500320107069
5261.0,210.44,1.0,-9.839666144437379,-29.422788647170336,-9.839666144437379,-29.422788647170336,3.457005516058507,0.02342405196579995,0.011728089488296931
5262.0,210.48000000000002,1.0,-10.004939360304027,-29.370556324410337,-10.004939360304027,-29.370556324410337,3.461479559008793,0.0238296664445393,0.00827354227476406
5263.0,210.52,1.0,-10.168954708381184,-29.318509163864384,-10.168954708381184,-29.318509163864384,3.4658898949177006,0.023285561798787335,0.004771215310788982
5264.0,210.56,1.0,-10.332864153828274,-29.266187916543565,-10.332864153828274,-29.266187916543565,3.4702414463323357,0.021818714541457628,0.0013232710910441707
5265.0,210.6,1.0,-10.495655916815108,-29.21380764978476,-10.495655916815108,-29.21380764978476,3.474542632306197,0.01948353343905478,-0.001969722354637703
5266.0,210.64000000000001,1.0,-10.658685526138663,-29.160238500403835,-10.658685526138663,-29.160238500403835,3.4788039407632114,0.01635752926104723,-0.005012852094707176
5267.0,210.68,1.0,-10.820516233574352,-29.106588299920805,-10.820516233574352,-29.106588299920805,3.4830375657446515,0.012535556086084388,-0.0077204549815909004
5268.0,210.72,1.0,-10.98244030212808,-29.050331109520037,-10.98244030212808,-29.050331109520037,3.4872569205353985,0.008130120864440048,-0.010019467696103953
5269.0,210.76,1.0,-11.142723859560892,-28.994898740882395,-11.142723859560892,-28.994898740882395,3.491477360109041,0.003268714401414785,-0.011852404013946206
5270.0,210.8,1.0,-11.302960143286057,-28.935945632860687,-11.302960143286057,-28.935945632860687,3.495714489682662,-0.0019146803285755576,-0.013179287479979129
5271.0,210.84,1.0,-11.463172729311687,-28.8772447803485,-11.463172729311687,-28.8772447803485,3.4999840470735855,-0.007278988724717883,-0.013978992670562526
5272.0,210.88,1.0,-11.623137636344323,-28.815483548294587,-11.623137636344323,-28.815483548294587,3.5043009856863607,-0.012685343361977752,-0.014250241352435255
5273.0,210.92000000000002,1.0,-11.783340403801429,-28.753311786704405,-11.783340403801429,-28.753311786704405,3.508679173047883,-0.017996651677390528,-0.014011293876726815
5274.0,210.96,1.0,-11.943017843306485,-28.690402372485096,-11.943017843306485,-28.690402372485096,3.51312944905116,-0.023085342503996742,-0.013299111590498975
5275.0,211.0,1.0,-12.102129106223583,-28.627581409313404,-12.102129106223583,-28.627581409313404,3.517659873485671,-0.027828353869733702,-0.01216757123086715
5276.0,211.04,1.0,-12.26106855592071,-28.56250711738819,-12.26106855592071,-28.56250711738819,3.522274218091453,-0.03212049913821331,-0.01068525106797132
5277.0,211.08,1.0,-12.41889758757341,-28.496531293166633,-12.41889758757341,-28.496531293166633,3.526973640173348,-0.035870307225444334,-0.008932422840911175
5278.0,211.12,1.0,-12.576822212471637,-28.42900798835884,-12.576822212471637,-28.42900798835884,3.531756180208675,-0.03900622157122691,-0.00699785305227197
5279.0,211.16,1.0,-12.735200095610928,-28.360637242755093,-12.735200095610928,-28.360637242755093,3.5366179188052866,-0.04147315976981443,-0.00497499326615723
5280.0,211.20000000000002,1.0,-12.894577184777237,-28.2918261797129,-12.894577184777237,-28.2918261797129,3.541552073597603,-0.04323640678860441,-0.0029580272050798765
5281.0,211.24,1.0,-13.05297827354112,-28.22258791501132,-13.05297827354112,-28.22258791501132,3.54655048651612,-0.04427873527863004,-0.001038376026740262
5282.0,211.28,1.0,-13.213816357555643,-28.153745302066746,-13.213816357555643,-28.153745302066746,3.5516034660711413,-0.044602860163379464,0.0006987396710809911
5283.0,211.32,1.0,-13.372812872885842,-28.08323895501986,-13.372812872885842,-28.08323895501986,3.5567000213691458,-0.04422738631311167,0.0021779089799763233
5284.0,211.36,1.0,-13.532921680222483,-28.012839719248188,-13.532921680222483,-28.012839719248188,3.5618287556040826,-0.04318623029593001,0.0033361046609635334
5285.0,211.4,1.0,-13.692294208521508,-27.939192018698968,-13.692294208521508,-27.939192018698968,3.5669781818225372,-0.04152415833591372,0.004124631029945492
5286.0,211.44,1.0,-13.852842522348942,-27.866468338192323,-13.852842522348942,-27.866468338192323,3.5721386729472195,-0.039301312094002006,0.004510142596890754
5287.0,211.48000000000002,1.0,-14.012863157876046,-27.791412906983,-14.012863157876046,-27.791412906983,3.5773030135902273,-0.03658234769401536,0.004475804098710331
5288.0,211.52,1.0,-14.172972964310588,-27.71833463601981,-14.172972964310588,-27.71833463601981,3.5824668197348934,-0.033439099326634844,0.004021396966353537
5289.0,211.56,1.0,-14.332527526317435,-27.643372188829623,-14.332527526317435,-27.643372188829623,3.587628476178807,-0.029940890352615646,0.0031629174015257917
5290.0,211.6,1.0,-14.492287796979104,-27.56924037236944,-14.492287796979104,-27.56924037236944,3.5927887963820355,-0.026160815012441628,0.0019308522580501514
5291.0,211.64000000000001,1.0,-14.651016379811756,-27.493522091179234,-14.651016379811756,-27.493522091179234,3.5979512668708713,-0.022169637547731557,0.00036849019227413944
5292.0,211.68,1.0,-14.80969339860107,-27.418141813165438,-14.80969339860107,-27.418141813165438,3.6031212755042406,-0.018036247484259825,-0.0014699792730325275
5293.0,211.72,1.0,-14.967773154906856,-27.34085817053323,-14.967773154906856,-27.34085817053323,3.608305100528508,-0.013822358767884424,-0.0035217430049461497
5294.0,211.76,1.0,-15.125469244724332,-27.262717578390088,-15.125469244724332,-27.262717578390088,3.613510723621757,-0.009583930622497716,-0.005718475970530558
5295.0,211.8,1.0,-15.282785732212442,-27.182803576027162,-15.282785732212442,-27.182803576027162,3.6187460165097,-0.005371015908035281,-0.00798917180205527
5296.0,211.84,1.0,-15.440552848378577,-27.10310139901099,-15.440552848378577,-27.10310139901099,3.6240209173644553,-0.0012286948834666855,-0.010262349451656666
5297.0,211.88,1.0,-15.599029624463688,-27.022416445008723,-15.599029624463688,-27.022416445008723,3.6293440940367403,0.0028084485860665033,-0.012468099400913374
5298.0,211.92000000000002,1.0,-15.755993074582557,-26.940730136241985,-15.755993074582557,-26.940730136241985,3.6347243001774956,0.0067141183333314204,-0.014540602451053411
5299.0,211.96,1.0,-15.911650788503536,-26.85882197279624,-15.911650788503536,-26.85882197279624,3.6401674908301045,0.010468264685875561,-0.016420120524120733
5300.0,212.0,1.0,-16.066563370814585,-26.77516631604724,-16.066563370814585,-26.77516631604724,3.6456781015481377,0.014051861445609704,-0.01805437644588462
5301.0,212.04,1.0,-16.221103067384895,-26.691042101281415,-16.221103067384895,-26.691042101281415,3.651257671545553,0.017456537821470053,-0.019398857823981208
5302.0,212.08,1.0,-16.374708234263004,-26.604949882662606,-16.374708234263004,-26.604949882662606,3.656905290148557,0.020681615148455436,-0.02041753681329307
5303.0,212.12,1.0,-16.528733244184142,-26.518575848805607,-16.528733244184142,-26.518575848805607,3.662617264490204,0.023732558322306318,-0.021083523122339725
5304.0,212.16,1.0,-16.681619676112685,-26.43011928471679,-16.681619676112685,-26.43011928471679,3.6683885291321774,0.026612897659268286,-0.021379119087394597
5305.0,212.20000000000002,1.0,-16.833077618908877,-26.34432303747472,-16.833077618908877,-26.34432303747472,3.6742118951061826,0.029330315470399458,-0.02129519163837882
5306.0,212.24,1.0,-16.983528225851213,-26.25515961182355,-16.983528225851213,-26.25515961182355,3.6800793263211427,0.031898189728676064,-0.020830162861026694
5307.0,212.28,1.0,-17.1337949995905,-26.166390170742943,-17.1337949995905,-26.166390170742943,3.68597933680869,0.03433552497196231,-0.01998999661610181
5308.0,212.32,1.0,-17.284468072334867,-26.074181054016453,-17.284468072334867,-26.074181054016453,3.6918994726031764,0.03666204287337438,-0.018787598868543295
5309.0,212.36,1.0,-17.433578410102882,-25.98204664913529,-17.433578410102882,-25.98204664913529,3.6978248875477258,0.03889361564863534,-0.017241981967607466
5310.0,212.4,1.0,-17.58177259370177,-25.889739391693404,-17.58177259370177,-25.889739391693404,3.703741522180053,0.041045584133513356,-0.015376982698839572
5311.0,212.44,1.0,-17.728848823980933,-25.79604314773912,-17.728848823980933,-25.79604314773912,3.7096346525954464,0.04313746758050825,-0.01322108603337607
5312.0,212.48000000000002,1.0,-17.874961356868965,-25.701038170699213,-17.874961356868965,-25.701038170699213,3.7154913426015197,0.045181528212977384,-0.01080740646473835
5313.0,212.52,1.0,-18.021164682542754,-25.605258695187814,-18.021164682542754,-25.605258695187814,3.7213004779972145,0.04718182140479239,-0.008173517091961338
5314.0,212.56,1.0,-18.165774987402376,-25.508061722656606,-18.165774987402376,-25.508061722656606,3.727053439266583,0.04913760749410005,-0.005360539501774161
5315.0,212.6,1.0,-18.309619176695243,-25.41074877932904,-18.309619176695243,-25.41074877932904,3.7327440914319565,0.05105326623628812,-0.0024129689668269424
5316.0,212.64000000000001,1.0,-18.45201393226175,-25.311781213759552,-18.45201393226175,-25.311781213759552,3.7383681809042137,0.05292635526100862,0.0006214510991380915
5317.0,212.68,1.0,-18.593866649924056,-25.212350201093557,-18.593866649924056,-25.212350201093557,3.743923911432451,0.05474312846460403,0.003691287153506398
5318.0,212.72,1.0,-18.73451025801193,-25.112238581929923,-18.73451025801193,-25.112238581929923,3.7494126354725337,0.056479056684368346,0.006742534523304202
5319.0,212.76,1.0,-18.875440293915997,-25.01206546670205,-18.875440293915997,-25.01206546670205,3.7548390161490794,0.058105927570695035,0.009719090973880719
5320.0,212.8,1.0,-19.014973299980966,-24.91075001031347,-19.014973299980966,-24.91075001031347,3.7602107001476512,0.05959323178721383,0.01256372693083017
5321.0,212.84,1.0,-19.1547379262958,-24.809194132538828,-19.1547379262958,-24.809194132538828,3.765536746928528,0.060904976155142655,0.01521789941532555
5322.0,212.88,1.0,-19.291966465482286,-24.706391497094387,-19.291966465482286,-24.706391497094387,3.7708278442271785,0.06199370862765892,0.017623684174210938
5323.0,212.92000000000002,1.0,-19.42902366918276,-24.60411643381447,-19.42902366918276,-24.60411643381447,3.77609416281988,0.06281093726692447,0.01972512830456147
5324.0,212.96,1.0,-19.565419447023736,-24.500285433727043,-19.565419447023736,-24.500285433727043,3.781344416122613,0.06331538606374745,0.02147035791016152
5325.0,213.0,1.0,-19.702255745406934,-24.39513151479293,-19.702255745406934,-24.39513151479293,3.7865855737053744,0.06347162822930061,0.022812433625964933
5326.0,213.04,1.0,-19.837446227729664,-24.28836398650253,-19.837446227729664,-24.28836398650253,3.7918218064994513,0.06323958037345485,0.02371133667367794
5327.0,213.08,1.0,-19.97246790062053,-24.182406063102064,-19.97246790062053,-24.182406063102064,3.797055893802427,0.06258883934616652,0.02413572189305704
5328.0,213.12,1.0,-20.105027068112832,-24.07658433531537,-20.105027068112832,-24.07658433531537,3.802287838129579,0.06150330877549017,0.0240653970488427
5329.0,213.16,1.0,-20.237271809582413,-23.971850580837874,-20.237271809582413,-23.971850580837874,3.80751598064841,0.05998419835051947,0.023492130097240032
5330.0,213.20000000000002,1.0,-20.369713059090806,-23.86489962597569,-20.369713059090806,-23.86489962597569,3.812735396389937,0.05804158160478092,0.02242082531754231
5331.0,213.24,1.0,-20.501596509556375,-23.75954085550487,-20.501596509556375,-23.75954085550487,3.8179397088188827,0.05569961811024833,0.02086984898486412
5332.0,213.28,1.0,-20.633529483772286,-23.653784210793344,-20.633529483772286,-23.653784210793344,3.823120773874654,0.053001981158073086,0.01887261624836997
5333.0,213.32,1.0,-20.76436662672421,-23.548371744113958,-20.76436662672421,-23.548371744113958,3.8282700509798424,0.05001771048692658,0.016476419566061447
5334.0,213.36,1.0,-20.895830820075933,-23.442410790273865,-20.895830820075933,-23.442410790273865,3.833379431805137,0.04683493201305879,0.013741708996797126
5335.0,213.4,1.0,-21.025942129212766,-23.33765823442284,-21.025942129212766,-23.33765823442284,3.8384424962780885,0.043551741961834645,0.010740001650171551
5336.0,213.44,1.0,-21.155672764986,-23.232463590796105,-21.155672764986,-23.232463590796105,3.843454915522608,0.040277010197393624,0.0075529158376355324
5337.0,213.48000000000002,1.0,-21.283735102053793,-23.12753206798082,-21.283735102053793,-23.12753206798082,3.8484155669057687,0.03713991326401071,0.004269333738323529
5338.0,213.52,1.0,-21.412313546743775,-23.022500455776218,-21.412313546743775,-23.022500455776218,3.8533259582136865,0.03427595881567565,0.0009826002220910822
5339.0,213.56,1.0,-21.5392709806232,-22.91614515941621,-21.5392709806232,-22.91614515941621,3.858190648697664,0.031820617844595,-0.0022134767705251175
5340.0,213.6,1.0,-21.666774315193827,-22.809289579483334,-21.666774315193827,-22.809289579483334,3.8630162871829716,0.029902097298371188,-0.005227560073287767
5341.0,213.64000000000001,1.0,-21.793347414420516,-22.70210410574054,-21.793347414420516,-22.70210410574054,3.867812577102942,0.028647581939253364,-0.007974090069763597
5342.0,213.68,1.0,-21.919289639517178,-22.59184962864928,-21.919289639517178,-22.59184962864928,3.872590573025787,0.028174065325765295,-0.010376376307284062
5343.0,213.72,1.0,-22.045145123407462,-22.479524434666637,-22.045145123407462,-22.479524434666637,3.877364125945532,0.02858303122316752,-0.01237058897257583
5344.0,213.76,1.0,-22.16957382779031,-22.366176776799378,-22.16957382779031,-22.366176776799378,3.882147983516208,0.029949509774344317,-0.013907648116852083
5345.0,213.8,1.0,-22.2930572060544,-22.252120815382316,-22.2930572060544,-22.252120815382316,3.8869580334620664,0.03232067900056188,-0.01495504563738855
5346.0,213.84,1.0,-22.415160992204385,-22.138286211995883,-22.415160992204385,-22.138286211995883,3.8918096396068114,0.035718878649335574,-0.015497736145646073
5347.0,213.88,1.0,-22.536744335074427,-22.023541522555973,-22.536744335074427,-22.023541522555973,3.896717558345286,0.040134664686630385,-0.015539797134415223
5348.0,213.92000000000002,1.0,-22.65758673107686,-21.90766153075877,-22.65758673107686,-21.90766153075877,3.901694356884363,0.045521261597082384,-0.015103660545074445
5349.0,213.96,1.0,-22.77903167121798,-21.790279775920236,-22.77903167121798,-21.790279775920236,3.906749672851381,0.051799186510678566,-0.014229039945156525
5350.0,214.0,1.0,-22.89829282869639,-21.673172193585376,-22.89829282869639,-21.673172193585376,3.9118903159877503,0.058861314215405636,-0.012970473568046407
5351.0,214.04,1.0,-23.018163975674025,-21.55459072910063,-23.018163975674025,-21.55459072910063,3.9171200469320544,0.06657655647341199,-0.011395308747152003
5352.0,214.08,1.0,-23.13713823448365,-21.436495771834238,-23.13713823448365,-21.436495771834238,3.92243928443679,0.07478676982905548,-0.00958098017414841
5353.0,214.12,1.0,-23.255952248807468,-21.3171263696682,-23.255952248807468,-21.3171263696682,3.9278453560121434,0.08331917840898347,-0.007611417070241704
5354.0,214.16,1.0,-23.37367494533108,-21.197277505022832,-23.37367494533108,-21.197277505022832,3.9333313178147264,0.09198669102424537,-0.005572883305033698
5355.0,214.20000000000002,1.0,-23.49078631924914,-21.076591989515755,-23.49078631924914,-21.076591989515755,3.9388873894925682,0.1006028358955395,-0.003550540909487221
5356.0,214.24,1.0,-23.606176193748567,-20.955060455356673,-23.606176193748567,-20.955060455356673,3.944500095860403,0.10898421017971431,-0.0016253371150028028
5357.0,214.28,1.0,-23.720653060165695,-20.834826991369283,-23.720653060165695,-20.834826991369283,3.9501543180021317,0.11695183352423615,0.00012950790032276448
5358.0,214.32,1.0,-23.83411144896238,-20.712753513134246,-23.83411144896238,-20.712753513134246,3.9558322802913652,0.12433924822620104,0.0016521423144433098
5359.0,214.36,1.0,-23.94621715919027,-20.592525466392903,-23.94621715919027,-20.592525466392903,3.9615163373290656,0.1309986255069357,0.0028937791300547118
5360.0,214.4,1.0,-24.056896100558248,-20.46996963863858,-24.056896100558248,-20.46996963863858,3.96718971865129,0.13680713865255884,0.003819849783862542
5361.0,214.44,1.0,-24.166178964083542,-20.348091008075784,-24.166178964083542,-20.348091008075784,3.972837732274992,0.14166737707016716,0.004410592213385066
5362.0,214.48000000000002,1.0,-24.27583950296998,-20.22754094621444,-24.27583950296998,-20.22754094621444,3.9784482419142506,0.1455145860771539,0.004661761000528294
5363.0,214.52,1.0,-24.384153983483817,-20.108324831675233,-24.384153983483817,-20.108324831675233,3.9840121277002654,0.1483136077708596,0.004584049659407205
5364.0,214.56,1.0,-24.49149284542563,-19.989728093136293,-24.49149284542563,-19.989728093136293,3.9895241053533246,0.15005408369756382,0.004201170740310713
5365.0,214.6,1.0,-24.59727389651848,-19.87187900864995,-24.59727389651848,-19.87187900864995,3.994983003508832,0.1507546509460879,0.0035474802979991614
5366.0,214.64000000000001,1.0,-24.702064623802297,-19.755090358829964,-24.702064623802297,-19.755090358829964,4.00039141432316,0.1504558140724286,0.0026657751791134597
5367.0,214.68,1.0,-24.805507143071257,-19.637022941163046,-24.805507143071257,-19.637022941163046,4.005756457681646,0.14922057089952995,0.001605362247910639
5368.0,214.72,1.0,-24.90722636793846,-19.520382948316715,-24.90722636793846,-19.520382948316715,4.011088883878048,0.1471270241892107,0.00041838160869380055
5369.0,214.76,1.0,-25.007395326987428,-19.403563389895222,-25.007395326987428,-19.403563389895222,4.016403964667275,0.14426976547604214,-0.0008432388269813274
5370.0,214.8,1.0,-25.107375933917467,-19.287647131742624,-25.107375933917467,-19.287647131742624,4.021718796126993,0.14074947311873778,-0.0021300824734516864
5371.0,214.84,1.0,-25.205394099050945,-19.170571304723403,-25.205394099050945,-19.170571304723403,4.027051868017163,0.1366703723076878,-0.00339678783663083
5372.0,214.88,1.0,-25.30228565581762,-19.05111878087211,-25.30228565581762,-19.05111878087211,4.032420880683098,0.1321364856405043,-0.004604444677682951
5373.0,214.92000000000002,1.0,-25.397443216764078,-18.931059127511762,-25.397443216764078,-18.931059127511762,4.037842501146178,0.12723937407091737,-0.005722526477290164
5374.0,214.96,1.0,-25.49221264009695,-18.809813219713124,-25.49221264009695,-18.809813219713124,4.043331155724885,0.12206563967304493,-0.006729307244951713
5375.0,215.0,1.0,-25.58616262417413,-18.687692928890897,-25.58616262417413,-18.687692928890897,4.048898195912406,0.11669072668133498,-0.007611174959662942
5376.0,215.04,1.0,-25.67953788337158,-18.56690718718813,-25.67953788337158,-18.56690718718813,4.054552211069196,0.11117479475775646,-0.008362021055986837
5377.0,215.08,1.0,-25.771449393890492,-18.443943276372803,-25.771449393890492,-18.443943276372803,4.060297744137469,0.10555871197594886,-0.008982912776728445
5378.0,215.12,1.0,-25.862482865533412,-18.32320001950181,-25.862482865533412,-18.32320001950181,4.066135737591461,0.09986922109538805,-0.00948142315095023
5379.0,215.16,1.0,-25.95292264841053,-18.201778216624774,-25.95292264841053,-18.201778216624774,4.07206249350154,0.09412689453610489,-0.009868815584809851
5380.0,215.20000000000002,1.0,-26.04291162289228,-18.082618553107878,-26.04291162289228,-18.082618553107878,4.0780700827650795,0.08834118113651693,-0.010158007490905754
5381.0,215.24,1.0,-26.131839762106587,-17.962300151071105,-26.131839762106587,-17.962300151071105,4.084146535360069,0.08251699001139001,-0.01036196789019945
5382.0,215.28,1.0,-26.219078261610463,-17.84267656559708,-26.219078261610463,-17.84267656559708,4.090277146979558,0.07665087913058247,-0.010492851105894449
5383.0,215.32,1.0,-26.30535841161683,-17.724016091634194,-26.30535841161683,-17.724016091634194,4.0964456868289725,0.07073867788325386,-0.010559336077436709
5384.0,215.36,1.0,-26.39134473403078,-17.604536805412884,-26.39134473403078,-17.604536805412884,4.10263503835504,0.06478147419355192,-0.010565289262300234
5385.0,215.4,1.0,-26.475842635050288,-17.484347114625088,-26.475842635050288,-17.484347114625088,4.108828738441829,0.058781251673831504,-0.010509354105310769
5386.0,215.44,1.0,-26.560778670322982,-17.363151635859065,-26.560778670322982,-17.363151635859065,4.115011523255858,0.052743044751231705,-0.010385601100542683
5387.0,215.48000000000002,1.0,-26.644726638985894,-17.242311108853382,-26.644726638985894,-17.242311108853382,4.1211689421600175,0.046681450812436256,-0.01018326542086025
5388.0,215.52,1.0,-26.728566993881145,-17.11915653586724,-26.728566993881145,-17.11915653586724,4.127289090286167,0.04063018793963595,-0.009886623968465296
5389.0,215.56,1.0,-26.8112032246331,-16.995629375297355,-26.8112032246331,-16.995629375297355,4.13336195605188,0.03462933615624462,-0.009476110642269987
5390.0,215.6,1.0,-26.892546775788354,-16.868889990034738,-26.892546775788354,-16.868889990034738,4.139380749578774,0.028729414468210777,-0.008931072716655292
5391.0,215.64000000000001,1.0,-26.972449286744403,-16.743797894603997,-26.972449286744403,-16.743797894603997,4.145341407447072,0.0229892703293878,-0.008231928234302363
5392.0,215.68,1.0,-27.051248719021565,-16.618954746133806,-27.051248719021565,-16.618954746133806,4.151244081606668,0.01747857081407942,-0.00736142989942124
5393.0,215.72,1.0,-27.127871798578887,-16.493795368208325,-27.127871798578887,-16.493795368208325,4.15709153921183,0.012274943647405967,-0.006305957540458857
5394.0,215.76,1.0,-27.20332901976071,-16.3702502510762,-27.20332901976071,-16.3702502510762,4.1628893586241995,0.00745465305528904,-0.005058684000731588
5395.0,215.8,1.0,-27.277997896033526,-16.246759908120445,-27.277997896033526,-16.246759908120445,4.168645056267509,0.003088756941507886,-0.003621159432480027
5396.0,215.84,1.0,-27.351969487738824,-16.122385501679094,-27.351969487738824,-16.122385501679094,4.174367090014259,-0.0007552167905041541,-0.002004246946646705
5397.0,215.88,1.0,-27.4263637757036,-15.997493933239118,-27.4263637757036,-15.997493933239118,4.180064801205232,-0.004009124205383885,-0.000228051973640047
5398.0,215.92000000000002,1.0,-27.49922464169801,-15.87000286622648,-27.49922464169801,-15.87000286622648,4.185748316245255,-0.0066151569483097975,0.0016770308618478697
5399.0,215.96,1.0,-27.57218330366472,-15.74135898097595,-27.57218330366472,-15.74135898097595,4.19142752203644,-0.008536351905838102,0.0036702684958194016
5400.0,216.0,1.0,-27.643423239800903,-15.611148401594509,-27.643423239800903,-15.611148401594509,4.197111556376498,-0.009743310943706951,0.0057018891283723795
5401.0,216.04,1.0,-27.715490149300184,-15.481635075556792,-27.715490149300184,-15.481635075556792,4.202808567560224,-0.01022570752949814,0.007715826620800896
5402.0,216.08,1.0,-27.786195724037224,-15.351512004010086,-27.786195724037224,-15.351512004010086,4.208524614854467,-0.009989860884153235,0.009651695555811666
5403.0,216.12,1.0,-27.856408047486006,-15.21889474967808,-27.856408047486006,-15.21889474967808,4.214263154876381,-0.009065688671410322,0.011446277036161478
5404.0,216.16,1.0,-27.924446405352814,-15.08695661728965,-27.924446405352814,-15.08695661728965,4.220025334875866,-0.0074979752224313525,0.013036189458370314
5405.0,216.20000000000002,1.0,-27.99304680478385,-14.953373196663984,-27.99304680478385,-14.953373196663984,4.225809312566508,-0.005346872119169066,0.01436208683323768
5406.0,216.24,1.0,-28.06031417196695,-14.818789904537372,-28.06031417196695,-14.818789904537372,4.231610472782032,-0.002677628965813017,0.015371802333862584
5407.0,216.28,1.0,-28.12835760835801,-14.683347415867729,-28.12835760835801,-14.683347415867729,4.237422266902103,0.00043144634624704415,0.01602248876407618
5408.0,216.32,1.0,-28.195847554275055,-14.549225395589067,-28.195847554275055,-14.549225395589067,4.2432356546862,0.0038889653388061276,0.016282644406246334
5409.0,216.36,1.0,-28.262920892992803,-14.41388264988501,-28.262920892992803,-14.41388264988501,4.249039730031244,0.007598891746342873,0.016134984724735252
5410.0,216.4,1.0,-28.329592913151213,-14.28115050001168,-28.329592913151213,-14.28115050001168,4.254822431649241,0.011469125972064986,0.015577971036094295
5411.0,216.44,1.0,-28.39529622156794,-14.146941769689414,-28.39529622156794,-14.146941769689414,4.260571369895018,0.015400364324009652,0.014626307948696859
5412.0,216.48000000000002,1.0,-28.460346503148106,-14.013963662282169,-28.460346503148106,-14.013963662282169,4.266273679727919,0.019292486207891434,0.013309891126855744
5413.0,216.52,1.0,-28.525621515008385,-13.88157606855209,-28.525621515008385,-13.88157606855209,4.271917927943592,0.023049030369821054,0.011673729701968161
5414.0,216.56,1.0,-28.590458649403427,-13.748802963542337,-28.590458649403427,-13.748802963542337,4.277494406939671,0.02658160327926763,0.009777262559645656
5415.0,216.6,1.0,-28.653804816998775,-13.6141858187661,-28.653804816998775,-13.6141858187661,4.282995669649929,0.029803952250663412,0.007692033839305274
5416.0,216.64000000000001,1.0,-28.71715803845756,-13.479325468516222,-28.71715803845756,-13.479325468516222,4.288417316042486,0.0326432209372961,0.005497803685640136
5417.0,216.68,1.0,-28.7796395454942,-13.34501288777463,-28.7796395454942,-13.34501288777463,4.293758705360201,0.03502771893221461,0.003279499327621552
5418.0,216.72,1.0,-28.842099464472653,-13.210321998796593,-28.842099464472653,-13.210321998796593,4.299021689885749,0.03690069183563527,0.0011245615863911267
5419.0,216.76,1.0,-28.903018822538705,-13.075544836649744,-28.903018822538705,-13.075544836649744,4.304211543886306,0.038216063163550376,-0.0008806955769225525
5420.0,216.8,1.0,-28.962046236592744,-12.94084843991568,-28.962046236592744,-12.94084843991568,4.3093358577046335,0.03893563674617252,-0.0026555579930468078
5421.0,216.84,1.0,-29.019312268939437,-12.804363650174684,-29.019312268939437,-12.804363650174684,4.314404198033116,0.03902076029999187,-0.004128525305150077
5422.0,216.88,1.0,-29.076656024103187,-12.6687363570802,-29.076656024103187,-12.6687363570802,4.31942791528324,0.03844327796818516,-0.005239965596368313
5423.0,216.92000000000002,1.0,-29.132616599819016,-12.532826951459034,-29.132616599819016,-12.532826951459034,4.324419687237677,0.037182176338548326,-0.005943963805881363
5424.0,216.96,1.0,-29.18832696837818,-12.397366385700703,-29.18832696837818,-12.397366385700703,4.329392628318227,0.03521946368910213,-0.006211028443419186
5425.0,217.0,1.0,-29.242776892008898,-12.261086734572554,-29.242776892008898,-12.261086734572554,4.334358916413002,0.03254150458833523,-0.006029872887514129
5426.0,217.04,1.0,-29.296395721038998,-12.126136338836954,-29.296395721038998,-12.126136338836954,4.339330042282995,0.02914308347662311,-0.005407790033707687
5427.0,217.08,1.0,-29.347309782645574,-11.990658818277499,-29.347309782645574,-11.990658818277499,4.344315236460841,0.02501786549755002,-0.004369259753871179
5428.0,217.12,1.0,-29.39714068075197,-11.855363864386891,-29.39714068075197,-11.855363864386891,4.349321011837544,0.020165886925367648,-0.002955770836861994
5429.0,217.16,1.0,-29.44632596081085,-11.720379078940887,-29.44632596081085,-11.720379078940887,4.354351670981069,0.014586566932461164,-0.0012247169503640499
5430.0,217.20000000000002,1.0,-29.49381365441848,-11.584551133030725,-29.49381365441848,-11.584551133030725,4.359408309536741,0.00828193540434773,0.0007529735855183017
5431.0,217.24,1.0,-29.541695236815336,-11.448151707338443,-29.541695236815336,-11.448151707338443,4.364490664248435,0.0012586379785507363,0.0028965256077841156
5432.0,217.28,1.0,-29.588589410955343,-11.311632413090507,-29.588589410955343,-11.311632413090507,4.369597186829663,-0.006462819118769414,0.005118428323580339
5433.0,217.32,1.0,-29.63507375705074,-11.174631440268389,-29.63507375705074,-11.174631440268389,4.374724917646485,-0.014857848313831124,0.007327285926802762
5434.0,217.36,1.0,-29.680219893947925,-11.036809560256199,-29.680219893947925,-11.036809560256199,4.37986982752596,-0.02388994153213344,0.009430993064191212
5435.0,217.4,1.0,-29.72634495571814,-10.900647419186079,-29.72634495571814,-10.900647419186079,4.385027113513573,-0.03350976394244894,0.011340710203425041
5436.0,217.44,1.0,-29.771614097370207,-10.764039340160274,-29.771614097370207,-10.764039340160274,4.390192182172927,-0.043656163116267355,0.012974552028941055
5437.0,217.48000000000002,1.0,-29.81596509192327,-10.626471920690102,-29.81596509192327,-10.626471920690102,4.395359625447972,-0.05425889821024212,0.01426016464764302
5438.0,217.52,1.0,-29.85929444197645,-10.488988797408023,-29.85929444197645,-10.488988797408023,4.400525758340122,-0.06523466940324335,0.015136381438394273
5439.0,217.56,1.0,-29.902421629344694,-10.351186965018112,-29.902421629344694,-10.351186965018112,4.405687793594994,-0.07648975588604609,0.015556055479962017
5440.0,217.6,1.0,-29.94644092658296,-10.213211203754035,-29.94644092658296,-10.213211203754035,4.410845083065814,-0.08792241572699594,0.015487776243326016
5441.0,217.64000000000001,1.0,-29.98911646880189,-10.07483927812174,-29.98911646880189,-10.07483927812174,4.41599952153517,-0.0994237481649625,0.01491668739215343
5442.0,217.68,1.0,-30.031323466653117,-9.936280549791348,-30.031323466653117,-9.936280549791348,4.421154141574723,-0.11087858723216146,0.013843781233092134
5443.0,217.72,1.0,-30.072853194987744,-9.797887330120867,-30.072853194987744,-9.797887330120867,4.426312518738213,-0.12217095275209613,0.012286102190264391
5444.0,217.76,1.0,-30.114274334454045,-9.657385488013613,-30.114274334454045,-9.657385488013613,4.431478776384153,-0.13317842394181473,0.010276205775392311
5445.0,217.8,1.0,-30.155319054565553,-9.516562484708732,-30.155319054565553,-9.516562484708732,4.436658051840223,-0.1437831727778868,0.007860928515789522
5446.0,217.84,1.0,-30.196639781242773,-9.375224821316746,-30.196639781242773,-9.375224821316746,4.441855765478815,-0.15387433111440707,0.005099012581369582
5447.0,217.88,1.0,-30.238337983509666,-9.233133332988912,-30.238337983509666,-9.233133332988912,4.447077936549698,-0.16335072000119816,0.0020587556462930393
5448.0,217.92000000000002,1.0,-30.27928162456949,-9.090510109355533,-30.27928162456949,-9.090510109355533,4.45233183410697,-0.1721198902757824,-0.0011837903629375707
5449.0,217.96,1.0,-30.318967605956146,-8.94560759830037,-30.318967605956146,-8.94560759830037,4.457624271996352,-0.18010329464140423,-0.004547026681162097
5450.0,218.0,1.0,-30.35955725613465,-8.800397196297485,-30.35955725613465,-8.800397196297485,4.4629629631755225,-0.18723614041330144,-0.007946747250628286
5451.0,218.04,1.0,-30.39847779530845,-8.653286083234404,-30.39847779530845,-8.653286083234404,4.468354255756468,-0.19346793297684928,-0.011298783373269972
5452.0,218.08,1.0,-30.43774077977623,-8.504532384837086,-30.43774077977623,-8.504532384837086,4.4738034552610095,-0.1987635577895237,-0.014521072015475162
5453.0,218.12,1.0,-30.47597089304303,-8.354084973247884,-30.47597089304303,-8.354084973247884,4.4793145554563525,-0.20310601740840134,-0.01753533061409348
5454.0,218.16,1.0,-30.51372285363603,-8.203158781280317,-30.51372285363603,-8.203158781280317,4.484891069016851,-0.20649663357390632,-0.02026954642310027
5455.0,218.20000000000002,1.0,-30.550054014393243,-8.04947468985538,-30.550054014393243,-8.04947468985538,4.4905358790978,-0.2089572757140469,-0.022659782872324806
5456.0,218.24,1.0,-30.586328670181267,-7.894785927034389,-30.586328670181267,-7.894785927034389,4.496250909172575,-0.21052355764724412,-0.024651608915196827
5457.0,218.28,1.0,-30.622167979968328,-7.739543822737002,-30.622167979968328,-7.739543822737002,4.502037533810178,-0.21124340206347014,-0.026200387116902497
5458.0,218.32,1.0,-30.656783192192442,-7.58302520635641,-30.656783192192442,-7.58302520635641,4.507895425112382,-0.21117516820151314,-0.027272175007252753
5459.0,218.36,1.0,-30.691041225199747,-7.425590619488958,-30.691041225199747,-7.425590619488958,4.513822646407741,-0.21039126162691674,-0.02784461456687671
5460.0,218.4,1.0,-30.72411165245689,-7.267673410706476,-30.72411165245689,-7.267673410706476,4.519815503009845,-0.20896772248396767,-0.02790703700412006
5461.0,218.44,1.0,-30.756904717053686,-7.10838485773562,-30.756904717053686,-7.10838485773562,4.525867604026153,-0.20698242469395484,-0.027459998507425254
5462.0,218.48000000000002,1.0,-30.78659712705641,-6.946705239005628,-30.78659712705641,-6.946705239005628,4.531971538062156,-0.20451020491989996,-0.026514842031278706
5463.0,218.52,1.0,-30.816342520234457,-6.783618637917295,-30.816342520234457,-6.783618637917295,4.5381187007093455,-0.20162323613733452,-0.02509369724960307
5464.0,218.56,1.0,-30.843601801744597,-6.6197797059863674,-30.843601801744597,-6.6197797059863674,4.544300065605822,-0.19838718266301508,-0.02322859281448157
5465.0,218.6,1.0,-30.87046393905026,-6.455838133836307,-30.87046393905026,-6.455838133836307,4.550506130958228,-0.19486007943318118,-0.02096023775476103
5466.0,218.64000000000001,1.0,-30.89573776386963,-6.290706168131306,-30.89573776386963,-6.290706168131306,4.556727341944662,-0.19108930490670992,-0.018336887466340414
5467.0,218.68,1.0,-30.919952940870964,-6.124494798014396,-30.919952940870964,-6.124494798014396,4.562953998731769,-0.1871121048033429,-0.015413298897961008
5468.0,218.72,1.0,-30.943082549381295,-5.955993900011994,-30.943082549381295,-5.955993900011994,4.569176330953583,-0.18295392707174502,-0.01224988431611608
5469.0,218.76,1.0,-30.965914899957433,-5.786982446872188,-30.965914899957433,-5.786982446872188,4.575385680222464,-0.17862904050893175,-0.00891104580988206
5470.0,218.8,1.0,-30.98765550004918,-5.616715787088315,-30.98765550004918,-5.616715787088315,4.5815737852529965,-0.17413508652824453,-0.005463415098732676
5471.0,218.84,1.0,-31.00842416497465,-5.445823962967092,-31.00842416497465,-5.445823962967092,4.587733498326974,-0.16946145082980896,-0.001974649671408384
5472.0,218.88,1.0,-31.02747245084973,-5.275352516988369,-31.02747245084973,-5.275352516988369,4.593858743540092,-0.16459151725990312,0.0014874827630912003
5473.0,218.92000000000002,1.0,-31.045274837549933,-5.103514964374897,-31.045274837549933,-5.103514964374897,4.599944780263511,-0.1595060556231343,0.00485666686585767
5474.0,218.96,1.0,-31.062498088782093,-4.9316110791154255,-31.062498088782093,-4.9316110791154255,4.605988102396865,-0.15417908286791818,0.008069982561295933
5475.0,219.0,1.0,-31.078290569273427,-4.759145286317983,-31.078290569273427,-4.759145286317983,4.611985864759868,-0.1485840771006554,0.011069008254084956
5476.0,219.04,1.0,-31.093489436736643,-4.58528386307267,-31.093489436736643,-4.58528386307267,4.617935489729801,-0.1426957464216044,0.01380076598128494
5477.0,219.08,1.0,-31.107407888500337,-4.410253423815368,-31.107407888500337,-4.410253423815368,4.623834183787704,-0.13649375693088187,0.016218795285584373
5478.0,219.12,1.0,-31.12035391040653,-4.236052362132201,-31.12035391040653,-4.236052362132201,4.629678986083995,-0.12996500832328806,0.01828435920263272
5479.0,219.16,1.0,-31.131774096612265,-4.058380424837955,-31.131774096612265,-4.058380424837955,4.635466827128894,-0.12310451645175668,0.019967254446568643
5480.0,219.20000000000002,1.0,-31.141829046968354,-3.8802850466086545,-31.141829046968354,-3.8802850466086545,4.641194180647372,-0.11591561536285444,0.021246186072203042
5481.0,219.24,1.0,-31.151837714201065,-3.7014666295101697,-31.151837714201065,-3.7014666295101697,4.646858140018156,-0.10841502883538934,0.02210876045846525
5482.0,219.28,1.0,-31.162505510462182,-3.5228171990107087,-31.162505510462182,-3.5228171990107087,4.652456130888489,-0.10063288043650256,0.022551851411003222
5483.0,219.32,1.0,-31.172178435965254,-3.3432592803888115,-31.172178435965254,-3.3432592803888115,4.657987299422252,-0.09261383701239687,0.022581851142363853
5484.0,219.36,1.0,-31.18200580038525,-3.164088681294589,-31.18200580038525,-3.164088681294589,4.663451289550713,-0.08441393149398387,0.02221399157920413
5485.0,219.4,1.0,-31.190361648728015,-2.9838882707761347,-31.190361648728015,-2.9838882707761347,4.668848405694312,-0.07610394690467484,0.021471181191913342
5486.0,219.44,1.0,-31.19792264428569,-2.802091134343373,-31.19792264428569,-2.802091134343373,4.67418053631077,-0.06776604157666136,0.0203834330766808
5487.0,219.48000000000002,1.0,-31.20511517209483,-2.6204609101063148,-31.20511517209483,-2.6204609101063148,4.679450822934544,-0.059490772893251755,0.01898711386979557
5488.0,219.52,1.0,-31.21195315401683,-2.4392206717740605,-31.21195315401683,-2.4392206717740605,4.684664588749654,-0.05137520865128651,0.017323661610219
5489.0,219.56,1.0,-31.21738387072952,-2.258345745335813,-31.21738387072952,-2.258345745335813,4.689828817682189,-0.04351999184667279,0.015437960800085661
5490.0,219.6,1.0,-31.221998801408784,-2.0773824650286836,-31.221998801408784,-2.0773824650286836,4.694952992777503,-0.036030322819630325,0.013376808191554271
5491.0,219.64000000000001,1.0,-31.2252912534697,-1.89664985295784,-31.2252912534697,-1.89664985295784,4.700048499698456,-0.02901308307522037,0.01118768593409683
5492.0,219.68,1.0,-31.228233124740893,-1.7147590866094113,-31.228233124740893,-1.7147590866094113,4.705128280656974,-0.022572825083934055,0.008917702562659844
5493.0,219.72,1.0,-31.23082349490408,-1.5343387811893883,-31.23082349490408,-1.5343387811893883,4.710206189249068,-0.016805731178249107,0.006612447805747587
5494.0,219.76,1.0,-31.231438306085305,-1.3528645404366524,-31.231438306085305,-1.3528645404366524,4.715295198720962,-0.01179805952513766,0.004314543967349762
5495.0,219.8,1.0,-31.231625251379704,-1.1713952321256285,-31.231625251379704,-1.1713952321256285,4.720408035897935,-0.0076247227344698795,0.002062808570811681
5496.0,219.84,1.0,-31.229913499470122,-0.9907907407554284,-31.229913499470122,-0.9907907407554284,4.725556278798747,-0.004348070284435157,-0.00010791663175437477
5497.0,219.88,1.0,-31.226842959979145,-0.8095712138323983,-31.226842959979145,-0.8095712138323983,4.730749842835368,-0.0020131063774050163,-0.0021677087452608513
5498.0,219.92000000000002,1.0,-31.223105965689165,-0.6272377107465981,-31.223105965689165,-0.6272377107465981,4.735997360512759,-0.0006431509430568028,-0.004091971193911837
5499.0,219.96,1.0,-31.218814582422937,-0.4474823592348165,-31.218814582422937,-0.4474823592348165,4.741305299403917,-0.00024248454697879397,-0.005861369996513025
5500.0,220.0,1.0,-31.2142715482127,-0.26712062070746045,-31.2142715482127,-0.26712062070746045,4.746678687353856,-0.000797633415591803,-0.007461180624481581
5501.0,220.04,1.0,-31.208356099240717,-0.08750460011631508,-31.208356099240717,-0.08750460011631508,4.75211940365139,-0.0022725123752487695,-0.008880866846764868
5502.0,220.08,1.0,-31.20334598623337,0.08986635704842011,-31.20334598623337,0.08986635704842011,4.757627375069073,-0.004612538798211352,-0.010113673273638213
5503.0,220.12,1.0,-31.19522835887375,0.26994750088524266,-31.19522835887375,0.26994750088524266,4.763199328107062,-0.00774303936412406,-0.011156149501965418
5504.0,220.16,1.0,-31.186961522181797,0.4489191908608543,-31.186961522181797,0.4489191908608543,4.76883025107899,-0.011577442559933626,-0.012007725557945489
5505.0,220.20000000000002,1.0,-31.17817179599213,0.6267116899642478,-31.17817179599213,0.6267116899642478,4.77451414525475,-0.016013273716392495,-0.012669382336284748
5506.0,220.24,1.0,-31.16723093014098,0.8051510959859506,-31.16723093014098,0.8051510959859506,4.780243632712418,-0.020937829442109823,-0.0131429309157654
5507.0,220.28,1.0,-31.155751603749536,0.982312567923417,-31.155751603749536,0.982312567923417,4.786011743042399,-0.026228382771756653,-0.013430881623397836
5508.0,220.32,1.0,-31.142373173739298,1.1605287482988074,-31.142373173739298,1.1605287482988074,4.791811067909054,-0.03175869879596891,-0.013535933973491334
5509.0,220.36,1.0,-31.129117686008794,1.3388896340790262,-31.129117686008794,1.3388896340790262,4.797634805270453,-0.03740738451219143,-0.013460336713006083
5510.0,220.4,1.0,-31.112785711254237,1.5174100629032863,-31.112785711254237,1.5174100629032863,4.80347559565823,-0.043058130061500034,-0.01320566870888438
5511.0,220.44,1.0,-31.09697355741671,1.6956503826116769,-31.09697355741671,1.6956503826116769,4.809326189690568,-0.048599327964715645,-0.012773349311320917
5512.0,220.48000000000002,1.0,-31.078964073738007,1.874260785506309,-31.078964073738007,1.874260785506309,4.815179672226381,-0.05393125922515576,-0.012164426440931256
5513.0,220.52,1.0,-31.06064455326146,2.0535625130871007,-31.06064455326146,2.0535625130871007,4.821028661687588,-0.05896630190176191,-0.011379981753667435
5514.0,220.56,1.0,-31.04103618646649,2.233878141326762,-31.04103618646649,2.233878141326762,4.826866995603817,-0.06363214173613374,-0.010421336274344564
5515.0,220.6,1.0,-31.0203988413699,2.413371094002483,-31.0203988413699,2.413371094002483,4.832688646105213,-0.06787078389025931,-0.009290610853336595
5516.0,220.64000000000001,1.0,-30.997655697403435,2.5933906641926985,-30.997655697403435,2.5933906641926985,4.83848799083557,-0.07164429689002297,-0.00799181820836003
5517.0,220.68,1.0,-30.974147703471296,2.772869892406324,-30.974147703471296,2.772869892406324,4.844260126686417,-0.07493113115588286,-0.0065314165197730535
5518.0,220.72,1.0,-30.949374699858232,2.952525198066529,-30.949374699858232,2.952525198066529,4.849999586522463,-0.07773247266279301,-0.004918495050721096
5519.0,220.76,1.0,-30.92297200192806,3.133204643453424,-30.92297200192806,3.133204643453424,4.855701250077109,-0.08006486012474859,-0.003164762735585189
5520.0,220.8,1.0,-30.895292290271897,3.3144823458149517,-30.895292290271897,3.3144823458149517,4.861358943834633,-0.08196183023538232,-0.0012857145735702146
5521.0,220.84,1.0,-30.865858923248073,3.4965573420213416,-30.865858923248073,3.4965573420213416,4.866968136783534,-0.08346701336629955,0.0006992243371470392
5522.0,220.88,1.0,-30.834139765600383,3.6799877529449105,-30.834139765600383,3.6799877529449105,4.872524098887993,-0.08463526579405185,0.0027669947770313777
5523.0,220.92000000000002,1.0,-30.802927929986442,3.861183429804025,-30.802927929986442,3.861183429804025,4.878023662149392,-0.08552928406410029,0.004890804037960011
5524.0,220.96,1.0,-30.769913156906235,4.0437394833617075,-30.769913156906235,4.0437394833617075,4.8834646459434925,-0.08621547819540462,0.007040391623155692
5525.0,221.0,1.0,-30.73599545847773,4.226946927856103,-30.73599545847773,4.226946927856103,4.888845410438952,-0.08676265592747054,0.009182151381877163
5526.0,221.04,1.0,-30.702344820682253,4.408964467053145,-30.702344820682253,4.408964467053145,4.894164954928055,-0.08723457743340432,0.011279949612182327
5527.0,221.08,1.0,-30.66642126504048,4.592950602425558,-30.66642126504048,4.592950602425558,4.899422718908458,-0.08768890332070697,0.013295963137743519
5528.0,221.12,1.0,-30.630634655225048,4.775332790881014,-30.630634655225048,4.775332790881014,4.9046187997862045,-0.08818049923153962,0.01519162408029176
5529.0,221.16,1.0,-30.59146103389491,4.957416524273642,-30.59146103389491,4.957416524273642,4.909753919868076,-0.08875193323715129,0.016928107545106895
5530.0,221.20000000000002,1.0,-30.553669527535583,5.138990008071375,-30.553669527535583,5.138990008071375,4.914830298276933,-0.08943719696904961,0.01846695438112076
5531.0,221.24,1.0,-30.513339735102402,5.321473693281715,-30.513339735102402,5.321473693281715,4.919851407630908,-0.09025624510472441,0.019771974901484406
5532.0,221.28,1.0,-30.47254040903424,5.504640192759488,-30.47254040903424,5.504640192759488,4.924821024289573,-0.09122319396271686,0.0208099076657883
5533.0,221.32,1.0,-30.429698946218405,5.6880736681896975,-30.429698946218405,5.6880736681896975,4.929744022861947,-0.09234315683497718,0.021551112235395374
5534.0,221.36,1.0,-30.387046637846623,5.870743558452396,-30.387046637846623,5.870743558452396,4.934624970815833,-0.09361423459010447,0.02197009470484331
5535.0,221.4,1.0,-30.343385071396263,6.053866501990678,-30.343385071396263,6.053866501990678,4.939469097767767,-0.09502428083125884,0.022046827948370235
5536.0,221.44,1.0,-30.299523059860014,6.238275087369918,-30.299523059860014,6.238275087369918,4.944281962846915,-0.09655793379635139,0.02176736750913884
5537.0,221.48000000000002,1.0,-30.254799821244017,6.422579121412281,-30.254799821244017,6.422579121412281,4.949069880554613,-0.0982011789375139,0.021124265619017157
5538.0,221.52,1.0,-30.209187830719777,6.607472891120575,-30.209187830719777,6.607472891120575,4.9538398555736,-0.09993990176641317,0.020116786051599125
5539.0,221.56,1.0,-30.163461427499357,6.791205776265036,-30.163461427499357,6.791205776265036,4.9585994463631895,-0.10175676532006508,0.0187509245776078
5540.0,221.6,1.0,-30.117109177837637,6.9761508912266565,-30.117109177837637,6.9761508912266565,4.9633572914094835,-0.1036339543343541,0.017040001723504342
5541.0,221.64000000000001,1.0,-30.07049361177703,7.160176818321885,-30.07049361177703,7.160176818321885,4.968121220415446,-0.10555909538480146,0.01500451044051635
5542.0,221.68,1.0,-30.023294871989407,7.345959357996027,-30.023294871989407,7.345959357996027,4.972899592456109,-0.10752398141066832,0.012671253157511386
5543.0,221.72,1.0,-29.974904061387583,7.531517483833322,-29.974904061387583,7.531517483833322,4.977700026456031,-0.10951820338981992,0.010072950061445402
5544.0,221.76,1.0,-29.925381470671045,7.71780144648273,-29.925381470671045,7.71780144648273,4.982530370005983,-0.11153349216875737,0.007247914314431692
5545.0,221.8,1.0,-29.87410638876914,7.904298305344122,-29.87410638876914,7.904298305344122,4.987398340029708,-0.1135630999585103,0.004239624146456562
5546.0,221.84,1.0,-29.82233962099506,8.09066668097165,-29.82233962099506,8.09066668097165,4.992311969494388,-0.11560944635200066,0.0010949641666793404
5547.0,221.88,1.0,-29.769887561387225,8.27657113226672,-29.769887561387225,8.27657113226672,4.997279177923184,-0.11767114730931352,-0.002136467103730134
5548.0,221.92000000000002,1.0,-29.716628210481765,8.464542256338536,-29.716628210481765,8.464542256338536,5.002307773538015,-0.11974228573061947,-0.005403524882677056
5549.0,221.96,1.0,-29.663933198907483,8.653214037317156,-29.663933198907483,8.653214037317156,5.007405351064362,-0.12181171205753094,-0.008654308552328696
5550.0,222.0,1.0,-29.60918248865615,8.842472203376131,-29.60918248865615,8.842472203376131,5.012578975576494,-0.12386651029558068,-0.011837573379009
5551.0,222.04,1.0,-29.553820755612303,9.030757519026231,-29.553820755612303,9.030757519026231,5.017835028241139,-0.1258904316277061,-0.014904343366958644
5552.0,222.08,1.0,-29.496250121266563,9.218173285313792,-29.496250121266563,9.218173285313792,5.023180145978658,-0.12785650940959595,-0.01780899676503609
5553.0,222.12,1.0,-29.43866599249092,9.405660426796851,-29.43866599249092,9.405660426796851,5.028620686724835,-0.12972930310643802,-0.02051003447081883
5554.0,222.16,1.0,-29.378906145774874,9.593893380590304,-29.378906145774874,9.593893380590304,5.034163555763878,-0.13146820143102303,-0.022970831696593755
5555.0,222.20000000000002,1.0,-29.318185455801444,9.781747059818716,-29.318185455801444,9.781747059818716,5.039815130483683,-0.13302862949867417,-0.025160971716646153
5556.0,222.24,1.0,-29.256544607424523,9.96980951537465,-29.256544607424523,9.96980951537465,5.045582144703934,-0.13435684264315073,-0.02705682604657835
5557.0,222.28,1.0,-29.19366722998596,10.157623508144558,-29.19366722998596,10.157623508144558,5.051470162736043,-0.13539117487710006,-0.02864143444301735
5558.0,222.32,1.0,-29.129896190819682,10.345054326878607,-29.129896190819682,10.345054326878607,5.0574845849670975,-0.13607084406251685,-0.02990469387530075
5559.0,222.36,1.0,-29.06284383022308,10.534665552142389,-29.06284383022308,10.534665552142389,5.063629420407935,-0.13633859555695335,-0.030843395476312225
5560.0,222.4,1.0,-28.99485662270508,10.724026778365472,-28.99485662270508,10.724026778365472,5.069907304340965,-0.13614103306457195,-0.0314612142229186
5561.0,222.44,1.0,-28.92508739844273,10.914330958882312,-28.92508739844273,10.914330958882312,5.07631939240151,-0.1354252876960918,-0.0317677447112686
5562.0,222.48000000000002,1.0,-28.853072055095716,11.1045632070694,-28.853072055095716,11.1045632070694,5.082865068823304,-0.13414577842394074,-0.03177763750152573
5563.0,222.52,1.0,-28.779636765436102,11.294630402064351,-28.779636765436102,11.294630402064351,5.089541838563186,-0.13226975229371568,-0.03150970189586852
5564.0,222.56,1.0,-28.7045598049911,11.484326677717238,-28.7045598049911,11.484326677717238,5.09634483206659,-0.12977938329875746,-0.030986242372983717
5565.0,222.6,1.0,-28.628688888791977,11.67424569513668,-28.628688888791977,11.67424569513668,5.103267102715455,-0.12667125061263768,-0.030232061107641223
5566.0,222.64000000000001,1.0,-28.549968050081304,11.864686234129504,-28.549968050081304,11.864686234129504,5.1102995182918365,-0.12295382814940392,-0.02927286523690594
5567.0,222.68,1.0,-28.46999621823698,12.054849738713866,-28.46999621823698,12.054849738713866,5.117430659241327,-0.1186552632535958,-0.028134493053637095
5568.0,222.72,1.0,-28.38712278466043,12.244325733039288,-28.38712278466043,12.244325733039288,5.124647608547558,-0.11381747101835189,-0.02684208166023976
5569.0,222.76,1.0,-28.3032777809643,12.433272651009176,-28.3032777809643,12.433272651009176,5.131935669705763,-0.1084984361545717,-0.02541962200709246
5570.0,222.8,1.0,-28.217637336247538,12.622519575725143,-28.217637336247538,12.622519575725143,5.139280017475782,-0.10276737949394583,-0.023888894884156887
5571.0,222.84,1.0,-28.13128899042578,12.812669180869083,-28.13128899042578,12.812669180869083,5.1466660197004,-0.0967090629918185,-0.02226911859673362
5572.0,222.88,1.0,-28.044344205781147,13.002842017098663,-28.044344205781147,13.002842017098663,5.154079871454976,-0.09042261686690405,-0.020577003294319152
5573.0,222.92000000000002,1.0,-27.955013789447435,13.192850177615487,-27.955013789447435,13.192850177615487,5.161508999316848,-0.08401620458689525,-0.018827058034247564
5574.0,222.96,1.0,-27.864409161111844,13.382259942833183,-27.864409161111844,13.382259942833183,5.168942432438691,-0.07760061029870609,-0.01703178291067107
5575.0,223.0,1.0,-27.77131121290925,13.57192220887465,-27.77131121290925,13.57192220887465,5.176371306151863,-0.07128601197529846,-0.0152018550244508
5576.0,223.04,1.0,-27.676541848375415,13.760547377743666,-27.676541848375415,13.760547377743666,5.183788657107053,-0.06518281472833501,-0.013346771507475933
5577.0,223.08,1.0,-27.580054327437228,13.949372859412028,-27.580054327437228,13.949372859412028,5.191190114113873,-0.059398671268422666,-0.011475791755224505
5578.0,223.12,1.0,-27.48201972321499,14.13661000624246,-27.48201972321499,14.13661000624246,5.198573370919627,-0.054031655646247054,-0.009598498262764203
5579.0,223.16,1.0,-27.382949472974815,14.322678327722286,-27.382949472974815,14.322678327722286,5.20593868645381,-0.049171737198114164,-0.007725491038740076
5580.0,223.20000000000002,1.0,-27.281731028616935,14.507084850738886,-27.281731028616935,14.507084850738886,5.213288361753952,-0.0448928731993989,-0.005868768343765188
5581.0,223.24,1.0,-27.17842919907779,14.691144447626726,-27.17842919907779,14.691144447626726,5.220625984275277,-0.04125523168879423,-0.004042636061613498
5582.0,223.28,1.0,-27.07325121790214,14.873127895894461,-27.07325121790214,14.873127895894461,5.22795564221143,-0.038298860674509674,-0.0022637793560157764
5583.0,223.32,1.0,-26.966976568881144,15.05588865151967,-26.966976568881144,15.05588865151967,5.2352816937659865,-0.036046857159430144,-0.0005512963220457607
5584.0,223.36,1.0,-26.85961504605475,15.236600113748684,-26.85961504605475,15.236600113748684,5.242608285485156,-0.034502129810131274,0.001073925222136126
5585.0,223.4,1.0,-26.751126304640117,15.416434553724205,-26.751126304640117,15.416434553724205,5.249938894665698,-0.03365127813890574,0.0025893249827556087
5586.0,223.44,1.0,-26.641044201525176,15.595982299462268,-26.641044201525176,15.595982299462268,5.257276114844003,-0.03346293595289231,0.003971351609102562
5587.0,223.48000000000002,1.0,-26.530154759260704,15.775570659551061,-26.530154759260704,15.775570659551061,5.264621780366972,-0.03388623296307873,0.005196310602494733
5588.0,223.52,1.0,-26.418241744652942,15.953640257268162,-26.418241744652942,15.953640257268162,5.271976322291169,-0.034855256451835494,0.006241594947356618
5589.0,223.56,1.0,-26.30489542232933,16.131555380005874,-26.30489542232933,16.131555380005874,5.279339234747097,-0.036292067434637,0.007086836174403246
5590.0,223.6,1.0,-26.19095712102169,16.30838799741246,-26.19095712102169,16.30838799741246,5.286708053834952,-0.03811056808161861,0.0077151304822447985
5591.0,223.64000000000001,1.0,-26.07564016940865,16.48354293204991,-26.07564016940865,16.48354293204991,5.294078859434341,-0.04021778385069004,0.008114175318357206
5592.0,223.68,1.0,-25.95877149412692,16.65896464838533,-25.95877149412692,16.65896464838533,5.301446417709334,-0.04251547294851972,0.00827745165117838
5593.0,223.72,1.0,-25.84058640665494,16.833870445105138,-25.84058640665494,16.833870445105138,5.308805230399985,-0.0449053735120829,0.00820507429971438
5594.0,223.76,1.0,-25.720682866846623,17.00912682180651,-25.720682866846623,17.00912682180651,5.316149262059188,-0.04728864966521766,0.007904444363290623
5595.0,223.8,1.0,-25.600984158718994,17.183133791240106,-25.600984158718994,17.183133791240106,5.323472430413995,-0.049574736771893835,0.007390306206325759
5596.0,223.84,1.0,-25.478992314683147,17.35688317962812,-25.478992314683147,17.35688317962812,5.330768633258634,-0.051679739847063755,0.006685004982701567
5597.0,223.88,1.0,-25.355975037172932,17.529280714426466,-25.355975037172932,17.529280714426466,5.3380321542182445,-0.05353329147425208,0.005817974320735312
5598.0,223.92000000000002,1.0,-25.23199187570214,17.701949881828654,-25.23199187570214,17.701949881828654,5.345257484216016,-0.055078639100540894,0.004824998327974514
5599.0,223.96,1.0,-25.10635404174177,17.873804348073723,-25.10635404174177,17.873804348073723,5.352440148500746,-0.05627036428428127,0.0037470016380390684
5600.0,224.0,1.0,-24.97889675716379,18.04482890266965,-24.97889675716379,18.04482890266965,5.35957663265304,-0.05707863402033679,0.0026286982022163097
5601.0,224.04,1.0,-24.850303434289394,18.21542041060618,-24.850303434289394,18.21542041060618,5.366665407402526,-0.057485953908238095,0.0015167595204859253
5602.0,224.08,1.0,-24.720935774972922,18.385570907483352,-24.720935774972922,18.385570907483352,5.373707020787639,-0.05749221179742359,0.00045801612439801966
5603.0,224.12,1.0,-24.59006899499893,18.55390044712442,-24.59006899499893,18.55390044712442,5.380703757147087,-0.05711229741680934,-0.0005023999370143771
5604.0,224.16,1.0,-24.45715080238257,18.72281680131567,-24.45715080238257,18.72281680131567,5.387659188612737,-0.05637388321513168,-0.0013231003497960407
5605.0,224.20000000000002,1.0,-24.323131458083658,18.89068229810463,-24.323131458083658,18.89068229810463,5.394578305725442,-0.05531461679103187,-0.0019683011403545726
5606.0,224.24,1.0,-24.18782642397617,19.057808236862265,-24.18782642397617,19.057808236862265,5.4014673782976566,-0.05398021363510543,-0.002409383067961028
5607.0,224.28,1.0,-24.049831744182327,19.223943706059842,-24.049831744182327,19.223943706059842,5.408333831326749,-0.05242724701365833,-0.0026261724967474856
5608.0,224.32,1.0,-23.91112737538706,19.390028717597364,-23.91112737538706,19.390028717597364,5.415185898778262,-0.050714541335261744,-0.0026079469729194255
5609.0,224.36,1.0,-23.770890532729023,19.554597146865987,-23.770890532729023,19.554597146865987,5.42203228323598,-0.04890430947944959,-0.002353946662002885
5610.0,224.4,1.0,-23.628538385781827,19.718793785349245,-23.628538385781827,19.718793785349245,5.428881315798542,-0.04705631179506566,-0.0018735931043237744
5611.0,224.44,1.0,-23.48407383138842,19.882401975454563,-23.48407383138842,19.882401975454563,5.435740886861394,-0.04522506919693425,-0.0011861966123959025
5612.0,224.48000000000002,1.0,-23.338771500742617,20.043678053688208,-23.338771500742617,20.043678053688208,5.442617211570787,-0.04345662915642432,-0.000319869986134505
5613.0,224.52,1.0,-23.191778814821053,20.203868663731416,-23.191778814821053,20.203868663731416,5.449514232951499,-0.041786975414705,0.0006896007191789392
5614.0,224.56,1.0,-23.04418527454019,20.36106734383103,-23.04418527454019,20.36106734383103,5.4564339875693735,-0.040244955942233006,0.0018000592313768306
5615.0,224.6,1.0,-22.89526751279891,20.517916751594036,-22.89526751279891,20.517916751594036,5.463376493411408,-0.03884753097431961,0.0029648515500994574
5616.0,224.64000000000001,1.0,-22.746381551864992,20.67272015702817,-22.746381551864992,20.67272015702817,5.4703401322225425,-0.03760416757349898,0.004134978077997602
5617.0,224.68,1.0,-22.595495508864495,20.82766425607146,-22.595495508864495,20.82766425607146,5.477321322865975,-0.03650788152882354,0.005261268815262838
5618.0,224.72,1.0,-22.442245539340586,20.982503881333283,-22.442245539340586,20.982503881333283,5.484315366578904,-0.035534396056718154,0.006296258455973963
5619.0,224.76,1.0,-22.288872952775684,21.136663006554443,-22.288872952775684,21.136663006554443,5.491316052097125,-0.03465006731977238,0.00719627748317112
5620.0,224.8,1.0,-22.134870257048096,21.291485441073934,-22.134870257048096,21.291485441073934,5.498316335846509,-0.03380985417010769,0.007923170496333277
5621.0,224.84,1.0,-21.98092661659753,21.444720829220252,-21.98092661659753,21.444720829220252,5.5053089251096345,-0.03296771050866314,0.008445996998403451
5622.0,224.88,1.0,-21.82554907275146,21.597349524271706,-21.82554907275146,21.597349524271706,5.5122862422478205,-0.032070217076454854,0.008742029173166415
5623.0,224.92000000000002,1.0,-21.66872577739842,21.74910504481562,-21.66872577739842,21.74910504481562,5.519242070580562,-0.031063014611654373,0.008797258951261714
5624.0,224.96,1.0,-21.51070064224983,21.899911399902187,-21.51070064224983,21.899911399902187,5.5261718565498805,-0.029889210052039504,0.008606857202546815
5625.0,225.0,1.0,-21.351729769936064,22.050519388995006,-21.351729769936064,22.050519388995006,5.533073126951755,-0.02849436697701053,0.008175560119192116
5626.0,225.04,1.0,-21.19324014009497,22.199773618253587,-21.19324014009497,22.199773618253587,5.539945313383195,-0.02683116778232637,0.007517209965570114
5627.0,225.08,1.0,-21.03320413246407,22.347500333786215,-21.03320413246407,22.347500333786215,5.546789376567464,-0.024857189142325466,0.006653626968631135
5628.0,225.12,1.0,-20.872059833538625,22.493801773276964,-20.872059833538625,22.493801773276964,5.553608191349909,-0.022545493683285133,0.005613465236043213
5629.0,225.16,1.0,-20.708264387879858,22.6390330044596,-20.708264387879858,22.6390330044596,5.560405304552802,-0.019881879243260014,0.004431149683698671
5630.0,225.20000000000002,1.0,-20.543351258475447,22.783486312473205,-20.543351258475447,22.783486312473205,5.567185815048218,-0.01686642959918585,0.0031454017097598333
5631.0,225.24,1.0,-20.377884748487652,22.926515976763902,-20.377884748487652,22.926515976763902,5.573955507132311,-0.013514975135913532,0.0017976499526406258
5632.0,225.28,1.0,-20.210766832893707,23.0691062242767,-20.210766832893707,23.0691062242767,5.580720651676264,-0.00985921939892127,0.0004300878784864737
5633.0,225.32,1.0,-20.0438803461056,23.210944221695105,-20.0438803461056,23.210944221695105,5.587488004714937,-0.0059519313562732545,-0.0009155625365973551
5634.0,225.36,1.0,-19.875222064944097,23.35235122789167,-19.875222064944097,23.35235122789167,5.594263487937769,-0.001862285523321816,-0.0021993317755969626
5635.0,225.4,1.0,-19.705011020330435,23.493250656277908,-19.705011020330435,23.493250656277908,5.601052492702826,0.0023213264303848734,-0.0033843148771108026
5636.0,225.44,1.0,-19.532546361896955,23.633522691083268,-19.532546361896955,23.633522691083268,5.607858661494012,0.006507270717289004,-0.00443814737710908
5637.0,225.48000000000002,1.0,-19.36103423660108,23.772835005810755,-19.36103423660108,23.772835005810755,5.614684387167268,0.010594682432044911,-0.005333660294057703
5638.0,225.52,1.0,-19.18851613203288,23.90941085334954,-19.18851613203288,23.90941085334954,5.621530211532258,0.014473639435958984,-0.006048985446093615
5639.0,225.56,1.0,-19.01495159241305,24.04520300076989,-19.01495159241305,24.04520300076989,5.628395174100621,0.018032366800763165,-0.0065680450373466846
5640.0,225.6,1.0,-18.842307054483076,24.17633083379972,-18.842307054483076,24.17633083379972,5.635277751411595,0.02115681594336709,-0.00688093650530944
5641.0,225.64000000000001,1.0,-18.666235638195445,24.307463153136702,-18.666235638195445,24.307463153136702,5.642174905976635,0.023742325747843452,-0.006983844843104358
5642.0,225.68,1.0,-18.490577881691255,24.43825341565038,-18.490577881691255,24.43825341565038,5.649083385236047,0.025689952399551207,-0.006878469240340521
5643.0,225.72,1.0,-18.313724379593978,24.567003943086597,-18.313724379593978,24.567003943086597,5.655999164451815,0.026916318600425516,-0.0065712263789458715
5644.0,225.76,1.0,-18.136879926913114,24.695454350060025,-18.136879926913114,24.695454350060025,5.662917792935469,0.027353006826294914,-0.006073062223949761
5645.0,225.8,1.0,-17.958606756515252,24.82105566783269,-17.958606756515252,24.82105566783269,5.669834546603914,0.026951791653343625,-0.005398981609227971
5646.0,225.84,1.0,-17.778323127386383,24.945849804752726,-17.778323127386383,24.945849804752726,5.676744288626745,0.02568953157424998,-0.0045673788758035
5647.0,225.88,1.0,-17.598168025690363,25.069354687780844,-17.598168025690363,25.069354687780844,5.6836423305722565,0.023559084303430365,-0.0035989435054989893
5648.0,225.92000000000002,1.0,-17.417494058485538,25.190634126810505,-17.417494058485538,25.190634126810505,5.690524054977657,0.020579403834655664,-0.0025164393522524343
5649.0,225.96,1.0,-17.236960401310775,25.310405298631373,-17.236960401310775,25.310405298631373,5.697386245837531,0.016795234316417253,-0.00134443073850753
5650.0,226.0,1.0,-17.057331432305332,25.429414904171946,-17.057331432305332,25.429414904171946,5.704226150760323,0.012276854873314114,-0.00010856384642841874
5651.0,226.04,1.0,-16.876316753716928,25.545587188267085,-16.876316753716928,25.545587188267085,5.711041556558646,0.0071155094836439,0.0011651747524659786
5652.0,226.08,1.0,-16.69456209482388,25.660929999325294,-16.69456209482388,25.660929999325294,5.717831371700321,0.0014190915821766347,0.002450799274746858
5653.0,226.12,1.0,-16.511454416221227,25.774606213774792,-16.511454416221227,25.774606213774792,5.724594717019776,-0.004682161576785293,0.00372223294031742
5654.0,226.16,1.0,-16.32763827132041,25.88712558258414,-16.32763827132041,25.88712558258414,5.731331560861272,-0.01104227060011762,0.004953753516354407
5655.0,226.20000000000002,1.0,-16.143924038678566,25.99839181530616,-16.143924038678566,25.99839181530616,5.738042026797385,-0.017498348213963854,0.006120684780764098
5656.0,226.24,1.0,-15.95908219395319,26.108802511194085,-15.95908219395319,26.108802511194085,5.744727009349136,-0.02388835548454189,0.007199926767260857
5657.0,226.28,1.0,-15.773150390616404,26.216480545312635,-15.773150390616404,26.216480545312635,5.751387765754491,-0.030049846112602484,0.008170066699542237
5658.0,226.32,1.0,-15.5865204778275,26.3247214467009,-15.5865204778275,26.3247214467009,5.75802604968747,-0.035823911786233856,0.009011321255382615
5659.0,226.36,1.0,-15.39969416420374,26.430798994595204,-15.39969416420374,26.430798994595204,5.7646438927512715,-0.04106090201342183,0.009706559075187618
5660.0,226.4,1.0,-15.20785887784127,26.537916236318324,-15.20785887784127,26.537916236318324,5.771242746199457,-0.04562215677199786,0.010241784224122401
5661.0,226.44,1.0,-15.018207670007893,26.643395044896614,-15.018207670007893,26.643395044896614,5.777823961817296,-0.049388582948837745,0.010606403378333424
5662.0,226.48000000000002,1.0,-14.825697921595651,26.746535325290886,-14.825697921595651,26.746535325290886,5.784387838616711,-0.05225524513312667,0.010793264004477351
5663.0,226.52,1.0,-14.633232450189936,26.850088628326045,-14.633232450189936,26.850088628326045,5.790933895717606,-0.05414017530339883,0.010799274998509151
5664.0,226.56,1.0,-14.439699658921942,26.951367020036407,-14.439699658921942,26.951367020036407,5.797460832216572,-0.054984990232584095,0.010625936722549445
5665.0,226.6,1.0,-14.245302445542388,27.053193328587998,-14.245302445542388,27.053193328587998,5.803966893482926,-0.054759550304680424,0.01027914057333732
5666.0,226.64000000000001,1.0,-14.050172084376669,27.152818693704592,-14.050172084376669,27.152818693704592,5.810450270936704,-0.053462587517368564,0.009768882061192748
5667.0,226.68,1.0,-13.85408078027642,27.2527023853159,-13.85408078027642,27.2527023853159,5.8169090016242,-0.05111040323439011,0.009109050367278012
5668.0,226.72,1.0,-13.656994249329935,27.351934875461218,-13.656994249329935,27.351934875461218,5.823341464929507,-0.04774450089562403,0.008317601873268897
5669.0,226.76,1.0,-13.458999750888449,27.450271972433377,-13.458999750888449,27.450271972433377,5.8297461268413056,-0.043429850759991596,0.007416139080882941
5670.0,226.8,1.0,-13.259241640452013,27.546704823372018,-13.259241640452013,27.546704823372018,5.836122321455788,-0.038252323143637315,0.006428726004819446
5671.0,226.84,1.0,-13.058465826338571,27.643562495231713,-13.058465826338571,27.643562495231713,5.842470185293977,-0.03231438119711281,0.005381086749489237
5672.0,226.88,1.0,-12.857582316134625,27.739467217517063,-12.857582316134625,27.739467217517063,5.848791016341439,-0.025728906910091887,0.004300058322615274
5673.0,226.92000000000002,1.0,-12.65519659300792,27.833147084004203,-12.65519659300792,27.833147084004203,5.855087952369955,-0.018622900370400597,0.003213025072338481
5674.0,226.96,1.0,-12.45298448691965,27.92690125904001,-12.45298448691965,27.92690125904001,5.861365611509556,-0.011128671842907601,0.0021463050356800724
5675.0,227.0,1.0,-12.248525805440595,28.01778874132477,-12.248525805440595,28.01778874132477,5.867630177054478,-0.00338804425058139,0.0011242462839027487
5676.0,227.04,1.0,-12.044678495241122,28.108130762610273,-12.044678495241122,28.108130762610273,5.87388857796798,0.004461001077726246,0.0001685732366308493
5677.0,227.08,1.0,-11.839702960853064,28.197282215038882,-11.839702960853064,28.197282215038882,5.880148324312203,0.012279415711358576,-0.0007020783094031736
5678.0,227.12,1.0,-11.63480946165507,28.28424549811971,-11.63480946165507,28.28424549811971,5.886417040915425,0.019932444672147408,-0.0014730046095954076
5679.0,227.16,1.0,-11.428080725708373,28.370503616003777,-11.428080725708373,28.370503616003777,5.89270154531088,0.027291544517325274,-0.002134232934353526
5680.0,227.20000000000002,1.0,-11.223267166994958,28.454484077879687,-11.223267166994958,28.454484077879687,5.899008294423525,0.03424388313439024,-0.0026805269970580615
5681.0,227.24,1.0,-11.016541392573535,28.53652801256187,-11.016541392573535,28.53652801256187,5.905341691468371,0.04068921617129693,-0.0031110378371411165
5682.0,227.28,1.0,-10.811002897335332,28.617579628196456,-10.811002897335332,28.617579628196456,5.911706207299981,0.046538238894043474,-0.003429301273984075
5683.0,227.32,1.0,-10.604672599172162,28.696011569586357,-10.604672599172162,28.696011569586357,5.918102956027047,0.05171363447282436,-0.0036432292705221385
5684.0,227.36,1.0,-10.399007558988986,28.773106500619416,-10.399007558988986,28.773106500619416,5.92453341798638,0.05615453676422646,-0.003764936913747345
5685.0,227.4,1.0,-10.192802094742621,28.84941054868853,-10.192802094742621,28.84941054868853,5.930993822542989,0.059814115552742034,-0.0038091703266797234
5686.0,227.44,1.0,-9.986135123233781,28.92413266621848,-9.986135123233781,28.92413266621848,5.937482570735718,0.06266442237111769,-0.00379315444477809
5687.0,227.48000000000002,1.0,-9.779421474216322,28.99697091738521,-9.779421474216322,28.99697091738521,5.94399029740584,0.06468588783130613,-0.003735624877406452
5688.0,227.52,1.0,-9.572291330963823,29.068666748627187,-9.572291330963823,29.068666748627187,5.950513996762326,0.06587870255659675,-0.0036571323810939416
5689.0,227.56,1.0,-9.365357568528676,29.140275478860712,-9.365357568528676,29.140275478860712,5.957036938584972,0.06625672568420685,-0.0035777294651256016
5690.0,227.6,1.0,-9.156882836218891,29.210178759986086,-9.156882836218891,29.210178759986086,5.963557045349573,0.06585345572380466,-0.0035179108190862888
5691.0,227.64000000000001,1.0,-8.948975773193878,29.278449549367885,-8.948975773193878,29.278449549367885,5.970045545551575,0.06470780285708504,-0.0034961019402296803
5692.0,227.68,1.0,-8.741893847097511,29.34517371262681,-8.741893847097511,29.34517371262681,5.976503415597891,0.0628710856903371,-0.003531777969883256
5693.0,227.72,1.0,-8.535172485195952,29.410654424658183,-8.535172485195952,29.410654424658183,5.982876473883871,0.06040562791084627,-0.0036403492627046638
5694.0,227.76,1.0,-8.32836524064259,29.473905182908503,-8.32836524064259,29.473905182908503,5.989169420427164,0.0573849944899506,-0.0038392733382860223
5695.0,227.8,1.0,-8.121398316764132,29.535737208497306,-8.121398316764132,29.535737208497306,5.995275454404092,0.053886578568525946,-0.004139090682715782
5696.0,227.84,1.0,-7.91434394163163,29.594933508088456,-7.91434394163163,29.594933508088456,6.001203766970544,0.049993495917202056,-0.004557239331088946
5697.0,227.88,1.0,-7.707021452699752,29.65230985215958,-7.707021452699752,29.65230985215958,6.006739243537065,0.04579307978267737,-0.005099670863751493
5698.0,227.92000000000002,1.0,-7.499944877077411,29.708122341750105,-7.499944877077411,29.708122341750105,6.011896616776403,0.04138135887822143,-0.005787345851637545
5699.0,227.96,1.0,-7.290848187816897,29.760746161465683,-7.290848187816897,29.760746161465683,6.016240079256213,0.036855136133645994,-0.006619821135906576
5700.0,228.0,1.0,-7.082042407845667,29.813112164512383,-7.082042407845667,29.813112164512383,6.0197922598244515,0.03230826286038058,-0.007629609496218911
5701.0,228.04,1.0,-6.871306801407289,29.863866008037878,-6.871306801407289,29.863866008037878,6.021671855096977,0.027825846338900506,-0.00880902822781116
5702.0,228.08,1.0,-6.6601773645683835,29.91313509725312,-6.6601773645683835,29.91313509725312,6.021915715710785,0.023495296180080883,-0.010217312549187124
5703.0,228.12,1.0,-6.446928709389688,29.96096931213281,-6.446928709389688,29.96096931213281,6.018748692182372,0.019400990157822463,-0.01183435337207249
5704.0,228.16,1.0,-6.232398856357404,30.007984208362206,-6.232398856357404,30.007984208362206,6.01223310799177,0.015619801155891611,-0.013641923405673037
5705.0,228.20000000000002,1.0,-6.014980933200147,30.053346883049073,-6.014980933200147,30.053346883049073,5.9988074368928945,0.012218088949069306,-0.0156177295835985
5706.0,228.24,1.0,-5.797150998165812,30.099868685482825,-5.797150998165812,30.099868685482825,5.978586231420956,0.009260877471698481,-0.01774371811026562
5707.0,228.28,1.0,-5.578482972695449,30.14645607350915,-5.578482972695449,30.14645607350915,5.944438140038322,0.0068068943116155415,-0.019992947100051367
5708.0,228.32,1.0,-5.36027399233628,30.19288088459418,-5.36027399233628,30.19288088459418,5.896585295284429,0.004904417124104032,-0.0223469259425995
5709.0,228.36,1.0,-5.143135323554158,30.23856737817753,-5.143135323554158,30.23856737817753,5.835039625704197,0.003589260921127213,-0.02477002377616894
5710.0,228.4,1.0,-4.928353929696569,30.28289330220135,-4.928353929696569,30.28289330220135,5.760241842372645,0.0028841832567096937,-0.027243703135117908
5711.0,228.44,1.0,-4.714736708662286,30.325775548536786,-4.714736708662286,30.325775548536786,5.672214141077395,0.0028075387924005437,-0.029714341850652453
5712.0,228.48000000000002,1.0,-4.501110895095392,30.365438963104076,-4.501110895095392,30.365438963104076,5.571838977035641,0.0033721987753216665,-0.032162855748026235
5713.0,228.52,1.0,-4.288219041813404,30.403591624344745,-4.288219041813404,30.403591624344745,5.459161848535876,0.004577578805667693,-0.03450194378142225
5714.0,228.56,1.0,-4.074487080381175,30.437621329970295,-4.074487080381175,30.437621329970295,5.335954065928794,0.006406206898326006,-0.03671542019564253
5715.0,228.6,1.0,-3.8623759275208847,30.471252376723776,-3.8623759275208847,30.471252376723776,5.202314287679236,0.00883599703640332,-0.038785887619981044
5716.0,228.64000000000001,1.0,-3.6489105341229986,30.501943256668397,-3.6489105341229986,30.501943256668397,5.061795805980193,0.011841688848686482,-0.04068763086114394
5717.0,228.68,1.0,-3.435696065019678,30.53246719466914,-3.435696065019678,30.53246719466914,4.914607977889497,0.015384462971250467,-0.04232924081976869
5718.0,228.72,1.0,-3.220345269585619,30.560603038340492,-3.220345269585619,30.560603038340492,4.767869915301787,0.01941283435572594,-0.04368333251936031
5719.0,228.76,1.0,-3.0081652291598173,30.588168904395133,-3.0081652291598173,30.588168904395133,4.6220154979335355,0.023871025860480954,-0.04469476230932152
5720.0,228.8,1.0,-2.7962414431036686,30.61247803360225,-2.7962414431036686,30.61247803360225,4.477017173701799,0.028695354099845406,-0.04532439804967493
5721.0,228.84,1.0,-2.584159293279391,30.63441861719419,-2.584159293279391,30.63441861719419,4.333756895482919,0.03381727021078031,-0.04553021490515265
5722.0,228.88,1.0,-2.3719238135325122,30.65443190593952,-2.3719238135325122,30.65443190593952,4.1850530012945075,0.039154807884740725,-0.04524775854793405
5723.0,228.92000000000002,1.0,-2.161628071298048,30.67261141521241,-2.161628071298048,30.67261141521241,4.032683282601246,0.04461719950301228,-0.04443302153690799
5724.0,228.96,1.0,-1.9509183359788473,30.68904437346392,-1.9509183359788473,30.68904437346392,3.8730105155444727,0.05011132879978064,-0.0431019784218374
5725.0,229.0,1.0,-1.7427985644301127,30.703008180511667,-1.7427985644301127,30.703008180511667,3.7096003163332982,0.055548706284278215,-0.04117027171485933
5726.0,229.04,1.0,-1.5366773889251613,30.71329257060242,-1.5366773889251613,30.71329257060242,3.5405476412990566,0.06083060659707791,-0.038658384550875995
5727.0,229.08,1.0,-1.3326953937117563,30.720502523261864,-1.3326953937117563,30.720502523261864,3.372985611034511,0.06585137669912726,-0.03539059407403307
5728.0,229.12,1.0,-1.130319866344249,30.724295988162947,-1.130319866344249,30.724295988162947,3.205791809592115,0.07050733660324889,-0.03145767053166097
5729.0,229.16,1.0,-0.9282088194473621,30.724275548150313,-0.9282088194473621,30.724275548150313,3.038960772551478,0.07470416409623822,-0.026889924774453056
5730.0,229.20000000000002,1.0,-0.7263910773016158,30.72103286803346,-0.7263910773016158,30.72103286803346,2.8715929834909657,0.07834750204899162,-0.021751556106384417
5731.0,229.24,1.0,-0.524250758004072,30.713886308920195,-0.524250758004072,30.713886308920195,2.703683507016044,0.08135112709625754,-0.016096338775144648
5732.0,229.28,1.0,-0.3210625789034962,30.70459434902087,-0.3210625789034962,30.70459434902087,2.534109492640133,0.08363858458739452,-0.009987618073060277
5733.0,229.32,1.0,-0.11660589875282663,30.691119244666908,-0.11660589875282663,30.691119244666908,2.3700072195262,0.08515043741243962,-0.003518801223753438
5734.0,229.36,1.0,0.08933968143281386,30.677084089473613,0.08933968143281386,30.677084089473613,2.2094715590631226,0.0858436967707735,0.0032301532821069822
5735.0,229.4,1.0,0.29631625699220776,30.661402707598036,0.29631625699220776,30.661402707598036,2.0560685625915154,0.08568869940002995,0.010230410988544606
5736.0,229.44,1.0,0.5028361045004737,30.645364402727683,0.5028361045004737,30.645364402727683,1.9061636645802107,0.08466631070085431,0.017346856287391743
5737.0,229.48000000000002,1.0,0.7101746198946784,30.627367255948194,0.7101746198946784,30.627367255948194,1.7615377697385444,0.08278401215636504,0.024471882876639945
5738.0,229.52,1.0,0.9167330332280572,30.609283743924436,0.9167330332280572,30.609283743924436,1.6150199766706113,0.08007130680304372,0.03137381628729145
5739.0,229.56,1.0,1.123931956575816,30.590863136426844,1.123931956575816,30.590863136426844,1.4674985962517824,0.07657476076058586,0.037973766816821804
5740.0,229.6,1.0,1.3322110887146914,30.572170402429833,1.3322110887146914,30.572170402429833,1.318959550169001,0.07235367626590943,0.04424565764055041
5741.0,229.64000000000001,1.0,1.5372279721011128,30.55358890752213,1.5372279721011128,30.55358890752213,1.1698468016655845,0.06748813337642749,0.05012596255664388
5742.0,229.68,1.0,1.7424458829255027,30.534093768766986,1.7424458829255027,30.534093768766986,1.0272972203419146,0.06207381109621113,0.05539556022578614
5743.0,229.72,1.0,1.9471559919645547,30.51409660918033,1.9471559919645547,30.51409660918033,0.8915341713321675,0.0562179444066216,0.05997730757774742
5744.0,229.76,1.0,2.1514234796676104,30.492101988706715,2.1514234796676104,30.492101988706715,0.7661282292278581,0.05003394925894371,0.06375895786571982
5745.0,229.8,1.0,2.3557350910276798,30.46909999043582,2.3557350910276798,30.46909999043582,0.6511955238518456,0.04364051013617278,0.0666265297759435
5746.0,229.84,1.0,2.5611733004955064,30.4440391150722,2.5611733004955064,30.4440391150722,0.5485272670046939,0.03716054443244363,0.06852922771781864
5747.0,229.88,1.0,2.767595823131221,30.41780469817774,2.767595823131221,30.41780469817774,0.45819204286438575,0.030720240005715983,0.06926473718931335
5748.0,229.92000000000002,1.0,2.976917776952591,30.39084346816161,2.976917776952591,30.39084346816161,0.3810940915266013,0.024435682177588715,0.06888564562091493
5749.0,229.96,1.0,3.1875303513467452,30.363804893735715,3.1875303513467452,30.363804893735715,0.3172766179524872,0.018411634449315994,0.06739537231818218
5750.0,230.0,1.0,3.4002357437807724,30.336793564052964,3.4002357437807724,30.336793564052964,0.26720218491838915,0.012747396536743439,0.06484106370049289
5751.0,230.04,1.0,3.6132278393940402,30.31116493558041,3.6132278393940402,30.31116493558041,0.23090043048254918,0.007527483172404659,0.061239615310837506
5752.0,230.08,1.0,3.8262416000688666,30.2854781281438,3.8262416000688666,30.2854781281438,0.20861244327306266,0.002816706927399193,0.05665207000007925
5753.0,230.12,1.0,4.0377642187048535,30.262267578650313,4.0377642187048535,30.262267578650313,0.19322002813158662,-0.0013412994840319658,0.05131308033022527
5754.0,230.16,1.0,4.24719743579926,30.23900508205038,4.24719743579926,30.23900508205038,0.1848535333078434,-0.00492293584824004,0.045323679461876765
5755.0,230.20000000000002,1.0,4.456969356167358,30.214528408612995,4.456969356167358,30.214528408612995,0.1799642147846051,-0.0079241756835861,0.03883499319210319
5756.0,230.24,1.0,4.665355102828861,30.189814989857105,4.665355102828861,30.189814989857105,0.17862531745824822,-0.010363194882102333,0.03200693192491078
5757.0,230.28,1.0,4.873376195471712,30.162734445411548,4.873376195471712,30.162734445411548,0.17906935209109637,-0.01227893630072292,0.02494939602629627
5758.0,230.32,1.0,5.0800447003548435,30.134584366482926,5.0800447003548435,30.134584366482926,0.18133523221076797,-0.013731330527137842,0.01792731131125445
5759.0,230.36,1.0,5.286205973481917,30.103791557075557,5.286205973481917,30.103791557075557,0.1845433456365711,-0.014796136568535534,0.011030253510926749
5760.0,230.4,1.0,5.492039081966196,30.072011657896645,5.492039081966196,30.072011657896645,0.18871540037403087,-0.015562924264552835,0.004318107428876299
5761.0,230.44,1.0,5.697405495022514,30.037291193630665,5.697405495022514,30.037291193630665,0.1934137667863749,-0.016141352356985484,-0.0021438417981133598
5762.0,230.48000000000002,1.0,5.90274304804276,30.00217825186063,5.90274304804276,30.00217825186063,0.19865022224918474,-0.01664794819079638,-0.008105445815011525
5763.0,230.52,1.0,6.107391082500138,29.964450525111317,6.107391082500138,29.964450525111317,0.20420704487886354,-0.017203520341265266,-0.013514886338970761
5764.0,230.56,1.0,6.311747298013674,29.925730702564323,6.311747298013674,29.925730702564323,0.21009432005281745,-0.017929002923793114,-0.01823440008357303
5765.0,230.6,1.0,6.5164785690688145,29.8839995138974,6.5164785690688145,29.8839995138974,0.21620239230066943,-0.018945624309828647,-0.022231614510746026
5766.0,230.64000000000001,1.0,6.720200766428846,29.842201270732414,6.720200766428846,29.842201270732414,0.22253642437139082,-0.020366035213018007,-0.025437008983089295
5767.0,230.68,1.0,6.924488276839584,29.798371451342273,6.924488276839584,29.798371451342273,0.22903879950625483,-0.022293146994454706,-0.02783918912701967
5768.0,230.72,1.0,7.126902321933647,29.75215069136426,7.126902321933647,29.75215069136426,0.23570957668435258,-0.024815643395668174,-0.029413549786044692
5769.0,230.76,1.0,7.329082790532311,29.703941427611653,7.329082790532311,29.703941427611653,0.2425151134276075,-0.028005407928149827,-0.030169700911006868
5770.0,230.8,1.0,7.529804287720674,29.654766204891768,7.529804287720674,29.654766204891768,0.24945093936605547,-0.031917445412122915,-0.030114999070900057
5771.0,230.84,1.0,7.731272001318452,29.603029706027048,7.731272001318452,29.603029706027048,0.2564947803500172,-0.03658282037786431,-0.029277270678439736
5772.0,230.88,1.0,7.931684112335684,29.549418833169604,7.931684112335684,29.549418833169604,0.26363953388446554,-0.04200826078677953,-0.02768637739308095
5773.0,230.92000000000002,1.0,8.132599477916424,29.494343757959335,8.132599477916424,29.494343757959335,0.2708690043979752,-0.04817661481243059,-0.025589143843407443
5774.0,230.96,1.0,8.332069772259285,29.437828595470528,8.332069772259285,29.437828595470528,0.2781739757056587,-0.05504737386038645,-0.02303870278587152
5775.0,231.0,1.0,8.530755818347734,29.379603349103455,8.530755818347734,29.379603349103455,0.2855365928196859,-0.06255427436447905,-0.02019591671750044
5776.0,231.04,1.0,8.729648188611591,29.318095837215584,8.729648188611591,29.318095837215584,0.29294687915418444,-0.07060347410000145,-0.017123779758579444
5777.0,231.08,1.0,8.926741144120394,29.256734416988717,8.926741144120394,29.256734416988717,0.30038882138891493,-0.07908608334558054,-0.013937392350900704
5778.0,231.12,1.0,9.12416458716205,29.19294715864613,9.12416458716205,29.19294715864613,0.3078525142571955,-0.08787404645155057,-0.010700356494331018
5779.0,231.16,1.0,9.320409650180386,29.127452498353726,9.320409650180386,29.127452498353726,0.31532454248227726,-0.09682800719645968,-0.0074990241983139165
5780.0,231.20000000000002,1.0,9.515899554259338,29.06065685438304,9.515899554259338,29.06065685438304,0.3227965949310132,-0.10579806449501424,-0.0043902270367741185
5781.0,231.24,1.0,9.713611972391117,28.99232766287769,9.713611972391117,28.99232766287769,0.33025843658174703,-0.11462439888452439,-0.0014383502026323338
5782.0,231.28,1.0,9.911132968607252,28.922539140217424,9.911132968607252,28.922539140217424,0.3377038372317041,-0.1231475878938693,0.0013109917631894895
5783.0,231.32,1.0,10.10976722579643,28.851326724428766,10.10976722579643,28.851326724428766,0.34512504647741077,-0.13120835703524306,0.003813013914109522
5784.0,231.36,1.0,10.308543498619125,28.77773610724221,10.308543498619125,28.77773610724221,0.3525165650562486,-0.13865531261115294,0.006037045486148444
5785.0,231.4,1.0,10.505695626619513,28.70359144778442,10.505695626619513,28.70359144778442,0.3598724385204393,-0.14534592147501357,0.00795707768306546
5786.0,231.44,1.0,10.704446492456439,28.62788674687149,10.704446492456439,28.62788674687149,0.36718800167685783,-0.15115768469602803,0.009558141940288251
5787.0,231.48000000000002,1.0,10.902090489130867,28.549260421022666,10.902090489130867,28.549260421022666,0.3744586173507526,-0.15598815194449003,0.010831859746583392
5788.0,231.52,1.0,11.100676801397183,28.469156618100158,11.100676801397183,28.469156618100158,0.3816808250298249,-0.15975323154166415,0.011779072004209875
5789.0,231.56,1.0,11.298757232406938,28.387044618381616,11.298757232406938,28.387044618381616,0.3888522223394117,-0.1623937629572737,0.01240679333393691
5790.0,231.6,1.0,11.49889598673577,28.301813772233192,11.49889598673577,28.301813772233192,0.39597173309948575,-0.16387303420916022,0.012729168136690306
5791.0,231.64000000000001,1.0,11.697941758554064,28.216725679947768,11.697941758554064,28.216725679947768,0.4030393171368691,-0.1641803258160253,0.012765795448613384
5792.0,231.68,1.0,11.899296241358284,28.129870449875106,11.899296241358284,28.129870449875106,0.4100559446850685,-0.16332904690641625,0.01254178296381655
5793.0,231.72,1.0,12.100141675325192,28.041668997402894,12.100141675325192,28.041668997402894,0.41702309489275713,-0.16135540458141417,0.012085910563837465
5794.0,231.76,1.0,12.302476856206368,27.95159965791398,12.302476856206368,27.95159965791398,0.42394363773063315,-0.15831462137186383,0.011429808625329862
5795.0,231.8,1.0,12.504559803686602,27.8595903335473,12.504559803686602,27.8595903335473,0.43082094667542314,-0.15427987030734333,0.01060664372864273
5796.0,231.84,1.0,12.706755106708549,27.767770667471346,12.706755106708549,27.767770667471346,0.43765987356825287,-0.1493442590789899,0.009650574575889031
5797.0,231.88,1.0,12.90925464003794,27.673605529211336,12.90925464003794,27.673605529211336,0.4444661991361512,-0.14361084957920586,0.008595498770709212
5798.0,231.92000000000002,1.0,13.111391416177884,27.577876266511538,13.111391416177884,27.577876266511538,0.4512467557483764,-0.13719384383753477,0.007473846209954388
5799.0,231.96,1.0,13.313480227907428,27.480564274893887,13.313480227907428,27.480564274893887,0.4580089530359649,-0.13021137715365222,0.006315876715686111
5800.0,232.0,1.0,13.516776074499855,27.380786981478167,13.516776074499855,27.380786981478167,0.46476050764134413,-0.12278059419248874,0.005149462362341386
5801.0,232.04,1.0,13.718464907054955,27.279911431673696,13.718464907054955,27.279911431673696,0.4715091322531773,-0.11501832060897836,0.003999389883933661
5802.0,232.08,1.0,13.919219941394061,27.175600946756155,13.919219941394061,27.175600946756155,0.4782617163790137,-0.10703720746043661,0.002886725775428491
5803.0,232.12,1.0,14.120159289290779,27.07031808305258,14.120159289290779,27.07031808305258,0.48502482744546793,-0.09894677084292938,0.0018286492098569362
5804.0,232.16,1.0,14.319207178632842,26.964665818626333,14.319207178632842,26.964665818626333,0.49180419115288787,-0.09084756296893286,0.0008388430959006931
5805.0,232.20000000000002,1.0,14.519078172778066,26.856013404284944,14.519078172778066,26.856013404284944,0.4986044330625208,-0.08283618425708102,-7.246515649670312e-05
5806.0,232.24,1.0,14.71810563814384,26.74556118964785,14.71810563814384,26.74556118964785,0.5054297226450479,-0.07500016667185117,-0.0008983584764194516
5807.0,232.28,1.0,14.917573697733882,26.634305803615813,14.917573697733882,26.634305803615813,0.5122824563975179,-0.06741736267821344,-0.001635145935871781
5808.0,232.32,1.0,15.116177553712566,26.522557973579314,15.116177553712566,26.522557973579314,0.5191639340331136,-0.06015593708259663,-0.002281510208063789
5809.0,232.36,1.0,15.315275625935778,26.409316835578778,15.315275625935778,26.409316835578778,0.526073747076924,-0.05327337130863534,-0.0028377076671038106
5810.0,232.4,1.0,15.51160882154955,26.295503260766317,15.51160882154955,26.295503260766317,0.5330102088667862,-0.046822101897859535,-0.0033050831505070863
5811.0,232.44,1.0,15.708859220811245,26.179381304401506,15.708859220811245,26.179381304401506,0.5399699712242396,-0.04084860715668748,-0.003686024992170573
5812.0,232.48000000000002,1.0,15.903704861637106,26.062781564869614,15.903704861637106,26.062781564869614,0.5469485207087986,-0.03538990269965574,-0.00398332456667512
5813.0,232.52,1.0,16.09872672950157,25.943332112397798,16.09872672950157,25.943332112397798,0.5539411433383219,-0.03047570000888611,-0.004199372733119926
5814.0,232.56,1.0,16.292941552982207,25.822196556229464,16.292941552982207,25.822196556229464,0.5609422221272072,-0.02613052172749304,-0.0043360734488735045
5815.0,232.6,1.0,16.486110663413776,25.7013539459193,16.486110663413776,25.7013539459193,0.5679465320704609,-0.02237803968366281,-0.004395041757063217
5816.0,232.64000000000001,1.0,16.677801062980414,25.57875348871844,16.677801062980414,25.57875348871844,0.5749490275029756,-0.019230951149003084,-0.004377239764877881
5817.0,232.68,1.0,16.86966997201809,25.45348167175643,16.86966997201809,25.45348167175643,0.5819451499245976,-0.016693737270358923,-0.004282961785245379
5818.0,232.72,1.0,17.060559178115966,25.326393450794463,17.060559178115966,25.326393450794463,0.5889313626541156,-0.01475804296254335,-0.004111847014581427
5819.0,232.76,1.0,17.251879769592637,25.198489556199977,17.251879769592637,25.198489556199977,0.5959049484897487,-0.013407248471141386,-0.0038636020273426796
5820.0,232.8,1.0,17.43962881260847,25.069307504921632,17.43962881260847,25.069307504921632,0.602863923717708,-0.012619596292178814,-0.003538443214588718
5821.0,232.84,1.0,17.62684123483357,24.93942606454632,17.62684123483357,24.93942606454632,0.6098072767110221,-0.012359463154432104,-0.003137561043245527
5822.0,232.88,1.0,17.813525284418386,24.809486400970595,17.813525284418386,24.809486400970595,0.6167352598326528,-0.012578059200894897,-0.0026631467970252647
5823.0,232.92000000000002,1.0,17.99792055395471,24.67765607314693,17.99792055395471,24.67765607314693,0.6236488671177292,-0.013215650143784697,-0.002119025258367214
5824.0,232.96,1.0,18.183122234463507,24.542520211754564,18.183122234463507,24.542520211754564,0.6305496727802492,-0.014202210629813816,-0.0015115321872800312
5825.0,233.0,1.0,18.367118379636743,24.40843827577047,18.367118379636743,24.40843827577047,0.6374406127244229,-0.01545227528450297,-0.000849609442225456
5826.0,233.04,1.0,18.54930638991963,24.272459699205918,18.54930638991963,24.272459699205918,0.6443244131589548,-0.016865156043276385,-0.0001446686851791522
5827.0,233.08,1.0,18.7300215626055,24.135352718464425,18.7300215626055,24.135352718464425,0.6512042048835656,-0.01833406435220557,0.0005890852237344438
5828.0,233.12,1.0,18.91010169808515,23.995659832629222,18.91010169808515,23.995659832629222,0.6580825918353039,-0.019747466412819548,0.0013346334459530234
5829.0,233.16,1.0,19.088369881939066,23.85506721566804,19.088369881939066,23.85506721566804,0.6649622050091775,-0.020993054498725773,0.0020725043840278262
5830.0,233.20000000000002,1.0,19.26693716740763,23.712327345246567,19.26693716740763,23.712327345246567,0.6718451142389198,-0.021955339250422125,0.0027814258691275925
5831.0,233.24,1.0,19.443584475203014,23.56892982392353,19.443584475203014,23.56892982392353,0.6787340135222131,-0.02251657336415893,0.0034387997285665996
5832.0,233.28,1.0,19.619853477409723,23.423820109454716,19.619853477409723,23.423820109454716,0.6856313426728197,-0.022570295233252068,0.004021496449707519
5833.0,233.32,1.0,19.794459127702297,23.277505332848055,19.794459127702297,23.277505332848055,0.6925390595717245,-0.022024332324590466,0.004506255407082775
5834.0,233.36,1.0,19.96855676196251,23.130855164235378,19.96855676196251,23.130855164235378,0.6994595549836846,-0.020802530989295097,0.004870841388527192
5835.0,233.4,1.0,20.142324019179174,22.980841478515632,20.142324019179174,22.980841478515632,0.7063946338430191,-0.018838379844907504,0.0050953918401832375
5836.0,233.44,1.0,20.31750003981701,22.830417103672566,20.31750003981701,22.830417103672566,0.7133454326339458,-0.016088679964123442,0.005163246353134332
5837.0,233.48000000000002,1.0,20.49179070287385,22.679059201440825,20.49179070287385,22.679059201440825,0.7203127707743004,-0.012532128264602505,0.005061547928392319
5838.0,233.52,1.0,20.66523703285681,22.527371494287742,20.66523703285681,22.527371494287742,0.7272970400804413,-0.008172707040465643,0.00478211560323894
5839.0,233.56,1.0,20.835589783655937,22.374505642923726,20.835589783655937,22.374505642923726,0.7342983194390391,-0.0030361928044142063,0.004322366671557177
5840.0,233.6,1.0,21.007379653535285,22.22041808164364,21.007379653535285,22.22041808164364,0.741316233410687,0.002832235961368168,0.0036855337795043156
5841.0,233.64000000000001,1.0,21.177660936510403,22.063865573364094,21.177660936510403,22.063865573364094,0.7483503935475901,0.009363387623671482,0.002881044292623087
5842.0,233.68,1.0,21.34743628302959,21.90511290070824,21.34743628302959,21.90511290070824,0.7553991615268486,0.016467261307146396,0.0019246979993052123
5843.0,233.72,1.0,21.517045593673338,21.746155458261132,21.517045593673338,21.746155458261132,0.762460559625082,0.02404191860850553,0.0008384568937867293
5844.0,233.76,1.0,21.68478736722092,21.5875099184774,21.68478736722092,21.5875099184774,0.7695323339781537,0.03197484189756241,-0.0003496201972777786
5845.0,233.8,1.0,21.85092734991051,21.426149163744167,21.85092734991051,21.426149163744167,0.7766110527419705,0.040146361275574846,-0.001606283883310774
5846.0,233.84,1.0,22.015347670407056,21.264073807152425,22.015347670407056,21.264073807152425,0.7836934647038494,0.04842308619138713,-0.00289423161150401
5847.0,233.88,1.0,22.179060475108493,21.100843741620533,22.179060475108493,21.100843741620533,0.7907758883137563,0.05667649478725327,-0.004173161868294926
5848.0,233.92000000000002,1.0,22.341952993285663,20.936979145822583,22.341952993285663,20.936979145822583,0.7978549116558474,0.0647794994494334,-0.005400683687183438
5849.0,233.96,1.0,22.503381335535686,20.772379711057102,22.503381335535686,20.772379711057102,0.8049269322766206,0.07261597757681397,-0.006533833621868257
5850.0,234.0,1.0,22.66364816285763,20.607940994117754,22.66364816285763,20.607940994117754,0.8119892860125896,0.08007445348943269,-0.0075308798127391
5851.0,234.04,1.0,22.82190370497215,20.44260395318257,22.82190370497215,20.44260395318257,0.8190393487546059,0.08705094749164763,-0.008352600630220437
5852.0,234.08,1.0,22.979089952829856,20.275606701307144,22.979089952829856,20.275606701307144,0.8260750267159984,0.09345585975845387,-0.008964004641946067
5853.0,234.12,1.0,23.1339896899054,20.109147193191756,23.1339896899054,20.109147193191756,0.8330957538029079,0.09921566589804913,-0.009335659211524914
5854.0,234.16,1.0,23.28709038256965,19.940694575025432,23.28709038256965,19.940694575025432,0.8401013815177192,0.10427127846920661,-0.009445073061999935
5855.0,234.20000000000002,1.0,23.438603712682255,19.77331426267404,23.438603712682255,19.77331426267404,0.8470928361566887,0.10857414193394091,-0.009277901095766487
5856.0,234.24,1.0,23.58674163815919,19.60416245475306,23.58674163815919,19.60416245475306,0.8540719584431107,0.11208812063758566,-0.008828781373676538
5857.0,234.28,1.0,23.73297967292232,19.43478073670639,23.73297967292232,19.43478073670639,0.8610413865422286,0.1147912902145956,-0.008101777673365144
5858.0,234.32,1.0,23.877270454108324,19.26342147990025,23.877270454108324,19.26342147990025,0.8680044491031778,0.11666685643060264,-0.007110754751974596
5859.0,234.36,1.0,24.02221343862673,19.090865319599157,24.02221343862673,19.090865319599157,0.8749655651745417,0.11770838087859163,-0.005879668173846524
5860.0,234.4,1.0,24.164383414376644,18.91716237598913,24.164383414376644,18.91716237598913,0.881929761752515,0.11791333279988521,-0.004441827193062358
5861.0,234.44,1.0,24.30445812535874,18.74384978218462,24.30445812535874,18.74384978218462,0.8889016587109889,0.11729216866100693,-0.002838935770209906
5862.0,234.48000000000002,1.0,24.442807091485978,18.56929123221328,24.442807091485978,18.56929123221328,0.8958863268133795,0.11585787641064334,-0.0011201278748285998
5863.0,234.52,1.0,24.577831600013617,18.394653442167513,24.577831600013617,18.394653442167513,0.9028884850861036,0.11362639556510427,0.0006595557679727922
5864.0,234.56,1.0,24.71174021968828,18.218095689734113,24.71174021968828,18.218095689734113,0.9099115544221593,0.11061548549553053,0.002440723196291358
5865.0,234.6,1.0,24.8444568000917,18.042310290882902,24.8444568000917,18.042310290882902,0.9169588635515208,0.10684594169331982,0.004161857495904993
5866.0,234.64000000000001,1.0,24.97662976261829,17.86501508365887,24.97662976261829,17.86501508365887,0.9240322988105781,0.10234770931249142,0.005761320233031712
5867.0,234.68,1.0,25.10673199101967,17.68863243573485,25.10673199101967,17.68863243573485,0.931133370967056,0.09715265077091513,0.007179741705855937
5868.0,234.72,1.0,25.234239061263203,17.51220142070161,25.234239061263203,17.51220142070161,0.9382622060102486,0.09130101899398169,0.008362004417619395
5869.0,234.76,1.0,25.36082345522728,17.335790140885557,25.36082345522728,17.335790140885557,0.9454186334375152,0.08483834163199974,0.009259768345359628
5870.0,234.8,1.0,25.485778668284333,17.15920874096547,25.485778668284333,17.15920874096547,0.9526002620364646,0.07782022886074794,0.009833582386081988
5871.0,234.84,1.0,25.610482044237195,16.981533663564534,25.610482044237195,16.981533663564534,0.9598040995808482,0.07031202923661548,0.010054393591057687
5872.0,234.88,1.0,25.73343978213493,16.805333509257032,25.73343978213493,16.805333509257032,0.96702618918429,0.06238469454240756,0.00990496418926647
5873.0,234.92000000000002,1.0,25.856768813367637,16.626637419643853,25.856768813367637,16.626637419643853,0.9742613372828165,0.05412337887108285,0.009381124730882696
5874.0,234.96,1.0,25.97763348153821,16.448744987280733,25.97763348153821,16.448744987280733,0.9815038599282543,0.045623467537788384,0.008492381259098273
5875.0,235.0,1.0,26.097418073772587,16.268640883460726,26.097418073772587,16.268640883460726,0.9887478698618729,0.036989512193104576,0.0072620505966249195
5876.0,235.04,1.0,26.217163272716874,16.08778900844719,26.217163272716874,16.08778900844719,0.9959870002607263,0.028332521141953705,0.005726578912196221
5877.0,235.08,1.0,26.334362247776028,15.906719538253082,26.334362247776028,15.906719538253082,1.0032152771002163,0.01976849359618125,0.0039348237887921935
5878.0,235.12,1.0,26.45216578239212,15.726513421800277,26.45216578239212,15.726513421800277,1.0104267809940048,0.011423583501516866,0.0019465865156859607
5879.0,235.16,1.0,26.566233849558728,15.544738900479715,26.566233849558728,15.544738900479715,1.0176159223613108,0.0034203578869030915,-0.0001688599479097032
5880.0,235.20000000000002,1.0,26.68049940971294,15.362179485120029,26.68049940971294,15.362179485120029,1.0247771800249932,-0.004115430325587676,-0.0023356821661701783
5881.0,235.24,1.0,26.79324371459449,15.179388761864633,26.79324371459449,15.179388761864633,1.0319065949364874,-0.011069628257424436,-0.004473864564773553
5882.0,235.28,1.0,26.905997802939275,14.996392124073623,26.905997802939275,14.996392124073623,1.0390009545878927,-0.017332135723604147,-0.006502016795808016
5883.0,235.32,1.0,27.017026117466845,14.811068298319546,27.017026117466845,14.811068298319546,1.046058265173061,-0.022807753155810094,-0.008340242067623573
5884.0,235.36,1.0,27.127978156699925,14.625943224481336,27.127978156699925,14.625943224481336,1.0530782657553792,-0.0274156758655965,-0.009913506170734446
5885.0,235.4,1.0,27.235002167439283,14.438891241722342,27.235002167439283,14.438891241722342,1.0600616072439666,-0.03109666194766547,-0.01115440734733136
5886.0,235.44,1.0,27.3416918396281,14.251140341916022,27.3416918396281,14.251140341916022,1.0670107548021581,-0.033809479273579315,-0.012005800950594024
5887.0,235.48000000000002,1.0,27.447277596607428,14.061292472932212,27.447277596607428,14.061292472932212,1.0739292873151467,-0.03553566462433466,-0.01242295459612526
5888.0,235.52,1.0,27.55209795595121,13.87021895443994,27.55209795595121,13.87021895443994,1.080822173193726,-0.036280487401820015,-0.01237558347927339
5889.0,235.56,1.0,27.654190155308832,13.676955779524828,27.654190155308832,13.676955779524828,1.0876944349505873,-0.03607742949243096,-0.011849413758197468
5890.0,235.6,1.0,27.7555974780153,13.482290537255029,27.7555974780153,13.482290537255029,1.0945523301282716,-0.03497937993584303,-0.010847301992387606
5891.0,235.64000000000001,1.0,27.85348928519655,13.285674470157597,27.85348928519655,13.285674470157597,1.1014020163408618,-0.03306588857749617,-0.009388802534607856
5892.0,235.68,1.0,27.949517360530006,13.087833736998812,27.949517360530006,13.087833736998812,1.1082494896380157,-0.03043127246567876,-0.007510000340064897
5893.0,235.72,1.0,28.043902813386786,12.889973812812135,28.043902813386786,12.889973812812135,1.1150997355224774,-0.027196186058301607,-0.005262503706191549
5894.0,235.76,1.0,28.137229135477963,12.690252289079563,28.137229135477963,12.690252289079563,1.121957317566483,-0.02348904836939658,-0.0027119568807551417
5895.0,235.8,1.0,28.23025169807434,12.489364624077961,28.23025169807434,12.489364624077961,1.1288250483872295,-0.01945405982515456,6.462711070955932e-05
5896.0,235.84,1.0,28.319965977581727,12.288765106206304,28.319965977581727,12.288765106206304,1.1357049717373615,-0.015236693076360108,0.002981321384918966
5897.0,235.88,1.0,28.410447963524014,12.085913832385065,28.410447963524014,12.085913832385065,1.142596805947583,-0.010991259538982301,0.005946408329337018
5898.0,235.92000000000002,1.0,28.497713815565067,11.883055920263054,28.497713815565067,11.883055920263054,1.149498555434281,-0.006866158748031403,0.00886549031876498
5899.0,235.96,1.0,28.58525620779748,11.67960530626198,28.58525620779748,11.67960530626198,1.1564057861339119,-0.003004810495621646,0.011644886390961376
5900.0,236.0,1.0,28.67038744828789,11.477439272980913,28.67038744828789,11.477439272980913,1.1633133858153413,0.00046222888248663717,0.014195228150845424
5901.0,236.04,1.0,28.75520890457675,11.27309987979844,28.75520890457675,11.27309987979844,1.1702140952933342,0.003414611515426258,0.01643470418552111
5902.0,236.08,1.0,28.836843392373773,11.070182586010702,28.836843392373773,11.070182586010702,1.1770999840486305,0.0057534150459993775,0.01829159847781831
5903.0,236.12,1.0,28.918620300403326,10.866585254511344,28.918620300403326,10.866585254511344,1.183962618563032,0.007396313409864552,0.01970678096874757
5904.0,236.16,1.0,28.997957314068117,10.663301980584496,28.997957314068117,10.663301980584496,1.1907940823980432,0.008289780922691082,0.02063615035821955
5905.0,236.20000000000002,1.0,29.07859972649452,10.458718240703444,29.07859972649452,10.458718240703444,1.1975866009471565,0.008398551285072563,0.021052110336104057
5906.0,236.24,1.0,29.157196670019708,10.255167372880946,29.157196670019708,10.255167372880946,1.2043338912286898,0.007714935968035075,0.020944160801198597
5907.0,236.28,1.0,29.233563151858526,10.049893522867194,29.233563151858526,10.049893522867194,1.211030084057923,0.006253307312627876,0.020319130039786183
5908.0,236.32,1.0,29.309696936954634,9.845944291411493,29.309696936954634,9.845944291411493,1.2176712317507263,0.004056234538781167,0.019200508742436492
5909.0,236.36,1.0,29.385285058778134,9.640756852862024,29.385285058778134,9.640756852862024,1.2242552131460687,0.0011834574539892895,0.017627377353609225
5910.0,236.4,1.0,29.459882415684937,9.436143922870418,29.459882415684937,9.436143922870418,1.2307824338829036,-0.002284345678338551,0.015652828975818423
5911.0,236.44,1.0,29.534040172248417,9.231739203245152,29.534040172248417,9.231739203245152,1.2372551367772506,-0.006250498828158313,0.013341473806351029
5912.0,236.48000000000002,1.0,29.60732088528954,9.026283202708324,29.60732088528954,9.026283202708324,1.243678232650631,-0.01060019652079931,0.010766823804307045
5913.0,236.52,1.0,29.680198265686464,8.820475478955725,29.680198265686464,8.820475478955725,1.2500592378725808,-0.01521130607643717,0.008008523791556877
5914.0,236.56,1.0,29.75091651971053,8.614580796997794,29.75091651971053,8.614580796997794,1.2564070902639968,-0.01995437496393011,0.00514956187321773
5915.0,236.6,1.0,29.820022874934587,8.409227684089089,29.820022874934587,8.409227684089089,1.262732544847729,-0.024699443411147402,0.00227253189217256
5916.0,236.64000000000001,1.0,29.888192371388396,8.20235439486208,29.888192371388396,8.20235439486208,1.269047221317588,-0.02931293185175412,-0.0005431394404777281
5917.0,236.68,1.0,29.953905105326548,7.995302339943568,29.953905105326548,7.995302339943568,1.2753632312990626,-0.03366433415994825,-0.003224104895751202
5918.0,236.72,1.0,30.01771615060999,7.7868930062588095,30.01771615060999,7.7868930062588095,1.2816937822787104,-0.03763248553941343,-0.005705325722433688
5919.0,236.76,1.0,30.081142047750415,7.578070690881409,30.081142047750415,7.578070690881409,1.288051983317541,-0.041109507970994066,-0.007932286119021626
5920.0,236.8,1.0,30.142260416027188,7.36744420170259,30.142260416027188,7.36744420170259,1.294451025934157,-0.04399829698146951,-0.00986237662579643
5921.0,236.84,1.0,30.20148870185252,7.156822265935332,30.20148870185252,7.156822265935332,1.3009032466476493,-0.04621868042611845,-0.01146633915372292
5922.0,236.88,1.0,30.259892328797047,6.944522672844523,30.259892328797047,6.944522672844523,1.307420292083075,-0.04771200652131054,-0.012728292331152335
5923.0,236.92000000000002,1.0,30.316750368703982,6.731606970159359,30.316750368703982,6.731606970159359,1.3140122558681964,-0.04844034862992654,-0.013645427852408826
5924.0,236.96,1.0,30.372783537675787,6.517517195854708,30.372783537675787,6.517517195854708,1.320686693841982,-0.04838732570748958,-0.014227345349479153
5925.0,237.0,1.0,30.427448661090875,6.303018212372672,30.427448661090875,6.303018212372672,1.3274495231414891,-0.04755555151980273,-0.014495235505937431
5926.0,237.04,1.0,30.480062070323612,6.087152081798992,30.480062070323612,6.087152081798992,1.3343035480220737,-0.045970476489233934,-0.014479720300407894
5927.0,237.08,1.0,30.532007659583705,5.87232752172948,30.532007659583705,5.87232752172948,1.341249681612745,-0.043682954769865945,-0.014219253626035804
5928.0,237.12,1.0,30.581340018312694,5.65490936105262,30.581340018312694,5.65490936105262,1.3482864783404174,-0.040766688585895536,-0.013757610345135715
5929.0,237.16,1.0,30.62941482609807,5.438601547950682,30.62941482609807,5.438601547950682,1.355410092230403,-0.03730861274394839,-0.013141971371075572
5930.0,237.20000000000002,1.0,30.675596632996253,5.2203619972857735,30.675596632996253,5.2203619972857735,1.362614913644469,-0.03340761039589526,-0.012420058113682879
5931.0,237.24,1.0,30.720893611629954,5.001550749568878,30.720893611629954,5.001550749568878,1.369892912585214,-0.029178192238050404,-0.011638237078551461
5932.0,237.28,1.0,30.764886669202063,4.78273167442368,30.764886669202063,4.78273167442368,1.3772350572347372,-0.02474445187641028,-0.01083875698738922
5933.0,237.32,1.0,30.805931673828617,4.563356912053468,30.805931673828617,4.563356912053468,1.3846302686482637,-0.02022984930246847,-0.010058467336931507
5934.0,237.36,1.0,30.847050281569977,4.343592407173331,30.847050281569977,4.343592407173331,1.3920669924046876,-0.015759799164793552,-0.009327456722342925
5935.0,237.4,1.0,30.886106709521123,4.121909048745386,30.886106709521123,4.121909048745386,1.3995333610421312,-0.011453120514959858,-0.008668099837370038
5936.0,237.44,1.0,30.92388305345137,3.899985201736713,30.92388305345137,3.899985201736713,1.4070174353847036,-0.007422141460246334,-0.008093932058860083
5937.0,237.48000000000002,1.0,30.960125951477856,3.6793970853735525,30.960125951477856,3.6793970853735525,1.414508385331557,-0.003764749723397487,-0.007610059893198519
5938.0,237.52,1.0,30.995158412495147,3.4580449786656215,30.995158412495147,3.4580449786656215,1.4219962093495118,-0.000561349280917689,-0.007213248476326742
5939.0,237.56,1.0,31.028658629169797,3.2375354982257485,31.028658629169797,3.2375354982257485,1.4294726195341758,0.0021304976894253925,-0.0068929365672913065
5940.0,237.6,1.0,31.06081928801789,3.016589799870487,31.06081928801789,3.016589799870487,1.436930802000312,0.00426622878316194,-0.006631891531879405
5941.0,237.64000000000001,1.0,31.0918221723486,2.795959616754913,31.0918221723486,2.795959616754913,1.4443656534165168,0.005824118060607808,-0.006408053274139684
5942.0,237.68,1.0,31.120463300317095,2.57568921885317,31.120463300317095,2.57568921885317,1.4517741653669638,0.006809021413978877,-0.0061956393637218835
5943.0,237.72,1.0,31.147348486190204,2.3549877309313656,31.147348486190204,2.3549877309313656,1.4591542573495848,0.007251241564434863,-0.005967575560260378
5944.0,237.76,1.0,31.17163187407643,2.1345790163750555,31.17163187407643,2.1345790163750555,1.4665063098363218,0.007196595543038864,-0.005696719680149459
5945.0,237.8,1.0,31.194178053919114,1.9144599870734484,31.194178053919114,1.9144599870734484,1.4738313802731537,0.0067100340809012286,-0.005357773519898308
5946.0,237.84,1.0,31.214289415489162,1.694839956340098,31.214289415489162,1.694839956340098,1.481132158969618,0.0058725638043154674,-0.004928658855635194
5947.0,237.88,1.0,31.233168421025567,1.4745874385833706,31.233168421025567,1.4745874385833706,1.4884123674289242,0.004776424065162654,-0.004392564739548238
5948.0,237.92000000000002,1.0,31.249844387209272,1.2548397970605727,31.249844387209272,1.2548397970605727,1.4956760707013195,0.0035237259825680045,-0.003738408978651
5949.0,237.96,1.0,31.266037028868777,1.033714118369828,31.266037028868777,1.033714118369828,1.502927910693987,0.002221914754523757,-0.002961647011078561
5950.0,238.0,1.0,31.27868916517834,0.8138850255543518,31.27868916517834,0.8138850255543518,1.5101715477428779,0.0009740151082451743,-0.002064527521839276
5951.0,238.04,1.0,31.291264410366814,0.5922368097057938,31.291264410366814,0.5922368097057938,1.517410582136436,-0.00011393646135366975,-0.0010565543354562848
5952.0,238.08,1.0,31.29987055305738,0.3715042177758414,31.29987055305738,0.3715042177758414,1.5246470354738386,-0.0009500072183215025,4.620715670927492e-05
5953.0,238.12,1.0,31.308053808872796,0.1497576821834279,31.308053808872796,0.1497576821834279,1.5318821651980865,-0.001455047795231379,0.0012213216775152518
5954.0,238.16,1.0,31.313791094241243,-0.0725192405792151,31.313791094241243,-0.0725192405792151,1.5391162068762199,-0.0015668202433469114,0.0024414618748972417
5955.0,238.20000000000002,1.0,31.318076349021453,-0.2956630985812036,31.318076349021453,-0.2956630985812036,1.5463482078442339,-0.0012306325224157532,0.003675044297818394
5956.0,238.24,1.0,31.3205233513162,-0.5184467247663772,31.3205233513162,-0.5184467247663772,1.553576606319678,-0.0004135827927549851,0.004887819084803122
5957.0,238.28,1.0,31.322366086730817,-0.7420004617348219,31.322366086730817,-0.7420004617348219,1.5607990546338,0.0008986986890537896,0.0060440049609609735
5958.0,238.32,1.0,31.32242205691308,-0.9665353650932843,31.32242205691308,-0.9665353650932843,1.5680125378638663,0.002703519795812559,0.007108392552989293
5959.0,238.36,1.0,31.32154144912274,-1.1883836322360422,31.32154144912274,-1.1883836322360422,1.5752141929058479,0.004979841339140334,0.008047219822047622
5960.0,238.4,1.0,31.31849427510022,-1.4121677661059364,31.31849427510022,-1.4121677661059364,1.5824004133147476,0.007689720607477657,0.00882945942687766
5961.0,238.44,1.0,31.314605065507088,-1.6335639127963482,31.314605065507088,-1.6335639127963482,1.5895689575345227,0.010784199315164389,0.009428021166368756
5962.0,238.48000000000002,1.0,31.30902463809686,-1.8561689955565748,31.30902463809686,-1.8561689955565748,1.5967173591752213,0.014201002482299385,0.009820989209089515
5963.0,238.52,1.0,31.30241779682491,-2.078018084312103,31.30241779682491,-2.078018084312103,1.6038453985112515,0.01787427403190085,0.009991949118914028
5964.0,238.56,1.0,31.29317042715372,-2.3012001577203387,31.29317042715372,-2.3012001577203387,1.6109533347007599,0.021735135955541263,0.009930568935155506
5965.0,238.6,1.0,31.283394738618693,-2.5236773573684674,31.283394738618693,-2.5236773573684674,1.6180435289704895,0.02571216335893909,0.009632541314568834
5966.0,238.64000000000001,1.0,31.271789663594905,-2.7464467272446256,31.271789663594905,-2.7464467272446256,1.6251190146460062,0.029726506681429822,0.009099839932326674
5967.0,238.68,1.0,31.25908840510089,-2.969621454445945,31.25908840510089,-2.969621454445945,1.6321846736485734,0.0337157001196565,0.00834030825189817
5968.0,238.72,1.0,31.244811508406123,-3.192326313859694,31.244811508406123,-3.192326313859694,1.6392460866936645,0.03762121067003106,0.007367459146501759
5969.0,238.76,1.0,31.22908022585758,-3.415269121107599,31.22908022585758,-3.415269121107599,1.6463099089693933,0.04139325359422978,0.006199438600344491
5970.0,238.8,1.0,31.213550503646132,-3.6380781733400953,31.213550503646132,-3.6380781733400953,1.653383226357132,0.044985476852118025,0.0048586483721496845
5971.0,238.84,1.0,31.195191659161573,-3.8568590420380366,31.195191659161573,-3.8568590420380366,1.6604741507661587,0.04836557216862323,0.003371030737694082
5972.0,238.88,1.0,31.17658231416396,-4.077942194470813,31.17658231416396,-4.077942194470813,1.667590185995119,0.05151072131063552,0.0017650482922186613
5973.0,238.92000000000002,1.0,31.155564152810285,-4.297724765346382,31.155564152810285,-4.297724765346382,1.6747391972982384,0.054409020729583625,7.0753574863016e-05
5974.0,238.96,1.0,31.13355778362098,-4.517860046790253,31.13355778362098,-4.517860046790253,1.6819274803069522,0.05705569618877644,-0.001680734274956161
5975.0,239.0,1.0,31.108693494032728,-4.73588687103893,31.108693494032728,-4.73588687103893,1.6891610690188437,0.05944854300960507,-0.0034577061008287504
5976.0,239.04,1.0,31.083262692760663,-4.954068627952009,31.083262692760663,-4.954068627952009,1.6964443724163811,0.06159439938764488,-0.005228622401120058
5977.0,239.08,1.0,31.05533801881948,-5.1715567868617,31.05533801881948,-5.1715567868617,1.7037812362318725,0.06350754592414684,-0.006962420325896943
5978.0,239.12,1.0,31.027250677867716,-5.387606691828612,31.027250677867716,-5.387606691828612,1.711173691719663,0.06519118664298382,-0.008628951646833036
5979.0,239.16,1.0,30.99598193628815,-5.6065331525403375,30.99598193628815,-5.6065331525403375,1.7186228548859126,0.06664921285677376,-0.01019927734229234
5980.0,239.20000000000002,1.0,30.965019625836096,-5.8223980581418076,30.965019625836096,-5.8223980581418076,1.726128482268703,0.0678865286683856,-0.011645864181384727
5981.0,239.24,1.0,30.9318184483247,-6.0391574480017285,30.9318184483247,-6.0391574480017285,1.733688372575222,0.06891349241815095,-0.0129428085740594
5982.0,239.28,1.0,30.89722952384368,-6.255783054570633,30.89722952384368,-6.255783054570633,1.7412986824873706,0.06973147805686493,-0.014066187903451497
5983.0,239.32,1.0,30.861141415292444,-6.470870827478315,30.861141415292444,-6.470870827478315,1.748954241100612,0.07033841720040082,-0.014994030800467337
5984.0,239.36,1.0,30.824068228620348,-6.684864756420332,30.824068228620348,-6.684864756420332,1.7566490374261605,0.07072694108134718,-0.01570651560082779
5985.0,239.4,1.0,30.78401440864601,-6.898478256143761,30.78401440864601,-6.898478256143761,1.7643767934990726,0.07089347605909975,-0.01618619753336856
5986.0,239.44,1.0,30.743784670438735,-7.111553528514314,30.743784670438735,-7.111553528514314,1.7721309727304924,0.07083710548319926,-0.016418507864432684
5987.0,239.48000000000002,1.0,30.700520966776047,-7.324226275797417,30.700520966776047,-7.324226275797417,1.7799048180923307,0.07055334056510845,-0.016391669312181955
5988.0,239.52,1.0,30.656213169220734,-7.536155557602631,30.656213169220734,-7.536155557602631,1.7876915767998942,0.07003746185921467,-0.016097520482520174
5989.0,239.56,1.0,30.609583448037302,-7.746435460306003,30.609583448037302,-7.746435460306003,1.7954844059116783,0.069293952963392,-0.015531693791401954
5990.0,239.6,1.0,30.560644675144452,-7.957573988123821,30.560644675144452,-7.957573988123821,1.8032765727070785,0.06833565740044038,-0.014694194159568385
5991.0,239.64000000000001,1.0,30.509913547878007,-8.167946508562732,30.509913547878007,-8.167946508562732,1.8110609916236946,0.06717580733131398,-0.013589524848503448
5992.0,239.68,1.0,30.45737125159879,-8.37745326443122,30.45737125159879,-8.37745326443122,1.81883243045312,0.06583271836166771,-0.012227478579325107
5993.0,239.72,1.0,30.403163889555174,-8.58450265240901,30.403163889555174,-8.58450265240901,1.8265865612271572,0.06433673374933238,-0.010623123733170972
5994.0,239.76,1.0,30.347327189214184,-8.791001442807698,30.347327189214184,-8.791001442807698,1.834320592351289,0.06272678257358241,-0.008797196861568424
5995.0,239.8,1.0,30.29015374069133,-8.99611469710796,30.29015374069133,-8.99611469710796,1.8420321779985014,0.06105155427152296,-0.006775889107313216
5996.0,239.84,1.0,30.231536960700446,-9.20031691306536,30.231536960700446,-9.20031691306536,1.8497196575452293,0.05935814295457555,-0.004590898549050841
5997.0,239.88,1.0,30.17125599998314,-9.404156238972991,30.17125599998314,-9.404156238972991,1.8573814988833868,0.057695925827372395,-0.0022790218794489754
5998.0,239.92000000000002,1.0,30.108813380984685,-9.607516800845497,30.108813380984685,-9.607516800845497,1.8650164699669518,0.05612442139760867,0.00011818158891818767
5999.0,239.96,1.0,30.044970910666365,-9.809428058621927,30.044970910666365,-9.809428058621927,1.8726233866284758,0.05470571896547982,0.0025555136054356423
6000.0,240.0,1.0,29.977829755256188,-10.012102956811937,29.977829755256188,-10.012102956811937,1.8802015951256361,0.05349949861709959,0.0049847811643608745
6001.0,240.04,1.0,29.909017975314335,-10.214173728771907,29.909017975314335,-10.214173728771907,1.8877506337206278,0.05255854912791946,0.007355755803196443
6002.0,240.08,1.0,29.8399971826762,-10.413889022114606,29.8399971826762,-10.413889022114606,1.8952716229222368,0.051934224786402416,0.009617280636277007
6003.0,240.12,1.0,29.768870634614093,-10.614778992294795,29.768870634614093,-10.614778992294795,1.9027644589730563,0.051669754234929456,0.011719298902306382
6004.0,240.16,1.0,29.6973714635674,-10.814197019569843,29.6973714635674,-10.814197019569843,1.910229189702673,0.051796659583975904,0.013613998286468637
6005.0,240.20000000000002,1.0,29.62378548219729,-11.013068840537722,29.62378548219729,-11.013068840537722,1.9176649301121718,0.052333955539519875,0.015257350042425876
6006.0,240.24,1.0,29.548961656386474,-11.212237824642544,29.548961656386474,-11.212237824642544,1.9250709641680845,0.05328704577918655,0.01661013228558143
6007.0,240.28,1.0,29.47347243001647,-11.409908154475438,29.47347243001647,-11.409908154475438,1.9324461134141693,0.05465219217265553,0.01763965538026567
6008.0,240.32,1.0,29.395899129141533,-11.607576464309894,29.395899129141533,-11.607576464309894,1.9397890998979346,0.05641717946744886,0.018320903251251703
6009.0,240.36,1.0,29.316505373167963,-11.804691968931056,29.316505373167963,-11.804691968931056,1.9470991354499723,0.058550532232514406,0.018637455470611606
6010.0,240.4,1.0,29.236170368991907,-11.999981116975917,29.236170368991907,-11.999981116975917,1.9543753504865093,0.06101001517116802,0.018581777161356422
6011.0,240.44,1.0,29.15605154478455,-12.196944978798777,29.15605154478455,-12.196944978798777,1.9616175991024476,0.06374668068953344,0.01815594888557534
6012.0,240.48000000000002,1.0,29.075047078486087,-12.391939969124728,29.075047078486087,-12.391939969124728,1.9688254868945225,0.06670633790235561,0.017372409808485322
6013.0,240.52,1.0,28.993942237762372,-12.586646769215017,28.993942237762372,-12.586646769215017,1.9759981336255312,0.06982562046931184,0.016253390073576075
6014.0,240.56,1.0,28.910157361098896,-12.780268869540022,28.910157361098896,-12.780268869540022,1.9831359678640557,0.07304018127716969,0.014829906864347825
6015.0,240.6,1.0,28.82559705923851,-12.972698949395726,28.82559705923851,-12.972698949395726,1.990239357762165,0.07628414136136105,0.013141159447136766
6016.0,240.64000000000001,1.0,28.73997478994491,-13.16461700257122,28.73997478994491,-13.16461700257122,1.9973101423989248,0.07949605698127482,0.011233890701110198
6017.0,240.68,1.0,28.653440426510446,-13.355816196106428,28.653440426510446,-13.355816196106428,2.004350128133876,0.08262115792880047,0.009161195400645427
6018.0,240.72,1.0,28.56748233590556,-13.545690808496214,28.56748233590556,-13.545690808496214,2.0113623168305086,0.08560957262733378,0.006980364668580552
6019.0,240.76,1.0,28.478705034525934,-13.735034669157798,28.478705034525934,-13.735034669157798,2.018350179318142,0.08841843933372513,0.0047511886519031946
6020.0,240.8,1.0,28.389845471335867,-13.922754065073667,28.389845471335867,-13.922754065073667,2.0253174084624375,0.09101774009088612,0.0025343272510655207
6021.0,240.84,1.0,28.30080031934873,-14.110560985751368,28.30080031934873,-14.110560985751368,2.0322686740493716,0.09338960575969638,0.00039002337327666834
6022.0,240.88,1.0,28.207786330644694,-14.297159614189434,28.207786330644694,-14.297159614189434,2.0392073571885456,0.09552420426979044,-0.0016241603266440633
6023.0,240.92000000000002,1.0,28.11471391445655,-14.48247259836927,28.11471391445655,-14.48247259836927,2.046138159900729,0.09742029793407599,-0.003455742284402233
6024.0,240.96,1.0,28.020748940850922,-14.666813470752718,28.020748940850922,-14.666813470752718,2.0530652314811726,0.09909217786764901,-0.005058216383659076
6025.0,241.0,1.0,27.925814272846658,-14.849678395680225,27.925814272846658,-14.849678395680225,2.0599923755980707,0.10055893553592973,-0.0063919317597806585
6026.0,241.04,1.0,27.829036658721616,-15.031363802275777,27.829036658721616,-15.031363802275777,2.066923301755035,0.10184899210155392,-0.0074253803988136025
6027.0,241.08,1.0,27.7308174934907,-15.211563221305004,27.7308174934907,-15.211563221305004,2.0738607572666976,0.10299414542368099,-0.008137019630841853
6028.0,241.12,1.0,27.633547444533452,-15.389721128611459,27.633547444533452,-15.389721128611459,2.0808078050549015,0.10402613686322892,-0.008515392949919095
6029.0,241.16,1.0,27.53388020785622,-15.566983184515825,27.53388020785622,-15.566983184515825,2.087766065973305,0.1049773812735467,-0.008558811591390035
6030.0,241.20000000000002,1.0,27.432423317734173,-15.74296555095178,27.432423317734173,-15.74296555095178,2.0947371142395577,0.10587681384690739,-0.008275092267273056
6031.0,241.24,1.0,27.328562037103787,-15.917067922692587,27.328562037103787,-15.917067922692587,2.1017213945821895,0.10674625326340952,-0.00768170187365604
6032.0,241.28,1.0,27.22437797768083,-16.090427476093915,27.22437797768083,-16.090427476093915,2.1087182377869045,0.10759441251247814,-0.006805540756789097
6033.0,241.32,1.0,27.118991686286357,-16.264312307877596,27.118991686286357,-16.264312307877596,2.11572762088962,0.10842237970911994,-0.00568111553078082
6034.0,241.36,1.0,27.013526504517266,-16.435812329592913,27.013526504517266,-16.435812329592913,2.122747820978021,0.10922035525902019,-0.0043489260743768115
6035.0,241.4,1.0,26.90729852208566,-16.606839865551798,26.90729852208566,-16.606839865551798,2.1297774611580187,0.10996635061246691,-0.0028545762627904835
6036.0,241.44,1.0,26.798883608861086,-16.776480641888476,26.798883608861086,-16.776480641888476,2.1368142504547047,0.11062950832012168,-0.001247933012533544
6037.0,241.48000000000002,1.0,26.68997950343563,-16.944731662187102,26.68997950343563,-16.944731662187102,2.143856011677543,0.11116796888118696,0.0004189022147936011
6038.0,241.52,1.0,26.578150267161504,-17.112263417597052,26.578150267161504,-17.112263417597052,2.150899888183217,0.11153011526549701,0.002094326280837599
6039.0,241.56,1.0,26.468003947124846,-17.27819966355606,26.468003947124846,-17.27819966355606,2.1579420349682636,0.11165665107358272,0.003728102528154617
6040.0,241.6,1.0,26.355072782021637,-17.442679784619497,26.355072782021637,-17.442679784619497,2.1649786525067922,0.11148533119768944,0.0052726191369619115
6041.0,241.64000000000001,1.0,26.240685771265753,-17.605829901333387,26.240685771265753,-17.605829901333387,2.172005026144893,0.11094998468263531,0.006684035525133908
6042.0,241.68,1.0,26.128200488810194,-17.769158514332105,26.128200488810194,-17.769158514332105,2.17901732514362,0.10998844104820524,0.00792461840691783
6043.0,241.72,1.0,26.013102946511047,-17.93026959757879,26.013102946511047,-17.93026959757879,2.186011506745801,0.10855255722884298,0.00896405107484416
6044.0,241.76,1.0,25.89723888577306,-18.09083697743174,25.89723888577306,-18.09083697743174,2.192983835836544,0.10660322267214813,0.009779413645104701
6045.0,241.8,1.0,25.780119083049566,-18.249768645656594,25.780119083049566,-18.249768645656594,2.1999304743750185,0.10411537168499556,0.010355418705687906
6046.0,241.84,1.0,25.66383376959113,-18.40754530960674,25.66383376959113,-18.40754530960674,2.206847746472418,0.10107399755780178,0.010685309967939456
6047.0,241.88,1.0,25.54746684174044,-18.563520147740917,25.54746684174044,-18.563520147740917,2.2137320600071635,0.09748155340481927,0.010771683620402506
6048.0,241.92000000000002,1.0,25.42960058372198,-18.71927058177024,25.42960058372198,-18.71927058177024,2.220579228758994,0.09335888189819117,0.010625342133219973
6049.0,241.96,1.0,25.312465316603692,-18.872641187390666,25.312465316603692,-18.872641187390666,2.227385591707588,0.08875045597092532,0.010264003711965496
6050.0,242.0,1.0,25.195060233546094,-19.02586192149558,25.195060233546094,-19.02586192149558,2.234147869408492,0.0837211473926553,0.009712079391695511
6051.0,242.04,1.0,25.077957629617124,-19.17708662138041,25.077957629617124,-19.17708662138041,2.2408641157791394,0.07835339813330713,0.00900003003881178
6052.0,242.08,1.0,24.959252490588902,-19.327195602027054,24.959252490588902,-19.327195602027054,2.2475336391956016,0.07275193115693115,0.008163314917356168
6053.0,242.12,1.0,24.839090781232343,-19.47571320175054,24.839090781232343,-19.47571320175054,2.254156016009725,0.06703570470221268,0.00723991699727645
6054.0,242.16,1.0,24.718043836730736,-19.623932541803516,24.718043836730736,-19.623932541803516,2.2607322900109543,0.061326726316695335,0.006269180163302903
6055.0,242.20000000000002,1.0,24.59597219003259,-19.771987252437413,24.59597219003259,-19.771987252437413,2.2672635441395976,0.05574784198551001,0.005290568692342246
6056.0,242.24,1.0,24.473244232801758,-19.918322893679125,24.473244232801758,-19.918322893679125,2.2737528955867092,0.050423886803036465,0.004342800358121348
6057.0,242.28,1.0,24.34954391283613,-20.063669154357676,24.34954391283613,-20.063669154357676,2.2802029676757494,0.045480645259295384,0.0034613198802589686
6058.0,242.32,1.0,24.225476217021825,-20.20746509048875,24.225476217021825,-20.20746509048875,2.286617969227116,0.04103209296982402,0.0026762605930611997
6059.0,242.36,1.0,24.098639367742226,-20.35142067215633,24.098639367742226,-20.35142067215633,2.2930029562552408,0.037176698349736845,0.002012196228549546
6060.0,242.4,1.0,23.972555504151337,-20.494753640146694,23.972555504151337,-20.494753640146694,2.2993645395145017,0.03398921928807326,0.0014876262318120636
6061.0,242.44,1.0,23.84428781075976,-20.637503718090038,23.84428781075976,-20.637503718090038,2.305710801564615,0.031526674283804,0.0011140009500330444
6062.0,242.48000000000002,1.0,23.714035330615197,-20.78060854726586,23.714035330615197,-20.78060854726586,2.3120494140971184,0.029822582655534436,0.0008947274150258166
6063.0,242.52,1.0,23.58500349896802,-20.922942210106573,23.58500349896802,-20.922942210106573,2.318388554204213,0.0288798596215468,0.00082531838685561
6064.0,242.56,1.0,23.45372798155619,-21.06321208297171,23.45372798155619,-21.06321208297171,2.324735706907695,0.028670235582167615,0.0008944147260777927
6065.0,242.6,1.0,23.323444427487537,-21.20283513734418,23.323444427487537,-21.20283513734418,2.331098191750875,0.029144816818938834,0.0010837771419817135
6066.0,242.64000000000001,1.0,23.189832941828087,-21.338485315035857,23.189832941828087,-21.338485315035857,2.3374817355206767,0.030236630094559347,0.0013692856014720458
6067.0,242.68,1.0,23.05487975341717,-21.474311193314065,23.05487975341717,-21.474311193314065,2.3438905221575017,0.03185407533965658,0.0017213487059484825
6068.0,242.72,1.0,22.91817635098505,-21.60907753020625,22.91817635098505,-21.60907753020625,2.3503288956275723,0.033882363416219106,0.0021074149833518337
6069.0,242.76,1.0,22.782261496963834,-21.743620406160126,22.782261496963834,-21.743620406160126,2.35679967072307,0.03619772449751184,0.0024937574168943885
6070.0,242.8,1.0,22.644282603065736,-21.87811048339619,22.644282603065736,-21.87811048339619,2.3633054775821782,0.03867414985770619,0.0028468545892718156
6071.0,242.84,1.0,22.505784720025087,-22.01317653156817,22.505784720025087,-22.01317653156817,2.3698464048296017,0.041185647579239815,0.0031346924340842465
6072.0,242.88,1.0,22.36758492786032,-22.14743931678663,22.36758492786032,-22.14743931678663,2.3764203917548654,0.04360040542793146,0.0033287974680675366
6073.0,242.92000000000002,1.0,22.22966144980894,-22.27974255530236,22.22966144980894,-22.27974255530236,2.3830237264093244,0.04579112727819272,0.0034063527923380737
6074.0,242.96,1.0,22.0921774511793,-22.409105057778554,22.0921774511793,-22.409105057778554,2.389649388072991,0.047643996586311646,0.003351069551094895
6075.0,243.0,1.0,21.954211360768344,-22.540006822948193,21.954211360768344,-22.540006822948193,2.396289882971317,0.049066095183751136,0.0031539375344196846
6076.0,243.04,1.0,21.812952672247622,-22.66884628197451,21.812952672247622,-22.66884628197451,2.4029342688423276,0.04997639501096116,0.0028141172023230716
6077.0,243.08,1.0,21.67059584957553,-22.798389338023433,21.67059584957553,-22.798389338023433,2.4095736907299403,0.05031097546386405,0.002339407912999473
6078.0,243.12,1.0,21.52811817659478,-22.92555164454071,21.52811817659478,-22.92555164454071,2.41619881795712,0.050030922253773126,0.0017465940581985195
6079.0,243.16,1.0,21.386679039095302,-23.05227656955874,21.386679039095302,-23.05227656955874,2.4228013513979128,0.049129316246790976,0.0010604851487110336
6080.0,243.20000000000002,1.0,21.246265349034868,-23.175810715397272,21.246265349034868,-23.175810715397272,2.4293730613903066,0.047616709456557896,0.0003134165380293194
6081.0,243.24,1.0,21.105419805459054,-23.29762270857113,21.105419805459054,-23.29762270857113,2.4359052765988487,0.04551834288543075,-0.0004561563907219977
6082.0,243.28,1.0,20.964938985772754,-23.417764533317502,20.964938985772754,-23.417764533317502,2.442390733443633,0.04287657004186729,-0.0012047784789230485
6083.0,243.32,1.0,20.822346256119886,-23.535930559810094,20.822346256119886,-23.535930559810094,2.4488225653879994,0.03975832035997364,-0.0018862508900120076
6084.0,243.36,1.0,20.67898192839415,-23.65489931011992,20.67898192839415,-23.65489931011992,2.4551955226438293,0.0362443634970238,-0.002453903007603431
6085.0,243.4,1.0,20.534013833131528,-23.771973527797332,20.534013833131528,-23.771973527797332,2.4615071635859858,0.03242394006438476,-0.002862348569678673
6086.0,243.44,1.0,20.389645651269916,-23.892412591414022,20.389645651269916,-23.892412591414022,2.467756133291273,0.028392353800889603,-0.003069828104930928
6087.0,243.48000000000002,1.0,20.244499055317057,-24.010176403701745,20.244499055317057,-24.010176403701745,2.4739456573378726,0.02425637056389194,-0.00303977142931139
6088.0,243.52,1.0,20.09809199501647,-24.127040877966206,20.09809199501647,-24.127040877966206,2.480078074770374,0.020128176487560823,-0.002742950621348396
6089.0,243.56,1.0,19.950509969543837,-24.241965589251258,19.950509969543837,-24.241965589251258,2.4861574335717362,0.01611514099184832,-0.002158777915030983
6090.0,243.6,1.0,19.802773398212967,-24.354687867543127,19.802773398212967,-24.354687867543127,2.49218576886252,0.01231084350770142,-0.001276644933933439
6091.0,243.64000000000001,1.0,19.654115508307548,-24.4645237307589,19.654115508307548,-24.4645237307589,2.49816541872488,0.00880662286034326,-9.694241584326871e-05
6092.0,243.68,1.0,19.50263599088257,-24.574919366412633,19.50263599088257,-24.574919366412633,2.5040983606205756,0.005690054208969686,0.0013685878280721825
6093.0,243.72,1.0,19.35027263052749,-24.684007365220317,19.35027263052749,-24.684007365220317,2.509985643008215,0.0030409749761933337,0.0030967637220187575
6094.0,243.76,1.0,19.195449230376738,-24.793357117930327,19.195449230376738,-24.793357117930327,2.5158291881570625,0.0009215751877865053,0.005053578016909905
6095.0,243.8,1.0,19.04060504167308,-24.89777875582163,19.04060504167308,-24.89777875582163,2.5216299908683455,-0.0006126529585656959,0.0071950339001383284
6096.0,243.84,1.0,18.887828008385736,-25.004272861496872,18.887828008385736,-25.004272861496872,2.5273894530635053,-0.0015165686207399887,0.009468259470247159
6097.0,243.88,1.0,18.735416139557937,-25.108029635790928,18.735416139557937,-25.108029635790928,2.5331079874456393,-0.0017598352077666136,0.01181380310823128
6098.0,243.92000000000002,1.0,18.580691421742298,-25.213410542217357,18.580691421742298,-25.213410542217357,2.5387838179214013,-0.001329021483387427,0.014167078779537568
6099.0,243.96,1.0,18.425994444185584,-25.316078899469808,18.425994444185584,-25.316078899469808,2.5444147666664194,-0.00022666333581629062,0.016460699447072104
6100.0,244.0,1.0,18.26799418169211,-25.419452101495505,18.26799418169211,-25.419452101495505,2.5499973262004603,0.0015352915931550414,0.018626051926024963
6101.0,244.04,1.0,18.110269390844543,-25.522441204429285,18.110269390844543,-25.522441204429285,2.5555296769251608,0.003933998536731287,0.020596162862915265
6102.0,244.08,1.0,17.951837912932618,-25.62399002334311,17.951837912932618,-25.62399002334311,2.5610104866947396,0.006929816879888207,0.022307419900075544
6103.0,244.12,1.0,17.792819602201195,-25.72569935928194,17.792819602201195,-25.72569935928194,2.566439901797836,0.010463519872381566,0.02370186403812748
6104.0,244.16,1.0,17.633626920703833,-25.826398693536284,17.633626920703833,-25.826398693536284,2.571819743019677,0.014465299057031178,0.024728589642531724
6105.0,244.20000000000002,1.0,17.472917842998932,-25.926398342255244,17.472917842998932,-25.926398342255244,2.5771521431754367,0.018859915673585203,0.025345701590981602
6106.0,244.24,1.0,17.31274950281092,-26.025245157591087,17.31274950281092,-26.025245157591087,2.5824417763961542,0.023555495591022636,0.02552191116647467
6107.0,244.28,1.0,17.15154734179753,-26.124660984643025,17.15154734179753,-26.124660984643025,2.5876921607237753,0.028448832871410867,0.025237812432179423
6108.0,244.32,1.0,16.9920902791796,-26.222604001100898,16.9920902791796,-26.222604001100898,2.592908458216935,0.0334303490415971,0.024485876531833248
6109.0,244.36,1.0,16.83049049290292,-26.320513946923263,16.83049049290292,-26.320513946923263,2.5980961672972387,0.03838320344105546,0.02327084587767599
6110.0,244.4,1.0,16.67019826627616,-26.417374992719623,16.67019826627616,-26.417374992719623,2.603261960094049,0.04318392654666352,0.02160957441287504
6111.0,244.44,1.0,16.5075064474771,-26.513669282952282,16.5075064474771,-26.513669282952282,2.60841314972967,0.04770636232773369,0.019531233063232414
6112.0,244.48000000000002,1.0,16.34717212628997,-26.607138334298106,16.34717212628997,-26.607138334298106,2.6135566599656945,0.051831549544091124,0.01707568002931145
6113.0,244.52,1.0,16.18464717168932,-26.700701062809042,16.18464717168932,-26.700701062809042,2.618699282057446,0.055449446888652235,0.014293071695077769
6114.0,244.56,1.0,16.024158056550014,-26.795024997975514,16.024158056550014,-26.795024997975514,2.6238470402281786,0.058467375136292944,0.011242322171410283
6115.0,244.6,1.0,15.862924640497303,-26.889123295548437,15.862924640497303,-26.889123295548437,2.6290052447366365,0.060798746897760415,0.007990452207048892
6116.0,244.64000000000001,1.0,15.702384999146554,-26.98186023100244,15.702384999146554,-26.98186023100244,2.634178485427108,0.06237000705488349,0.004610509270660003
6117.0,244.68,1.0,15.540323481751582,-27.07356584593104,15.540323481751582,-27.07356584593104,2.6393685779731264,0.06313218434596765,0.0011795731274281181
6118.0,244.72,1.0,15.37951551261385,-27.164025481236205,15.37951551261385,-27.164025481236205,2.644577410175816,0.06306190822019617,-0.00222341424070791
6119.0,244.76,1.0,15.217115277125753,-27.25458485474394,15.217115277125753,-27.25458485474394,2.649805206463048,0.06215841179387669,-0.005519010491668089
6120.0,244.8,1.0,15.055870285631215,-27.344460785715984,15.055870285631215,-27.344460785715984,2.6550522944127914,0.060448105359789686,-0.008629252604475062
6121.0,244.84,1.0,14.894691983380223,-27.43269465549752,14.894691983380223,-27.43269465549752,2.6603177810672527,0.05799062486588147,-0.01147969200354088
6122.0,244.88,1.0,14.733103727233399,-27.52003900060735,14.733103727233399,-27.52003900060735,2.665600594176309,0.05487076591425866,-0.014001850882840342
6123.0,244.92000000000002,1.0,14.572266964808728,-27.604782025906076,14.572266964808728,-27.604782025906076,2.670899630164441,0.051193309505788175,-0.016134338933428423
6124.0,244.96,1.0,14.410692989787076,-27.68790658637372,14.410692989787076,-27.68790658637372,2.6762137793878824,0.04708308454303549,-0.017824707206058662
6125.0,245.0,1.0,14.251777540093823,-27.770460032798375,14.251777540093823,-27.770460032798375,2.6815419576032036,0.04267577041336081,-0.019030638262363633
6126.0,245.04,1.0,14.089627743773727,-27.850487345130365,14.089627743773727,-27.850487345130365,2.686881959224033,0.03812524351314117,-0.019721884752827563
6127.0,245.08,1.0,13.928758848824362,-27.92890153043091,13.928758848824362,-27.92890153043091,2.6922315696862413,0.03359038937578769,-0.019881151990860192
6128.0,245.12,1.0,13.765819827279993,-28.00661345628658,13.765819827279993,-28.00661345628658,2.697589358325929,0.029225360094807362,-0.01950482820933564
6129.0,245.16,1.0,13.603198636975,-28.08328024653749,13.603198636975,-28.08328024653749,2.7029545692544485,0.025175624037730104,-0.01860325148875008
6130.0,245.20000000000002,1.0,13.43863216174169,-28.158891982809344,13.43863216174169,-28.158891982809344,2.7083275353635727,0.021581873627933644,-0.017201249332475008
6131.0,245.24,1.0,13.273979672098472,-28.234044441249363,13.273979672098472,-28.234044441249363,2.713708765709117,0.018568457288252516,-0.015337846319046246
6132.0,245.28,1.0,13.107799715619436,-28.309200251579746,13.107799715619436,-28.309200251579746,2.7191000132867984,0.016229700681819503,-0.013065233691281028
6133.0,245.32,1.0,12.941795948075612,-28.38291157701339,12.941795948075612,-28.38291157701339,2.724503151810752,0.014633773469830635,-0.010447267838468163
6134.0,245.36,1.0,12.77521767432148,-28.45470751224233,12.77521767432148,-28.45470751224233,2.729920429681584,0.013819333763236874,-0.007558115822135112
6135.0,245.4,1.0,12.607693260048784,-28.52488364443756,12.607693260048784,-28.52488364443756,2.735353138669608,0.013796088344086254,-0.004480451889211662
6136.0,245.44,1.0,12.438048085502446,-28.594388284945644,12.438048085502446,-28.594388284945644,2.740802118301622,0.014546140399115327,-0.0013036019841127133
6137.0,245.48000000000002,1.0,12.268608758802824,-28.662463274789786,12.268608758802824,-28.662463274789786,2.7462691234889673,0.016019919457106856,0.0018793714835285166
6138.0,245.52,1.0,12.09770434409143,-28.730154073210628,12.09770434409143,-28.730154073210628,2.7517554856782063,0.018141135856526304,0.004974411644730915
6139.0,245.56,1.0,11.927172652593526,-28.795791240860403,11.927172652593526,-28.795791240860403,2.7572618190166627,0.020813051548561612,0.007889437665717914
6140.0,245.6,1.0,11.756502894328452,-28.860976475669236,11.756502894328452,-28.860976475669236,2.7627870563749366,0.02392255384104447,0.010537015976901752
6141.0,245.64000000000001,1.0,11.585199856833134,-28.92524190201367,11.585199856833134,-28.92524190201367,2.7683288729990556,0.027332517041956585,0.0128373014255378
6142.0,245.68,1.0,11.413969570880306,-28.98896383653414,11.413969570880306,-28.98896383653414,2.7738837017442224,0.030899452778216596,0.014721002095123397
6143.0,245.72,1.0,11.24189304032562,-29.053377268957206,11.24189304032562,-29.053377268957206,2.779446128216764,0.034485432912943016,0.01613151125845456
6144.0,245.76,1.0,11.071020603445959,-29.11691340751538,11.071020603445959,-29.11691340751538,2.7850095950962985,0.0379572446021738,0.017026934642737794
6145.0,245.8,1.0,10.897624997024215,-29.17883433118866,10.897624997024215,-29.17883433118866,2.7905658473596953,0.04119069432991727,0.01738123473928596
6146.0,245.84,1.0,10.727387201428087,-29.24041275068666,10.727387201428087,-29.24041275068666,2.7961077681777557,0.04407228202237867,0.01718538894024531
6147.0,245.88,1.0,10.556358768995862,-29.30103503963783,10.556358768995862,-29.30103503963783,2.801628405984732,0.04650769367014338,0.016448124300221842
6148.0,245.92000000000002,1.0,10.386521574690128,-29.36175565617985,10.386521574690128,-29.36175565617985,2.8071213242682416,0.04842712119390709,0.015195568569807355
6149.0,245.96,1.0,10.215897013624605,-29.421700438197707,10.215897013624605,-29.421700438197707,2.812580959094116,0.049789711353107724,0.01347022561948096
6150.0,246.0,1.0,10.046161316163538,-29.480943089863324,10.046161316163538,-29.480943089863324,2.818003655381749,0.05057676879832995,0.0113293396297224
6151.0,246.04,1.0,9.876774001379918,-29.53978850584742,9.876774001379918,-29.53978850584742,2.823387810905767,0.05079147432239393,0.008843336610192628
6152.0,246.08,1.0,9.70787263999888,-29.597494934888754,9.70787263999888,-29.597494934888754,2.8287338377444535,0.050468282526995846,0.006093634341635743
6153.0,246.12,1.0,9.53922989208598,-29.65522520431893,9.53922989208598,-29.65522520431893,2.8340445589870424,0.04965986313874926,0.0031695127219701818
6154.0,246.16,1.0,9.369568231692488,-29.710552963095743,9.369568231692488,-29.710552963095743,2.8393245819407804,0.04843222147439339,0.00016485917286205854
6155.0,246.20000000000002,1.0,9.199759645453069,-29.766952446179566,9.199759645453069,-29.766952446179566,2.844581018481397,0.04686511835534737,-0.0028252676746545256
6156.0,246.24,1.0,9.03079010384641,-29.821367112470075,9.03079010384641,-29.821367112470075,2.8498231829756957,0.04505213747635217,-0.005707112578298529
6157.0,246.28,1.0,8.861519794754683,-29.874519749277162,8.861519794754683,-29.874519749277162,2.8550601206914092,0.043092753554925964,-0.008391804069655067
6158.0,246.32,1.0,8.691868952685322,-29.92510725984051,8.691868952685322,-29.92510725984051,2.8603016084821427,0.041084296581640166,-0.010798509083067901
6159.0,246.36,1.0,8.522441243865254,-29.974785060770035,8.522441243865254,-29.974785060770035,2.865556751547248,0.03911523994475585,-0.01285732315854397
6160.0,246.4,1.0,8.352400353337774,-30.02329465572579,8.352400353337774,-30.02329465572579,2.870834536310375,0.03726138945988855,-0.014510739003125123
6161.0,246.44,1.0,8.18175769233731,-30.070962664876028,8.18175769233731,-30.070962664876028,2.8761423691589814,0.03559281360204618,-0.01571519991908787
6162.0,246.48000000000002,1.0,8.009888157619658,-30.11726017260448,8.009888157619658,-30.11726017260448,2.8814869470679585,0.03416621677391718,-0.016442677356101817
6163.0,246.52,1.0,7.838098753005487,-30.1617584698965,7.838098753005487,-30.1617584698965,2.8868727964922014,0.033014702930707206,-0.016681809191726675
6164.0,246.56,1.0,7.665634846524353,-30.20534764988276,7.665634846524353,-30.20534764988276,2.8923022880699247,0.03215379588095402,-0.016437914196345764
6165.0,246.6,1.0,7.494647385718215,-30.248771531763254,7.494647385718215,-30.248771531763254,2.8977769643477123,0.03158251298495653,-0.015731917914748268
6166.0,246.64000000000001,1.0,7.322107507965162,-30.290801925849017,7.322107507965162,-30.290801925849017,2.903295582537255,0.03128258218543387,-0.014599363987083424
6167.0,246.68,1.0,7.149304934175835,-30.33210798280458,7.149304934175835,-30.33210798280458,2.908855819611042,0.03121529773801368,-0.013089871221855587
6168.0,246.72,1.0,6.975783038887914,-30.3720822310111,6.975783038887914,-30.3720822310111,2.9144548528685776,0.03133014431810832,-0.011264770288606766
6169.0,246.76000000000002,1.0,6.803162174230371,-30.41098388818866,6.803162174230371,-30.41098388818866,2.9200899369247457,0.0315662793829782,-0.009194662949726142
6170.0,246.8,1.0,6.629614799044724,-30.448217784607557,6.629614799044724,-30.448217784607557,2.925758769546388,0.03185717186256345,-0.0069565369342024005
6171.0,246.84,1.0,6.456648768296871,-30.484709348418512,6.456648768296871,-30.484709348418512,2.93145942350727,0.032131702815181205,-0.004632314146241016
6172.0,246.88,1.0,6.283266898665719,-30.51933660507887,6.283266898665719,-30.51933660507887,2.9371904623533798,0.03231262637019485,-0.0023060057664496905
6173.0,246.92000000000002,1.0,6.1098868835500015,-30.552443516926665,6.1098868835500015,-30.552443516926665,2.942949903562187,0.03232614899907813,-6.0991365739779255e-05
6174.0,246.96,1.0,5.936291425334845,-30.585990665566623,5.936291425334845,-30.585990665566623,2.9487373145746414,0.03211135281634594,0.002023177618567843
6175.0,247.0,1.0,5.763599923575012,-30.616745968768363,5.763599923575012,-30.616745968768363,2.9545526974361414,0.03161417237519426,0.003873003990485721
6176.0,247.04,1.0,5.589877420218906,-30.646511516184184,5.589877420218906,-30.646511516184184,2.960396376111369,0.030787209980287035,0.005422541188096619
6177.0,247.08,1.0,5.416851292236286,-30.676451487553503,5.416851292236286,-30.676451487553503,2.966270703060813,0.029593868176190717,0.006615521635915983
6178.0,247.12,1.0,5.244942301444123,-30.705654444437585,5.244942301444123,-30.705654444437585,2.972178050375145,0.028013018074150263,0.007407874369680779
6179.0,247.16,1.0,5.071272722527721,-30.734435358915043,5.071272722527721,-30.734435358915043,2.9781216294421324,0.02603306891587569,0.007768868499148607
6180.0,247.20000000000002,1.0,4.898467453982611,-30.76244757316016,4.898467453982611,-30.76244757316016,2.98410276021328,0.023655944337321478,0.00768151133814364
6181.0,247.24,1.0,4.726802679585777,-30.790570385828666,4.726802679585777,-30.790570385828666,2.990121942510161,0.02089249255235661,0.007142897910804693
6182.0,247.28,1.0,4.555265950558265,-30.81589024181393,4.555265950558265,-30.81589024181393,2.996177071575212,0.01776361110307123,0.006165290671196311
6183.0,247.32,1.0,4.383085715289641,-30.842015107441664,4.383085715289641,-30.842015107441664,3.002265591589831,0.01429663109525441,0.004775407958137767
6184.0,247.36,1.0,4.2119299171444835,-30.866080505749856,4.2119299171444835,-30.866080505749856,3.008384482172009,0.010520633478365538,0.0030139416087874744
6185.0,247.4,1.0,4.038855679078664,-30.889588461108286,4.038855679078664,-30.889588461108286,3.0145292241815604,0.006463443785290446,0.0009340238871319289
6186.0,247.44,1.0,3.866922245064294,-30.912643300591633,3.866922245064294,-30.912643300591633,3.0206958886482713,0.0021562808736743655,-0.0013996717985877254
6187.0,247.48000000000002,1.0,3.6941641682605884,-30.93570658324054,3.6941641682605884,-30.93570658324054,3.0268799728115887,-0.002367586392636167,-0.003912208074729396
6188.0,247.52,1.0,3.5218515892300744,-30.957870368144654,3.5218515892300744,-30.957870368144654,3.033075830702074,-0.007078678762482538,-0.006520493259473739
6189.0,247.56,1.0,3.349085704567224,-30.97899296949941,3.349085704567224,-30.97899296949941,3.0392771425091363,-0.011955830303524363,-0.009136233756530235
6190.0,247.6,1.0,3.1772460402711014,-30.99949142442,3.1772460402711014,-30.99949142442,3.0454761183278976,-0.016978061892381557,-0.011668643931041726
6191.0,247.64000000000001,1.0,3.0037257706583933,-31.018042235534164,3.0037257706583933,-31.018042235534164,3.0516663205533052,-0.02213088748987537,-0.01402642806158566
6192.0,247.68,1.0,2.830589610953301,-31.03511135659064,2.830589610953301,-31.03511135659064,3.057841128768948,-0.027400881614674445,-0.016120859560513144
6193.0,247.72,1.0,2.6566628906389043,-31.051308097174207,2.6566628906389043,-31.051308097174207,3.063997257146649,-0.03277891600104506,-0.017869049340901538
6194.0,247.76000000000002,1.0,2.4826252993691837,-31.065880847531254,2.4826252993691837,-31.065880847531254,3.0701316818782827,-0.03825467918881611,-0.01919640429107937
6195.0,247.8,1.0,2.307534145346735,-31.080798964527776,2.307534145346735,-31.080798964527776,3.07624349774095,-0.04381622365832618,-0.02003921927394958
6196.0,247.84,1.0,2.1336214007019536,-31.094552372511117,2.1336214007019536,-31.094552372511117,3.082333342762472,-0.049449407480310105,-0.020346698752246494
6197.0,247.88,1.0,1.9586299328909231,-31.105460351541883,1.9586299328909231,-31.105460351541883,3.0884014529580632,-0.05513931587198009,-0.020083293463421126
6198.0,247.92000000000002,1.0,1.7833569647477057,-31.115593273422224,1.7833569647477057,-31.115593273422224,3.094448669723957,-0.06086406007698499,-0.01923039815632639
6199.0,247.96,1.0,1.6090461355470111,-31.122568038721056,1.6090461355470111,-31.122568038721056,3.1004753799684943,-0.06659182081943878,-0.01778756965608897
6200.0,248.0,1.0,1.4330259915884462,-31.127869694854798,1.4330259915884462,-31.127869694854798,3.1064831490982874,-0.07228155279540054,-0.015772839019708773
6201.0,248.04,1.0,1.2570795485879414,-31.130628615853567,1.2570795485879414,-31.130628615853567,3.1124740034798206,-0.07788758285739625,-0.013222471139611369
6202.0,248.08,1.0,1.081993575222397,-31.133940880126307,1.081993575222397,-31.133940880126307,3.118450241581717,-0.08335751251544836,-0.010190943359034671
6203.0,248.12,1.0,0.9064980862993407,-31.13447185571847,0.9064980862993407,-31.13447185571847,3.124415185721073,-0.08863147391203845,-0.006749082444569454
6204.0,248.16,1.0,0.7300905543969588,-31.134462994565446,0.7300905543969588,-31.134462994565446,3.1303702456217115,-0.09364009637051876,-0.002982156632165378
6205.0,248.20000000000002,1.0,0.5543524469694439,-31.1338029897541,0.5543524469694439,-31.1338029897541,3.136317241813684,-0.09831161475283179,0.0010126714031807086
6206.0,248.24,1.0,0.37595671931165997,-31.13109966015609,0.37595671931165997,-31.13109966015609,3.1422552095790905,-0.10256898197939834,0.00512900364533161
6207.0,248.28,1.0,0.19891905564007661,-31.12668624044157,0.19891905564007661,-31.12668624044157,3.148181535878087,-0.10633469535955394,0.009254419989430393
6208.0,248.32,1.0,0.02036769358827085,-31.120441071471458,0.02036769358827085,-31.120441071471458,3.1540925242508355,-0.10953008969466298,0.013273951538154175
6209.0,248.36,1.0,-0.15986253418204335,-31.112608239333657,-0.15986253418204335,-31.112608239333657,3.159983087717646,-0.11208491016740736,0.017073736627881232
6210.0,248.4,1.0,-0.33939635072489527,-31.10574122417308,-0.33939635072489527,-31.10574122417308,3.165849254621612,-0.11393986221874604,0.020544871235167485
6211.0,248.44,1.0,-0.5205645167423547,-31.097002462762504,-0.5205645167423547,-31.097002462762504,3.171685939954549,-0.1150419548778995,0.023586855354326915
6212.0,248.48000000000002,1.0,-0.7022125446336874,-31.08920445952698,-0.7022125446336874,-31.08920445952698,3.177489765938342,-0.1153503585185081,0.026110805727976368
6213.0,248.52,1.0,-0.8847584901254377,-31.07984622349568,-0.8847584901254377,-31.07984622349568,3.183256204096112,-0.11483656139851055,0.02804277192642566
6214.0,248.56,1.0,-1.0676958270364465,-31.070582241556348,-1.0676958270364465,-31.070582241556348,3.18898073028055,-0.1134903250816579,0.02932569209873819
6215.0,248.6,1.0,-1.2510037381090973,-31.059142822910708,-1.2510037381090973,-31.059142822910708,3.1946591768304735,-0.11131999985840506,0.029921554035803422
6216.0,248.64000000000001,1.0,-1.4354922876773266,-31.047478829020285,-1.4354922876773266,-31.047478829020285,3.200286581357532,-0.10834957101565715,0.02981222099266413
6217.0,248.68,1.0,-1.620602547289706,-31.0358517208878,-1.620602547289706,-31.0358517208878,3.2058600547839995,-0.10462059477030168,0.02900032347313199
6218.0,248.72,1.0,-1.8057489611490247,-31.023126507099896,-1.8057489611490247,-31.023126507099896,3.2113780090393105,-0.10019333842194807,0.027508693388905957
6219.0,248.76000000000002,1.0,-1.9919391062257095,-31.010880925659784,-1.9919391062257095,-31.010880925659784,3.2168417948898416,-0.09514418631722688,0.025379705688740546
6220.0,248.8,1.0,-2.1773873337180354,-30.997860906007123,-2.1773873337180354,-30.997860906007123,3.222255526700527,-0.08955981077249545,0.02267364848451431
6221.0,248.84,1.0,-2.3633626966169907,-30.984632542329585,-2.3633626966169907,-30.984632542329585,3.2276245247138804,-0.08353687783497972,0.0194665333767367
6222.0,248.88,1.0,-2.5506590759169874,-30.970060519198746,-2.5506590759169874,-30.970060519198746,3.2329560551954915,-0.07718162465093867,0.015847814670890713
6223.0,248.92000000000002,1.0,-2.7382808346372745,-30.954900719791347,-2.7382808346372745,-30.954900719791347,3.238256480218925,-0.07060431291611931,0.011917359578636258
6224.0,248.96,1.0,-2.9267683984121913,-30.939287473308276,-2.9267683984121913,-30.939287473308276,3.2435344404883453,-0.06391481475630974,0.0077820486008842215
6225.0,249.0,1.0,-3.1154669876056778,-30.922242730087174,-3.1154669876056778,-30.922242730087174,3.248798432441567,-0.05721913455922165,0.0035524226006665204
6226.0,249.04,1.0,-3.303186296327495,-30.904342248348684,-3.303186296327495,-30.904342248348684,3.2540583999122177,-0.050621207159243606,-0.0006611582704305699
6227.0,249.08,1.0,-3.4921429820632546,-30.884879313502022,-3.4921429820632546,-30.884879313502022,3.2593259284480034,-0.044215861716073834,-0.004751666191689885
6228.0,249.12,1.0,-3.6803385808430837,-30.865251998713926,-3.6803385808430837,-30.865251998713926,3.264613095488285,-0.038092437257576314,-0.008619070219015972
6229.0,249.16,1.0,-3.868159417610039,-30.84527349404633,-3.868159417610039,-30.84527349404633,3.2699332343951006,-0.032325001209149384,-0.012172616922171966
6230.0,249.20000000000002,1.0,-4.057913780051159,-30.822327078469264,-4.057913780051159,-30.822327078469264,3.2752979514996867,-0.026977763811925848,-0.01533351202675938
6231.0,249.24,1.0,-4.245235523809154,-30.8009066981415,-4.245235523809154,-30.8009066981415,3.280717669830524,-0.02210531487076235,-0.018036572219884153
6232.0,249.28,1.0,-4.433293926984608,-30.77565141769175,-4.433293926984608,-30.77565141769175,3.2862003014835524,-0.017748129266352164,-0.02023197108590044
6233.0,249.32,1.0,-4.620393412029767,-30.74978453213988,-4.620393412029767,-30.74978453213988,3.2917525663184293,-0.013934072510219542,-0.021886454785263392
6234.0,249.36,1.0,-4.807293202568038,-30.721901114770635,-4.807293202568038,-30.721901114770635,3.2973802096192615,-0.010681152766159352,-0.02298361242255547
6235.0,249.4,1.0,-4.9934699596551795,-30.69242050533856,-4.9934699596551795,-30.69242050533856,3.3030867550811096,-0.008000588117542251,-0.023523680650212896
6236.0,249.44,1.0,-5.178482989112259,-30.661416563834774,-5.178482989112259,-30.661416563834774,3.3088750844658414,-0.005895093723082545,-0.023522700976880834
6237.0,249.48000000000002,1.0,-5.362308855492665,-30.62887625468877,-5.362308855492665,-30.62887625468877,3.314746178150363,-0.004357542430072558,-0.02301144818974313
6238.0,249.52,1.0,-5.547119210970162,-30.59583184291488,-5.547119210970162,-30.59583184291488,3.3206996078922373,-0.0033788277785622876,-0.022033763316133388
6239.0,249.56,1.0,-5.731458576673708,-30.56162133972665,-5.731458576673708,-30.56162133972665,3.3267328132777036,-0.0029451645488436816,-0.020644248920997216
6240.0,249.6,1.0,-5.916119828775685,-30.52654701665181,-5.916119828775685,-30.52654701665181,3.3328402649593634,-0.0030413583798727826,-0.018906414139538797
6241.0,249.64000000000001,1.0,-6.101452338925774,-30.488609088972304,-6.101452338925774,-30.488609088972304,3.3390150312062437,-0.0036460472286536706,-0.016890247021191573
6242.0,249.68,1.0,-6.286291734175753,-30.450434647287857,-6.286291734175753,-30.450434647287857,3.345248531675466,-0.004734555778905825,-0.014670277308262166
6243.0,249.72,1.0,-6.470728016527721,-30.410847642301142,-6.470728016527721,-30.410847642301142,3.3515329235247053,-0.006278822458333044,-0.01232235555221224
6244.0,249.76000000000002,1.0,-6.654723308581142,-30.36993140230739,-6.654723308581142,-30.36993140230739,3.3578594626067213,-0.008252775204183216,-0.009921366534186935
6245.0,249.8,1.0,-6.838833236377094,-30.327282517103804,-6.838833236377094,-30.327282517103804,3.364220015780014,-0.010624861926357476,-0.007539139691221522
6246.0,249.84,1.0,-7.022585057011723,-30.28430196076482,-7.022585057011723,-30.28430196076482,3.370607146123497,-0.01335857076552376,-0.005242720906955887
6247.0,249.88,1.0,-7.205697369557673,-30.24054762642619,-7.205697369557673,-30.24054762642619,3.377013861656389,-0.01641845464569893,-0.003092514108726698
6248.0,249.92000000000002,1.0,-7.388933148871499,-30.19568083221469,-7.388933148871499,-30.19568083221469,3.38343339333113,-0.01976755612267229,-0.001140260752036018
6249.0,249.96,1.0,-7.570413092469669,-30.14922742518048,-7.570413092469669,-30.14922742518048,3.389858472614949,-0.023361655698473482,0.0005719506024861126
6250.0,250.0,1.0,-7.7516527698989774,-30.101583988691306,-7.7516527698989774,-30.101583988691306,3.396282487898896,-0.02714773086779021,0.002012235625726222
6251.0,250.04,1.0,-7.933307190129577,-30.051475143632523,-7.933307190129577,-30.051475143632523,3.402699736007924,-0.031070116076160902,0.0031592097434854096
6252.0,250.08,1.0,-8.114554209008576,-30.002537113583333,-8.114554209008576,-30.002537113583333,3.409106266955503,-0.035072860057651534,0.004002375572774929
6253.0,250.12,1.0,-8.295395172116908,-29.951805641224475,-8.295395172116908,-29.951805641224475,3.415499034510913,-0.039095806915490305,0.004542271100544285
6254.0,250.16,1.0,-8.47521263140111,-29.90106842160904,-8.47521263140111,-29.90106842160904,3.4218754172990726,-0.04307841944275994,0.004788988689630775
6255.0,250.20000000000002,1.0,-8.655819285451626,-29.84866754655247,-8.655819285451626,-29.84866754655247,3.428233433445185,-0.04695459329994822,0.004761534613575728
6256.0,250.24,1.0,-8.837080583118043,-29.79567471643214,-8.837080583118043,-29.79567471643214,3.434571287186428,-0.050661079287561986,0.004487093445964908
6257.0,250.28,1.0,-9.018250384214594,-29.741558385211675,-9.018250384214594,-29.741558385211675,3.440886765172298,-0.05413920439358895,0.004000456681554339
6258.0,250.32,1.0,-9.199041009658128,-29.686554166311073,-9.199041009658128,-29.686554166311073,3.4471773109385517,-0.057330215492005364,0.0033419738112105356
6259.0,250.36,1.0,-9.380178578225149,-29.628984804384977,-9.380178578225149,-29.628984804384977,3.453440659765806,-0.06017690398989071,0.0025555841645195287
6260.0,250.4,1.0,-9.56042231809369,-29.569511412562626,-9.56042231809369,-29.569511412562626,3.4596754364792632,-0.06263387362898432,0.0016872682614977028
6261.0,250.44,1.0,-9.741202099834625,-29.510621162882252,-9.741202099834625,-29.510621162882252,3.4658814832037756,-0.06466897584806845,0.00078393586058264
6262.0,250.48000000000002,1.0,-9.92299905754924,-29.44994124319386,-9.92299905754924,-29.44994124319386,3.4720600469250735,-0.06625543283296798,-0.00010773790435136196
6263.0,250.52,1.0,-10.10394028841503,-29.38818505516475,-10.10394028841503,-29.38818505516475,3.478212205464074,-0.06737726613562056,-0.000943457136560396
6264.0,250.56,1.0,-10.285987913322469,-29.325256375458657,-10.285987913322469,-29.325256375458657,3.48433976616971,-0.06803318865970873,-0.0016828372487279462
6265.0,250.6,1.0,-10.467792610236605,-29.261952879540114,-10.467792610236605,-29.261952879540114,3.4904442377059177,-0.06823761574779372,-0.0022899089650371537
6266.0,250.64000000000001,1.0,-10.648679448901735,-29.196583640375035,-10.648679448901735,-29.196583640375035,3.4965274616057087,-0.06802023812652372,-0.0027338591066123448
6267.0,250.68,1.0,-10.829161600219797,-29.128588578288493,-10.829161600219797,-29.128588578288493,3.502590608360234,-0.06742024239806017,-0.002990362065349815
6268.0,250.72,1.0,-11.010628473501622,-29.058634487649023,-11.010628473501622,-29.058634487649023,3.508635540016276,-0.0664838101238601,-0.0030427248106862682
6269.0,250.76000000000002,1.0,-11.191532222651,-28.987933610426904,-11.191532222651,-28.987933610426904,3.5146638953551124,-0.06526653591217384,-0.0028813278164872016
6270.0,250.8,1.0,-11.372632213233066,-28.916665564872496,-11.372632213233066,-28.916665564872496,3.5206775879345953,-0.0638360539402865,-0.0025036010608611714
6271.0,250.84,1.0,-11.551945154246727,-28.844425445157263,-11.551945154246727,-28.844425445157263,3.526678276852909,-0.06226137797780142,-0.0019140409846667198
6272.0,250.88,1.0,-11.730496966790438,-28.76987165784384,-11.730496966790438,-28.76987165784384,3.532665751366887,-0.0606125187701817,-0.001124607046112814
6273.0,250.92000000000002,1.0,-11.908476242586895,-28.694482035146223,-11.908476242586895,-28.694482035146223,3.5386380022656203,-0.058966705378095806,-0.00015433180693102955
6274.0,250.96,1.0,-12.087766511709674,-28.61659970952699,-12.087766511709674,-28.61659970952699,3.544592116629842,-0.05739818992694401,0.0009721181151139478
6275.0,251.0,1.0,-12.266780183044364,-28.538455757759817,-12.266780183044364,-28.538455757759817,3.5505247799120134,-0.055976246440011625,0.002225382547414409
6276.0,251.04,1.0,-12.445301863613485,-28.4587619374118,-12.445301863613485,-28.4587619374118,3.5564326573359133,-0.054762553020577046,0.003571778630843959
6277.0,251.08,1.0,-12.62522634415203,-28.3783553195087,-12.62522634415203,-28.3783553195087,3.5623125251938155,-0.05381287215552488,0.0049736186337018705
6278.0,251.12,1.0,-12.803912414049956,-28.297075675919928,-12.803912414049956,-28.297075675919928,3.5681625779247406,-0.053177091987063795,0.006390934279310078
6279.0,251.16,1.0,-12.981892312999374,-28.214503202685744,-12.981892312999374,-28.214503202685744,3.573981450319576,-0.05290044747448763,0.007782644576757215
6280.0,251.20000000000002,1.0,-13.160184557921815,-28.130978166821098,-13.160184557921815,-28.130978166821098,3.5797697113098033,-0.053019000378978554,0.009107093818798078
6281.0,251.24,1.0,-13.337888568138334,-28.045575593647737,-13.337888568138334,-28.045575593647737,3.5855279657245327,-0.05355694341282975,0.010322987190937574
6282.0,251.28,1.0,-13.513263900874477,-27.95997142136202,-13.513263900874477,-27.95997142136202,3.5912575111485943,-0.05453541417100669,0.01139074448801563
6283.0,251.32,1.0,-13.689494724788423,-27.873033271446246,-13.689494724788423,-27.873033271446246,3.5969614853959535,-0.05596867535465548,0.012273760684750544
6284.0,251.36,1.0,-13.863724482557927,-27.78517804368309,-13.863724482557927,-27.78517804368309,3.6026449800623164,-0.05786218833500487,0.012939054162394367
6285.0,251.4,1.0,-14.03791687047703,-27.695855023335497,-14.03791687047703,-27.695855023335497,3.6083149097208462,-0.06021694595739158,0.013357721639811198
6286.0,251.44,1.0,-14.212664425693925,-27.60569638013488,-14.212664425693925,-27.60569638013488,3.6139785717353385,-0.06302973484547081,0.01350568215516466
6287.0,251.48000000000002,1.0,-14.387262305526937,-27.515541199830828,-14.387262305526937,-27.515541199830828,3.6196440965967334,-0.06629099404216769,0.01336483886423594
6288.0,251.52,1.0,-14.561071725065824,-27.424702448830317,-14.561071725065824,-27.424702448830317,3.6253192612503233,-0.06998633918335384,0.012924074813065808
6289.0,251.56,1.0,-14.735645461468824,-27.33322258512801,-14.735645461468824,-27.33322258512801,3.6310107833656415,-0.07410085957795229,0.012178896025949057
6290.0,251.6,1.0,-14.909038449558139,-27.24002753652426,-14.909038449558139,-27.24002753652426,3.6367239629812644,-0.07861358168606962,0.011131948251738376
6291.0,251.64000000000001,1.0,-15.082988540514567,-27.145044579233637,-15.082988540514567,-27.145044579233637,3.6424619330206647,-0.08350081162400129,0.009793353738169027
6292.0,251.68,1.0,-15.25716501625439,-27.048243533608563,-15.25716501625439,-27.048243533608563,3.6482277581820357,-0.08873718171315984,0.008180949424029221
6293.0,251.72,1.0,-15.431702689911765,-26.951092436369027,-15.431702689911765,-26.951092436369027,3.6540239749022114,-0.09428711626051829,0.006319689062642205
6294.0,251.76000000000002,1.0,-15.605339326634612,-26.85490874572156,-15.605339326634612,-26.85490874572156,3.6598523655080912,-0.10011285797318523,0.004241663843492187
6295.0,251.8,1.0,-15.779496426906444,-26.75662539537783,-15.779496426906444,-26.75662539537783,3.665713434314972,-0.10616848492692159,0.0019857102399170557
6296.0,251.84,1.0,-15.953273560437173,-26.65804642958995,-15.953273560437173,-26.65804642958995,3.6716061317113455,-0.11240062012596763,-0.0004035307004223037
6297.0,251.88,1.0,-16.1255370329325,-26.55832907255828,-16.1255370329325,-26.55832907255828,3.6775292787432354,-0.11874402369655768,-0.002876813283548472
6298.0,251.92000000000002,1.0,-16.298896810920354,-26.456552781138697,-16.298896810920354,-26.456552781138697,3.6834806914514515,-0.12513177223105224,-0.005381462483946248
6299.0,251.96,1.0,-16.472179581301,-26.35599238945939,-16.472179581301,-26.35599238945939,3.6894587847555647,-0.13148603629702535,-0.007862627687864035
6300.0,252.0,1.0,-16.644597601547332,-26.253420022315275,-16.644597601547332,-26.253420022315275,3.695462277254169,-0.13771969163525483,-0.010264320482093489
6301.0,252.04,1.0,-16.816792251912347,-26.150478962551443,-16.816792251912347,-26.150478962551443,3.701491758103534,-0.1437423413005842,-0.012531395303308036
6302.0,252.08,1.0,-16.990494963945704,-26.04477547728073,-16.990494963945704,-26.04477547728073,3.7075496296154045,-0.14946196055028516,-0.014611450843310402
6303.0,252.12,1.0,-17.163160820315206,-25.938225726434723,-17.163160820315206,-25.938225726434723,3.7136391678128136,-0.1547791009390231,-0.01645641548943532
6304.0,252.16,1.0,-17.335824426169975,-25.82965232322021,-17.335824426169975,-25.82965232322021,3.719764331931015,-0.15959381485873605,-0.01802360669433259
6305.0,252.20000000000002,1.0,-17.50828677340602,-25.718514486995883,-17.50828677340602,-25.718514486995883,3.7259294423090616,-0.163800533676924,-0.01927781290937144
6306.0,252.24,1.0,-17.680085655192208,-25.60458389201317,-17.680085655192208,-25.60458389201317,3.732139303289582,-0.16729972166819737,-0.020192594366142944
6307.0,252.28,1.0,-17.85203565311793,-25.490122601802316,-17.85203565311793,-25.490122601802316,3.738399660841238,-0.16999739036089498,-0.02075086503034738
6308.0,252.32,1.0,-18.022607734128282,-25.373194876128895,-18.022607734128282,-25.373194876128895,3.7447159228839517,-0.17181378322525973,-0.02094525457573381
6309.0,252.36,1.0,-18.192766696293212,-25.25415582440656,-18.192766696293212,-25.25415582440656,3.7510943639561645,-0.17266933254633923,-0.020779031577863434
6310.0,252.4,1.0,-18.364141471728804,-25.133387709431485,-18.364141471728804,-25.133387709431485,3.7575403406975347,-0.17250447813345277,-0.02026628878404582
6311.0,252.44,1.0,-18.535257199457302,-25.011828474632356,-18.535257199457302,-25.011828474632356,3.7640590447562814,-0.17127216600377076,-0.01943122838205062
6312.0,252.48000000000002,1.0,-18.7067471369284,-24.889346182026184,-18.7067471369284,-24.889346182026184,3.770653566630925,-0.16894186299466535,-0.018306757543352183
6313.0,252.52,1.0,-18.87770490256463,-24.765318958172138,-18.87770490256463,-24.765318958172138,3.7773246657931425,-0.16549546166751197,-0.01693316514156585
6314.0,252.56,1.0,-19.0494408887432,-24.636857265101337,-19.0494408887432,-24.636857265101337,3.7840705983225043,-0.160941443235506,-0.015357096819524418
6315.0,252.6,1.0,-19.2196118509669,-24.506910696595206,-19.2196118509669,-24.506910696595206,3.7908869409971175,-0.15530717146993878,-0.013630129292967955
6316.0,252.64000000000001,1.0,-19.391396615073084,-24.37460139081781,-19.391396615073084,-24.37460139081781,3.7977678911228194,-0.1486418822618966,-0.01180611519820443
6317.0,252.68,1.0,-19.561649745479166,-24.240312237636026,-19.561649745479166,-24.240312237636026,3.8047056907157923,-0.14100806648065728,-0.009938665415515321
6318.0,252.72,1.0,-19.732551375206565,-24.10371883950949,-19.732551375206565,-24.10371883950949,3.8116906546395435,-0.1324855479118289,-0.008079649027540442
6319.0,252.76000000000002,1.0,-19.90114795351861,-23.966043405751993,-19.90114795351861,-23.966043405751993,3.8187120089898854,-0.12316640703172324,-0.0062774632574701785
6320.0,252.8,1.0,-20.07090384625161,-23.827665059232288,-20.07090384625161,-23.827665059232288,3.8257570972570227,-0.11316606292195848,-0.004574559745481451
6321.0,252.84,1.0,-20.239381905915046,-23.687866168371368,-20.239381905915046,-23.687866168371368,3.8328128984245557,-0.10260282749283325,-0.003005657969290413
6322.0,252.88,1.0,-20.40781485385925,-23.545744795936766,-20.40781485385925,-23.545744795936766,3.839864998530588,-0.09160467767673311,-0.0015970839876694135
6323.0,252.92000000000002,1.0,-20.575335469735357,-23.40346609563076,-20.575335469735357,-23.40346609563076,3.846899318186645,-0.08030177904237193,-0.00036652138836191714
6324.0,252.96,1.0,-20.743514645914388,-23.259666447229957,-20.743514645914388,-23.259666447229957,3.853902580156704,-0.06882970416998171,0.0006776901537052501
6325.0,253.0,1.0,-20.90976786665855,-23.115647853514652,-20.90976786665855,-23.115647853514652,3.8608630240110267,-0.057313605337374576,0.0015369745801133371
6326.0,253.04,1.0,-21.07708853135717,-22.97189521717008,-21.07708853135717,-22.97189521717008,3.86777192514631,-0.04587724662892345,0.0022219766481672482
6327.0,253.08,1.0,-21.241610489906922,-22.825118777967994,-21.241610489906922,-22.825118777967994,3.874621372955923,-0.03463984529840143,0.0027508536825792164
6328.0,253.12,1.0,-21.406783914301172,-22.678075330405033,-21.406783914301172,-22.678075330405033,3.881406549962641,-0.023715936911094037,0.0031473317240655815
6329.0,253.16,1.0,-21.57005717113326,-22.529048897057812,-21.57005717113326,-22.529048897057812,3.888124426340748,-0.013207292832585104,0.003439917820722561
6330.0,253.20000000000002,1.0,-21.732632720326016,-22.378135567819225,-21.732632720326016,-22.378135567819225,3.894774160699189,-0.0032014625140497355,0.0036603311476237784
6331.0,253.24,1.0,-21.894025872809998,-22.225777612397643,-21.894025872809998,-22.225777612397643,3.9013568624958466,0.006233076126442594,0.003841147139228159
6332.0,253.28,1.0,-22.05356820724696,-22.07210070504829,-22.05356820724696,-22.07210070504829,3.907875077950403,0.015039786796790277,0.0040133409796023
6333.0,253.32,1.0,-22.21207617224841,-21.917780794359558,-22.21207617224841,-21.917780794359558,3.914334449079939,0.02317934255543641,0.004205004554255218
6334.0,253.36,1.0,-22.368232131822747,-21.762945169288262,-22.368232131822747,-21.762945169288262,3.920741882248104,0.030629386243629875,0.004439984014735316
6335.0,253.4,1.0,-22.524075117113437,-21.608352212971877,-22.524075117113437,-21.608352212971877,3.9271062451726344,0.037386179292038,0.0047361103952379665
6336.0,253.44,1.0,-22.676700436843085,-21.451540255051917,-22.676700436843085,-21.451540255051917,3.9334366214608623,0.04345531835520659,0.005103848695128394
6337.0,253.48000000000002,1.0,-22.829844146597946,-21.295322145756113,-22.829844146597946,-21.295322145756113,3.939741063780007,0.04885817359641109,0.005545687675991083
6338.0,253.52,1.0,-22.980917759515922,-21.13762713261173,-22.980917759515922,-21.13762713261173,3.9460281808031468,0.053633873705329835,0.006056657019157098
6339.0,253.56,1.0,-23.131293608044906,-20.979632159911013,-23.131293608044906,-20.979632159911013,3.9523043844922547,0.05783234463569196,0.006624724627997486
6340.0,253.6,1.0,-23.279834022424545,-20.819649305051787,-23.279834022424545,-20.819649305051787,3.9585759166766623,0.061510085128790346,0.007230695825980671
6341.0,253.64000000000001,1.0,-23.426863708756336,-20.659459995128792,-23.426863708756336,-20.659459995128792,3.9648474796660684,0.06472701393575822,0.007848927433976513
6342.0,253.68,1.0,-23.572582971157203,-20.49920452944939,-23.572582971157203,-20.49920452944939,3.9711234209942874,0.06755098757276737,0.00844902324334015
6343.0,253.72,1.0,-23.717682499084635,-20.336961567558006,-23.717682499084635,-20.336961567558006,3.9774073579937186,0.07005208932391135,0.008998199114140262
6344.0,253.76000000000002,1.0,-23.861362186982294,-20.174721954740818,-23.861362186982294,-20.174721954740818,3.9837006664840353,0.0722987235774182,0.009462315656513037
6345.0,253.8,1.0,-24.004608961882308,-20.012187844729908,-24.004608961882308,-20.012187844729908,3.990004227120692,0.07435124589135164,0.009807600620420142
6346.0,253.84,1.0,-24.14450977527402,-19.84885979465566,-24.14450977527402,-19.84885979465566,3.9963159534116874,0.07626444237307568,0.010002483959691916
6347.0,253.88,1.0,-24.284976893972917,-19.686570911320366,-24.284976893972917,-19.686570911320366,4.002633927647454,0.07808585880508312,0.010019604007628894
6348.0,253.92000000000002,1.0,-24.423285696252556,-19.52249762508718,-24.423285696252556,-19.52249762508718,4.008955358967332,0.07985331461204312,0.009837293514828973
6349.0,253.96,1.0,-24.561685447962383,-19.357751988568726,-24.561685447962383,-19.357751988568726,4.01527719950812,0.08158796720668837,0.009440256125385005
6350.0,254.0,1.0,-24.698402058392418,-19.192800143994216,-24.698402058392418,-19.192800143994216,4.021597568111798,0.08330095291259583,0.008820495830546773
6351.0,254.04,1.0,-24.83528745913293,-19.026281848877453,-24.83528745913293,-19.026281848877453,4.027914663855034,0.08499390791753225,0.007978230102052198
6352.0,254.08,1.0,-24.9722527813101,-18.86073178592699,-24.9722527813101,-18.86073178592699,4.034228031011407,0.08665949761035481,0.006922343465764322
6353.0,254.12,1.0,-25.107296989411537,-18.693379674476088,-25.107296989411537,-18.693379674476088,4.040536964094441,0.08827152418256061,0.005669668120866585
6354.0,254.16,1.0,-25.24178559864339,-18.526293779839598,-25.24178559864339,-18.526293779839598,4.04684161804005,0.08979621946250058,0.004243776539814212
6355.0,254.20000000000002,1.0,-25.373560445338637,-18.35869904499386,-25.373560445338637,-18.35869904499386,4.053143128647244,0.09119198558859125,0.0026747390919784632
6356.0,254.24,1.0,-25.504175452179503,-18.19196997268312,-25.504175452179503,-18.19196997268312,4.0594430344210695,0.09241662704302409,0.0009980176956571989
6357.0,254.28,1.0,-25.6333239597332,-18.023221612896656,-25.6333239597332,-18.023221612896656,4.065745838071182,0.09341794006786927,-0.0007468013874263553
6358.0,254.32,1.0,-25.76066249502431,-17.855435190708967,-25.76066249502431,-17.855435190708967,4.072055885465365,0.09414287776421257,-0.00251816463566931
6359.0,254.36,1.0,-25.88765656877181,-17.68658766379127,-25.88765656877181,-17.68658766379127,4.0783800323237624,0.09453959093167053,-0.004273924194077534
6360.0,254.4,1.0,-26.013530490890712,-17.518338105281387,-26.013530490890712,-17.518338105281387,4.084725349084463,0.09456472639053873,-0.0059726631110152886
6361.0,254.44,1.0,-26.13845297528004,-17.348140553354643,-26.13845297528004,-17.348140553354643,4.091099230845382,0.0941807255639416,-0.007574982789473286
6362.0,254.48000000000002,1.0,-26.261298123906023,-17.178248860222578,-26.261298123906023,-17.178248860222578,4.097508909337352,0.09335512636280326,-0.009045083701840378
6363.0,254.52,1.0,-26.382106810398703,-17.0079856250812,-26.382106810398703,-17.0079856250812,4.103960215199989,0.09206213809118498,-0.010352171389965597
6364.0,254.56,1.0,-26.502157814086587,-16.83718632535355,-26.502157814086587,-16.83718632535355,4.110459086415741,0.09029164768098327,-0.011470878013651556
6365.0,254.6,1.0,-26.619708012096602,-16.664823102482085,-26.619708012096602,-16.664823102482085,4.1170094830840815,0.08804121725269269,-0.012381656305586955
6366.0,254.64000000000001,1.0,-26.736777015472637,-16.492842238908263,-26.736777015472637,-16.492842238908263,4.123614974569865,0.0853182975128814,-0.013071615787909423
6367.0,254.68,1.0,-26.851337009457023,-16.320064244945563,-26.851337009457023,-16.320064244945563,4.130277579355881,0.08213991890952739,-0.013534725453759753
6368.0,254.72,1.0,-26.96516573185645,-16.147031130080684,-26.96516573185645,-16.147031130080684,4.136997251106234,0.07854288377465841,-0.013771739635622223
6369.0,254.76000000000002,1.0,-27.07764128623349,-15.974066599179247,-27.07764128623349,-15.974066599179247,4.14377320918524,0.07457470745437093,-0.013789091533772984
6370.0,254.8,1.0,-27.188116555042928,-15.80075187939237,-27.188116555042928,-15.80075187939237,4.150601885459994,0.07029160554450457,-0.013598785814775666
6371.0,254.84,1.0,-27.29632272112844,-15.628084819195191,-27.29632272112844,-15.628084819195191,4.157478938406074,0.06575257064422928,-0.013217821894832029
6372.0,254.88,1.0,-27.40251889343864,-15.453820306294514,-27.40251889343864,-15.453820306294514,4.164398748312248,0.061023000487373635,-0.012667792221515543
6373.0,254.92000000000002,1.0,-27.507901336004103,-15.279013666929435,-27.507901336004103,-15.279013666929435,4.171355499463954,0.05617552397842818,-0.011973663017292408
6374.0,254.96,1.0,-27.611911447425616,-15.102750799799958,-27.611911447425616,-15.102750799799958,4.178344502753001,0.05128642015636668,-0.011162846743887527
6375.0,255.0,1.0,-27.715858161681087,-14.9259670110793,-27.715858161681087,-14.9259670110793,4.185361140177676,0.04642731928552637,-0.010264800648362835
6376.0,255.04,1.0,-27.81917004052632,-14.748382583565249,-27.81917004052632,-14.748382583565249,4.192403239836288,0.04166412372583923,-0.009310435048847304
6377.0,255.08,1.0,-27.92030627718912,-14.570903346654465,-27.92030627718912,-14.570903346654465,4.199468695112214,0.03706129907220945,-0.008331202666182567
6378.0,255.12,1.0,-28.020462548681543,-14.39344831143307,-28.020462548681543,-14.39344831143307,4.206557881095273,0.032676391102893595,-0.0073582770390751865
6379.0,255.16,1.0,-28.118459734599952,-14.214271434373325,-28.118459734599952,-14.214271434373325,4.213672214443082,0.028553727421910445,-0.006421968617157195
6380.0,255.20000000000002,1.0,-28.215345374736142,-14.033926089363211,-28.215345374736142,-14.033926089363211,4.220814546734926,0.0247297578489458,-0.0055515948648243805
6381.0,255.24,1.0,-28.310289024091816,-13.853946808075932,-28.310289024091816,-13.853946808075932,4.227989409194274,0.02123225776922182,-0.004774498355605891
6382.0,255.28,1.0,-28.404704961965297,-13.673661362572119,-28.404704961965297,-13.673661362572119,4.235202204213705,0.01808160073057452,-0.004115522192045188
6383.0,255.32,1.0,-28.49754102938484,-13.492517164550728,-28.49754102938484,-13.492517164550728,4.242459132928604,0.01528416168950073,-0.003596329285944161
6384.0,255.36,1.0,-28.587908047538626,-13.31089869364828,-28.587908047538626,-13.31089869364828,4.249765991225021,0.012830912867011013,-0.003235539630388762
6385.0,255.4,1.0,-28.67716168818003,-13.128364123604559,-28.67716168818003,-13.128364123604559,4.2571275760258,0.010701300924503521,-0.0030481736673074722
6386.0,255.44,1.0,-28.76550235674238,-12.944971679228834,-28.76550235674238,-12.944971679228834,4.264547605264481,0.008871393893574563,-0.003044818171884732
6387.0,255.48000000000002,1.0,-28.853731667167562,-12.759728634323901,-28.853731667167562,-12.759728634323901,4.272027501553728,0.007316346189794332,-0.0032310614459641123
6388.0,255.52,1.0,-28.940851197928954,-12.573735004217118,-28.940851197928954,-12.573735004217118,4.279568157552326,0.006000562029462841,-0.003607147508949999
6389.0,255.56,1.0,-29.026214758425436,-12.387239180361785,-29.026214758425436,-12.387239180361785,4.287167968063625,0.004881013633325759,-0.0041679301873472335
6390.0,255.6,1.0,-29.11100903279108,-12.200917961716216,-29.11100903279108,-12.200917961716216,4.294824498415231,0.003914566689748966,-0.0049025367772434466
6391.0,255.64000000000001,1.0,-29.194119957895794,-12.01348880990746,-29.194119957895794,-12.01348880990746,4.302533550144126,0.0030581065652169224,-0.005794170740027642
6392.0,255.68,1.0,-29.276475281764778,-11.82481500253477,-29.276475281764778,-11.82481500253477,4.310289876602463,0.002266833422364445,-0.006820453322592591
6393.0,255.72,1.0,-29.357409022590794,-11.637171089989229,-29.357409022590794,-11.637171089989229,4.318087165061797,0.0014969998039205735,-0.00795384228285962
6394.0,255.76000000000002,1.0,-29.43654420503561,-11.44914308250007,-29.43654420503561,-11.44914308250007,4.325918289096271,0.0007132462035480458,-0.00916207029103853
6395.0,255.8,1.0,-29.51382030940142,-11.261475324913912,-29.51382030940142,-11.261475324913912,4.333776869805268,-0.00011098393617687829,-0.01040839291829398
6396.0,255.84,1.0,-29.588832936146154,-11.071664638008013,-29.588832936146154,-11.071664638008013,4.341656995080737,-0.000991607635707803,-0.011652777495615451
6397.0,255.88,1.0,-29.66471260547247,-10.883056285090039,-29.66471260547247,-10.883056285090039,4.3495548918217475,-0.0019421961109314045,-0.012853300791737549
6398.0,255.92000000000002,1.0,-29.73868275641255,-10.692315076907072,-29.73868275641255,-10.692315076907072,4.3574683292855365,-0.002970353841357354,-0.013967338912432587
6399.0,255.96,1.0,-29.812043546170923,-10.502326115719413,-29.812043546170923,-10.502326115719413,4.365395973094746,-0.004069908001993849,-0.014952826397815523
6400.0,256.0,1.0,-29.883088089990412,-10.312098397805897,-29.883088089990412,-10.312098397805897,4.373337831799736,-0.005220300954399959,-0.01576959762461047
6401.0,256.04,1.0,-29.952473769375967,-10.121314747685494,-29.952473769375967,-10.121314747685494,4.381294349148641,-0.006395959404937468,-0.01638125062224475
6402.0,256.08,1.0,-30.018482221110084,-9.92880664497303,-30.018482221110084,-9.92880664497303,4.389266912609569,-0.0075687652084305505,-0.016756589568159574
6403.0,256.12,1.0,-30.083806710486755,-9.735605740006989,-30.083806710486755,-9.735605740006989,4.397257531898617,-0.008702280430366716,-0.0168710017373184
6404.0,256.16,1.0,-30.14617507743327,-9.540581137994643,-30.14617507743327,-9.540581137994643,4.405269025546279,-0.00975022679871893,-0.016707193190068564
6405.0,256.2,1.0,-30.207815489587677,-9.345491043585428,-30.207815489587677,-9.345491043585428,4.413305167940456,-0.01066811233447309,-0.016256214444261646
6406.0,256.24,1.0,-30.26673439066773,-9.148282134778054,-30.26673439066773,-9.148282134778054,4.421369643592235,-0.011411630756805203,-0.015518172283512885
6407.0,256.28000000000003,1.0,-30.32413367205988,-8.951402724117258,-30.32413367205988,-8.951402724117258,4.429466276324587,-0.011941215210216738,-0.014501924511295792
6408.0,256.32,1.0,-30.38021556068474,-8.755429693152381,-30.38021556068474,-8.755429693152381,4.4375965674376925,-0.012215099686624042,-0.013224651040878638
6409.0,256.36,1.0,-30.434002467604607,-8.55684086857903,-30.434002467604607,-8.55684086857903,4.445760520042799,-0.012195802765260777,-0.011711568470959638
6410.0,256.4,1.0,-30.485694287167053,-8.35922551392241,-30.485694287167053,-8.35922551392241,4.453956336264551,-0.011856804080881033,-0.00999522361380471
6411.0,256.44,1.0,-30.535971511885016,-8.160656685260754,-30.535971511885016,-8.160656685260754,4.462180456134458,-0.011185904607775753,-0.008114103129588225
6412.0,256.48,1.0,-30.58360069311113,-7.963195184776405,-30.58360069311113,-7.963195184776405,4.470427694869286,-0.010175283593060792,-0.0061105455208060825
6413.0,256.52,1.0,-30.630294056883464,-7.763975849511654,-30.630294056883464,-7.763975849511654,4.478691469179204,-0.008824523841574084,-0.004029108061084747
6414.0,256.56,1.0,-30.676119316774837,-7.5651252736195405,-30.676119316774837,-7.5651252736195405,4.4869637596426974,-0.007144596967921779,-0.0019146655740217226
6415.0,256.6,1.0,-30.719620022244204,-7.364104623375658,-30.719620022244204,-7.364104623375658,4.49523482289432,-0.0051664028005776515,0.00018914060279428893
6416.0,256.64,1.0,-30.763649550427022,-7.1652668571362295,-30.763649550427022,-7.1652668571362295,4.503493005153989,-0.002926270406712361,0.002242030072481727
6417.0,256.68,1.0,-30.803127882485256,-6.96351183905264,-30.803127882485256,-6.96351183905264,4.511724329632817,-0.0004669990600888907,0.004208849332340236
6418.0,256.72,1.0,-30.8410494518639,-6.76185370163755,-30.8410494518639,-6.76185370163755,4.519912839717785,0.002162585614527579,0.006060422529092164
6419.0,256.76,1.0,-30.877361781117457,-6.557821083553907,-30.877361781117457,-6.557821083553907,4.528042399583369,0.0049014586743130195,0.007774220748531462
6420.0,256.8,1.0,-30.912467357335327,-6.3535616810596895,-30.912467357335327,-6.3535616810596895,4.536097391163722,0.0076848720471157875,0.009335431498545054
6421.0,256.84000000000003,1.0,-30.946892144573958,-6.148717909655751,-30.946892144573958,-6.148717909655751,4.544063612622996,0.010449820958870436,0.010737314618343301
6422.0,256.88,1.0,-30.980310239978735,-5.943646084238452,-30.980310239978735,-5.943646084238452,4.551928821008309,0.013138971176269254,0.011980461098979317
6423.0,256.92,1.0,-31.011659214472864,-5.739100034583156,-31.011659214472864,-5.739100034583156,4.559683407660845,0.01569111766543594,0.013071629477209318
6424.0,256.96,1.0,-31.04285235196705,-5.535898765138813,-31.04285235196705,-5.535898765138813,4.567320187507622,0.018046802554317676,0.014022817917724435
6425.0,257.0,1.0,-31.072332604839744,-5.332885947616187,-31.072332604839744,-5.332885947616187,4.574834435992857,0.02015678666704417,0.014850129905753701
6426.0,257.04,1.0,-31.09997623633821,-5.130782622958296,-31.09997623633821,-5.130782622958296,4.582224355231103,0.02198641582112366,0.015572268470130593
6427.0,257.08,1.0,-31.125784115820398,-4.928409715157381,-31.125784115820398,-4.928409715157381,4.589491105279878,0.023505257558605684,0.016208174642292714
6428.0,257.12,1.0,-31.148797383904473,-4.725232264146929,-31.148797383904473,-4.725232264146929,4.5966401952331495,0.024688157539455413,0.016775063774235176
6429.0,257.16,1.0,-31.171361795222367,-4.524585456492277,-31.171361795222367,-4.524585456492277,4.60368122336659,0.025515122430078075,0.017287139077589796
6430.0,257.2,1.0,-31.191463816122326,-4.321402620873421,-31.191463816122326,-4.321402620873421,4.610627198148209,0.02598430284581823,0.01775457525213464
6431.0,257.24,1.0,-31.209740476710085,-4.119528743793772,-31.209740476710085,-4.119528743793772,4.617493375784635,0.026097441534436782,0.018181819404596834
6432.0,257.28000000000003,1.0,-31.226684505430843,-3.9165186689163973,-31.226684505430843,-3.9165186689163973,4.624296251717961,0.025860800272305064,0.01856661613097685
6433.0,257.32,1.0,-31.241839289602417,-3.713233972596535,-31.241839289602417,-3.713233972596535,4.631052562646857,0.02528172281559531,0.01890051988640329
6434.0,257.36,1.0,-31.254819970423416,-3.5109346459648507,-31.254819970423416,-3.5109346459648507,4.6377779528298415,0.024375795936570042,0.019169455000671347
6435.0,257.4,1.0,-31.267415522658627,-3.307372486645569,-31.267415522658627,-3.307372486645569,4.644486510844596,0.023166524962458013,0.0193541020755184
6436.0,257.44,1.0,-31.27672049153303,-3.103243053515657,-31.27672049153303,-3.103243053515657,4.651190372477123,0.02166821653134292,0.019430659647302263
6437.0,257.48,1.0,-31.286157377867596,-2.899946073003546,-31.286157377867596,-2.899946073003546,4.657899458139601,0.019891128672640934,0.019372408366880846
6438.0,257.52,1.0,-31.294594341867374,-2.696859597403672,-31.294594341867374,-2.696859597403672,4.664621312034607,0.01784628566297073,0.019152283513842024
6439.0,257.56,1.0,-31.302525494002463,-2.4948108430182665,-31.302525494002463,-2.4948108430182665,4.671359959273895,0.015545218969013263,0.0187451195229128
6440.0,257.6,1.0,-31.309068189475404,-2.2913614277567644,-31.309068189475404,-2.2913614277567644,4.678115377159005,0.012995500203504396,0.018129291533488218
6441.0,257.64,1.0,-31.314581429437787,-2.089774253776588,-31.314581429437787,-2.089774253776588,4.684883676667177,0.010186987329237129,0.01728835596387566
6442.0,257.68,1.0,-31.319432184209614,-1.887750165543548,-31.319432184209614,-1.887750165543548,4.691657696152506,0.0071077431038579775,0.016213521408509166
6443.0,257.72,1.0,-31.32297539626582,-1.6857825841895409,-31.32297539626582,-1.6857825841895409,4.698427586703817,0.003740882591499384,0.0149055806308176
6444.0,257.76,1.0,-31.325187922516726,-1.4828856191241886,-31.325187922516726,-1.4828856191241886,4.705181955916169,7.02130864795869e-05,0.013375290324211826
6445.0,257.8,1.0,-31.326186522884058,-1.2792041533468004,-31.326186522884058,-1.2792041533468004,4.711909074634485,-0.003930088845127355,0.011643482063986832
6446.0,257.84000000000003,1.0,-31.3274023389536,-1.0769139704370718,-31.3274023389536,-1.0769139704370718,4.7185978409640095,-0.008289678276776891,0.00974152892784429
6447.0,257.88,1.0,-31.327742167084004,-0.8736774069556044,-31.327742167084004,-0.8736774069556044,4.725238896558478,-0.013029751166129543,0.007710998106856793
6448.0,257.92,1.0,-31.327463229579045,-0.6729234669943774,-31.327463229579045,-0.6729234669943774,4.731824730665429,-0.018163380588213117,0.005602138509223762
6449.0,257.96,1.0,-31.324758779790734,-0.4703221797974006,-31.324758779790734,-0.4703221797974006,4.738350042190498,-0.023696748049870743,0.0034714485938088296
6450.0,258.0,1.0,-31.321409012296876,-0.2690389207253393,-31.321409012296876,-0.2690389207253393,4.74481233735384,-0.029634106112623026,0.0013792666913298231
6451.0,258.04,1.0,-31.316662699579478,-0.06634322804629188,-31.316662699579478,-0.06634322804629188,4.7512128071345625,-0.03595900381214201,-0.0006124102479952654
6452.0,258.08,1.0,-31.310895557922237,0.13496134975527913,-31.310895557922237,0.13496134975527913,4.757556440335497,-0.042634774518250304,-0.0024425737034434484
6453.0,258.12,1.0,-31.3027845247706,0.33657120925102085,-31.3027845247706,0.33657120925102085,4.763851335257881,-0.049607084991924254,-0.0040549953781345875
6454.0,258.16,1.0,-31.293450722413496,0.5397592692703552,-31.293450722413496,0.5397592692703552,4.770109284789573,-0.05680926479296975,-0.0054016671086420985
6455.0,258.2,1.0,-31.282961001138652,0.7411231876211446,-31.282961001138652,0.7411231876211446,4.776344736145509,-0.06416203332451129,-0.006445069094417862
6456.0,258.24,1.0,-31.270456018107247,0.9437238806821835,-31.270456018107247,0.9437238806821835,4.7825746396625295,-0.0715584059382182,-0.007159933654774753
6457.0,258.28000000000003,1.0,-31.255851477107626,1.1464328928028455,-31.255851477107626,1.1464328928028455,4.788817262745573,-0.07887919053477399,-0.007535441342761391
6458.0,258.32,1.0,-31.239194729779825,1.3499576405475229,-31.239194729779825,1.3499576405475229,4.795090862718531,-0.08599296794831142,-0.007576697171147874
6459.0,258.36,1.0,-31.220662142256987,1.5529985733412957,-31.220662142256987,1.5529985733412957,4.80141336335728,-0.09276685419760392,-0.007304808686297179
6460.0,258.4,1.0,-31.200481892368494,1.7542276679346265,-31.200481892368494,1.7542276679346265,4.807801789697664,-0.09906131232711417,-0.006756005567277815
6461.0,258.44,1.0,-31.178149103398965,1.9589114817406568,-31.178149103398965,1.9589114817406568,4.8142715269110585,-0.10472585644030483,-0.005980589784957194
6462.0,258.48,1.0,-31.153995130919448,2.1617546841964357,-31.153995130919448,2.1617546841964357,4.820835412251325,-0.10962098272997496,-0.00504125274887004
6463.0,258.52,1.0,-31.128445214008792,2.365811915352473,-31.128445214008792,2.365811915352473,4.827503378075787,-0.11361183179877288,-0.004010697846836093
6464.0,258.56,1.0,-31.101680212326038,2.5690545335486163,-31.101680212326038,2.5690545335486163,4.834283013740133,-0.116581199875968,-0.0029677137081978145
6465.0,258.6,1.0,-31.074356570371823,2.7726972171637905,-31.074356570371823,2.7726972171637905,4.841178318998021,-0.11841658216010394,-0.0019933335797661126
6466.0,258.64,1.0,-31.045422960597563,2.9790823165445675,-31.045422960597563,2.9790823165445675,4.848190257176997,-0.11902650236886733,-0.001167307162149516
6467.0,258.68,1.0,-31.014975593401267,3.1845015965084627,-31.014975593401267,3.1845015965084627,4.855315537257464,-0.1183493555893578,-0.0005647058720429837
6468.0,258.72,1.0,-30.98348941869425,3.393448109307299,-30.98348941869425,3.393448109307299,4.862547785605711,-0.1163526548135638,-0.00025186588041029023
6469.0,258.76,1.0,-30.951386998223505,3.6013991372896648,-30.951386998223505,3.6013991372896648,4.86987797340921,-0.1130321178989467,-0.0002824934047611388
6470.0,258.8,1.0,-30.918417468629354,3.8113088546158154,-30.918417468629354,3.8113088546158154,4.877295005868717,-0.1084083802163239,-0.0006948795046502892
6471.0,258.84000000000003,1.0,-30.884464390640414,4.021642251997296,-30.884464390640414,4.021642251997296,4.884786368291953,-0.1025380919938185,-0.0015100825152434354
6472.0,258.88,1.0,-30.84804667656264,4.234335167431759,-30.84804667656264,4.234335167431759,4.8923388831914165,-0.09551465058300082,-0.0027302506353553543
6473.0,258.92,1.0,-30.811669223466605,4.446246563625307,-30.811669223466605,4.446246563625307,4.899940195104901,-0.08746171584948978,-0.004337827648152223
6474.0,258.96,1.0,-30.77268947301374,4.658247116292119,-30.77268947301374,4.658247116292119,4.907578546995859,-0.07852923667063898,-0.006295428026788649
6475.0,259.0,1.0,-30.73310237875939,4.8706772729964545,-30.73310237875939,4.8706772729964545,4.9152432971379065,-0.06888541829721831,-0.008547327232173843
6476.0,259.04,1.0,-30.69228603372891,5.083109206110969,-30.69228603372891,5.083109206110969,4.922925027529022,-0.05872775554493885,-0.011021183703829124
6477.0,259.08,1.0,-30.650415152308558,5.295077417165852,-30.650415152308558,5.295077417165852,4.93061560690361,-0.04826371208119988,-0.013630624506139133
6478.0,259.12,1.0,-30.6071502369534,5.505805700347556,-30.6071502369534,5.505805700347556,4.9383096897318115,-0.03771227165165521,-0.016278054796952577
6479.0,259.16,1.0,-30.56193015796735,5.716822289665638,-30.56193015796735,5.716822289665638,4.946003638341517,-0.027283182322178412,-0.018858759987537374
6480.0,259.2,1.0,-30.514461725520675,5.927722643038843,-30.514461725520675,5.927722643038843,4.953696082864821,-0.017188259937582596,-0.021265196812479716
6481.0,259.24,1.0,-30.465839925147172,6.1376530116391415,-30.465839925147172,6.1376530116391415,4.961387019414162,-0.00762800183361787,-0.023391128895946318
6482.0,259.28000000000003,1.0,-30.41573483816314,6.348698506982397,-30.41573483816314,6.348698506982397,4.969077651576608,0.0012168267973278856,-0.02513521481628105
6483.0,259.32,1.0,-30.364435168914554,6.557921039361398,-30.364435168914554,6.557921039361398,4.976769844795769,0.009191616439942419,-0.02640479852993171
6484.0,259.36,1.0,-30.31024366322124,6.768305422600162,-30.31024366322124,6.768305422600162,4.984464417104304,0.016175155895944315,-0.027119567290173462
6485.0,259.4,1.0,-30.254256435882137,6.976443093990737,-30.254256435882137,6.976443093990737,4.9921618128848575,0.022072364845331992,-0.02721474099116176
6486.0,259.44,1.0,-30.19413758048003,7.184056029867986,-30.19413758048003,7.184056029867986,4.999860428095059,0.026821156783342626,-0.026643257789760687
6487.0,259.48,1.0,-30.132714943754983,7.389935513992259,-30.132714943754983,7.389935513992259,5.0075577193304115,0.03040146082979054,-0.025377656998533855
6488.0,259.52,1.0,-30.06830826669929,7.593876735209291,-30.06830826669929,7.593876735209291,5.01524929618144,0.03283212104838158,-0.023410698725540423
6489.0,259.56,1.0,-30.001732094434868,7.796867062768787,-30.001732094434868,7.796867062768787,5.022928409905829,0.03417185878071212,-0.020755931504216556
6490.0,259.6,1.0,-29.932773233231835,7.998204787970197,-29.932773233231835,7.998204787970197,5.030586560527302,0.034503752982049815,-0.0174467376497335
6491.0,259.64,1.0,-29.863239919701652,8.197628016840008,-29.863239919701652,8.197628016840008,5.038212833336128,0.03394609360882632,-0.013535256186402061
6492.0,259.68,1.0,-29.792490229810106,8.395608314487193,-29.792490229810106,8.395608314487193,5.04579490659525,0.03264251671484899,-0.009090342375069112
6493.0,259.72,1.0,-29.71988116634309,8.59258464931606,-29.71988116634309,8.59258464931606,5.053318216379031,0.03075959784912412,-0.004195721425901898
6494.0,259.76,1.0,-29.645940932643477,8.78957613616502,-29.645940932643477,8.78957613616502,5.060766892131433,0.028475814401315237,0.0010526621676268607
6495.0,259.8,1.0,-29.56917972737893,8.985044796144265,-29.56917972737893,8.985044796144265,5.068124374446622,0.025974789606482186,0.0065497727452971085
6496.0,259.84000000000003,1.0,-29.49064556832827,9.179948501638142,-29.49064556832827,9.179948501638142,5.075373627628329,0.02344527498540174,0.012184598005167979
6497.0,259.88,1.0,-29.410768107800447,9.375218954089611,-29.410768107800447,9.375218954089611,5.08249881519456,0.02107176568264666,0.01784312478711108
6498.0,259.92,1.0,-29.328944114701493,9.570168337455007,-29.328944114701493,9.570168337455007,5.089484715516116,0.019025489363576998,0.023411320201044
6499.0,259.96,1.0,-29.246338833421266,9.76394498921906,-29.246338833421266,9.76394498921906,5.09631846845077,0.017452075178369532,0.02877766339997833
6500.0,260.0,1.0,-29.161311112395772,9.957857895141016,-29.161311112395772,9.957857895141016,5.1029894282958095,0.016478490090727348,0.033835942941568706
6501.0,260.04,1.0,-29.074742320299784,10.151476030286124,-29.074742320299784,10.151476030286124,5.109489945564706,0.016208092894138115,0.038487380304602206
6502.0,260.08,1.0,-28.986525843938665,10.344381016826137,-28.986525843938665,10.344381016826137,5.115815417625191,0.016717301250839322,0.04264289027645365
6503.0,260.12,1.0,-28.89706177811854,10.539068218911956,-28.89706177811854,10.539068218911956,5.121964080894538,0.018047540478654023,0.04622411351524601
6504.0,260.16,1.0,-28.80798917194938,10.731473979594824,-28.80798917194938,10.731473979594824,5.1279380924250795,0.020205691358305678,0.04916492393094703
6505.0,260.2,1.0,-28.71743422324006,10.924711491318172,-28.71743422324006,10.924711491318172,5.133742685420809,0.02316979773389414,0.051412014996169667
6506.0,260.24,1.0,-28.627707199007848,11.116446204836816,-28.627707199007848,11.116446204836816,5.139387111014526,0.026891582671732306,0.052925436076545665
6507.0,260.28000000000003,1.0,-28.536205321754075,11.308581790387713,-28.536205321754075,11.308581790387713,5.14488353056417,0.03129356067943003,0.05367870356988987
6508.0,260.32,1.0,-28.444112044957954,11.500628513572318,-28.444112044957954,11.500628513572318,5.150246674786642,0.03627277633141268,0.05365891164790139
6509.0,260.36,1.0,-28.351920460868065,11.692448056791386,-28.351920460868065,11.692448056791386,5.15549347842302,0.04170456145847732,0.052866586854127096
6510.0,260.4,1.0,-28.259138480303115,11.88233480768256,-28.259138480303115,11.88233480768256,5.160641590074691,0.047458129192226604,0.05131528620499644
6511.0,260.44,1.0,-28.16524445445672,12.072757977533776,-28.16524445445672,12.072757977533776,5.165709511832888,0.053387774370766874,0.049031123066081844
6512.0,260.48,1.0,-28.069893824921415,12.262451717869101,-28.069893824921415,12.262451717869101,5.170714994082045,0.05934632471589196,0.04605199061426862
6513.0,260.52,1.0,-27.974310023149258,12.4527970215904,-27.974310023149258,12.4527970215904,5.175676037952808,0.06518567055033501,0.04242660678684133
6514.0,260.56,1.0,-27.878783039139044,12.641382857573758,-27.878783039139044,12.641382857573758,5.18060983081992,0.07077084918607376,0.038214118266531184
6515.0,260.6,1.0,-27.783584982390373,12.831455746511448,-27.783584982390373,12.831455746511448,5.185532948577508,0.07597828217506455,0.033482962433816314
6516.0,260.64,1.0,-27.68852174857584,13.019102805779799,-27.68852174857584,13.019102805779799,5.190460942339756,0.08069824342943532,0.0283100190145081
6517.0,260.68,1.0,-27.59392967324622,13.206610296849373,-27.59392967324622,13.206610296849373,5.195407485590301,0.0848347869750605,0.0227791111855965
6518.0,260.72,1.0,-27.498977817131568,13.39314114681024,-27.498977817131568,13.39314114681024,5.20038529291188,0.08831897492234864,0.0169800806322715
6519.0,260.76,1.0,-27.403244746310243,13.579829521228413,-27.403244746310243,13.579829521228413,5.205405529902235,0.09110820873494316,0.011007288970917625
6520.0,260.8,1.0,-27.307810857286775,13.765982602840742,-27.307810857286775,13.765982602840742,5.210478387803329,0.093187276735253,0.004958239663079682
6521.0,260.84000000000003,1.0,-27.212493350568867,13.950295404948907,-27.212493350568867,13.950295404948907,5.215613301648509,0.09455831590152752,-0.0010679675250909013
6522.0,260.88,1.0,-27.116947646901984,14.132855977448894,-27.116947646901984,14.132855977448894,5.220819097857057,0.0952466652416913,-0.006972633981059464
6523.0,260.92,1.0,-27.020655039868398,14.313877476134294,-27.020655039868398,14.313877476134294,5.226104786927977,0.09529584371631528,-0.012659144889494003
6524.0,260.96,1.0,-26.92302174035128,14.494668001838779,-26.92302174035128,14.494668001838779,5.231478305257726,0.09476821511254578,-0.018034802170116465
6525.0,261.0,1.0,-26.824105698101185,14.674760440454355,-26.824105698101185,14.674760440454355,5.23694761886406,0.0937371860821949,-0.023012656044164876
6526.0,261.04,1.0,-26.724462172457674,14.853245070497275,-26.724462172457674,14.853245070497275,5.242519154015897,0.0922870992618274,-0.02751340067447532
6527.0,261.08,1.0,-26.624902928472533,15.031500096084041,-26.624902928472533,15.031500096084041,5.248199240503633,0.09050801985496817,-0.03146704531639618
6528.0,261.12,1.0,-26.524506236834146,15.208395221931227,-26.524506236834146,15.208395221931227,5.253993218916631,0.08849343959702125,-0.034814133600422015
6529.0,261.16,1.0,-26.423095615012933,15.383826123464498,-26.423095615012933,15.383826123464498,5.259905204497075,0.08633017530142022,-0.03750747276270537
6530.0,261.2,1.0,-26.319451798331137,15.55944035529033,-26.319451798331137,15.55944035529033,5.265938123214914,0.08409681925249268,-0.039513151350142224
6531.0,261.24,1.0,-26.213637135984648,15.733409308195188,-26.213637135984648,15.733409308195188,5.272093269635815,0.08186484617751662,-0.04081154171141574
6532.0,261.28000000000003,1.0,-26.107462287805852,15.905922328898294,-26.107462287805852,15.905922328898294,5.278370683798805,0.0796962603021278,-0.04139757601990186
6533.0,261.32,1.0,-25.99929492128905,16.076877435538446,-25.99929492128905,16.076877435538446,5.2847682390250865,0.0776414636331417,-0.04128057920516708
6534.0,261.36,1.0,-25.89119420650449,16.246573191917953,-25.89119420650449,16.246573191917953,5.291281900578066,0.07573447147225372,-0.040483964117954095
6535.0,261.4,1.0,-25.780057145634952,16.41402312867364,-25.780057145634952,16.41402312867364,5.297905633271515,0.07399080714412884,-0.03904462040639389
6536.0,261.44,1.0,-25.668113109628784,16.58163054704841,-25.668113109628784,16.58163054704841,5.304631642959796,0.07240937798354238,-0.037012183424403704
6537.0,261.48,1.0,-25.553939994272127,16.74810635364279,-25.553939994272127,16.74810635364279,5.311451527719474,0.07097713787310048,-0.034447053904190957
6538.0,261.52,1.0,-25.438865089335813,16.91348863334394,-25.438865089335813,16.91348863334394,5.318354398554131,0.06966902051767795,-0.031418693082438054
6539.0,261.56,1.0,-25.322230588724416,17.07940759841358,-25.322230588724416,17.07940759841358,5.325328396122541,0.06845342023528334,-0.028003724063420797
6540.0,261.6,1.0,-25.20562512890637,17.242209216537347,-25.20562512890637,17.242209216537347,5.332360215459343,0.06728888352343654,-0.02428380369336408
6541.0,261.64,1.0,-25.087872987491572,17.404548814145844,-25.087872987491572,17.404548814145844,5.339435914686572,0.06613368044259219,-0.020343277445726983
6542.0,261.68,1.0,-24.968465781476503,17.565730585709318,-24.968465781476503,17.565730585709318,5.346540731123234,0.06494129256473624,-0.016266783110274637
6543.0,261.72,1.0,-24.847756968589813,17.7253211030084,-24.847756968589813,17.7253211030084,5.353659023691494,0.06367267492655349,-0.012137214649220287
6544.0,261.76,1.0,-24.725505243823903,17.884188449708684,-24.725505243823903,17.884188449708684,5.3607753362436235,0.0622915290337059,-0.008033747033972232
6545.0,261.8,1.0,-24.602985398825265,18.040883688509098,-24.602985398825265,18.040883688509098,5.367873793275697,0.06077140745670888,-0.004030083727223634
6546.0,261.84000000000003,1.0,-24.47882053253413,18.19769845475998,-24.47882053253413,18.19769845475998,5.374939611446109,0.059098578397739576,-0.00019251122956763302
6547.0,261.88,1.0,-24.35423874327388,18.352000494642873,-24.35423874327388,18.352000494642873,5.381957929081933,0.057279069683704976,0.003421705277251166
6548.0,261.92,1.0,-24.22819155896514,18.505495331603292,-24.22819155896514,18.505495331603292,5.388914340072171,0.0553307094344041,0.006764521014957084
6549.0,261.96,1.0,-24.101660754782095,18.657194652167785,-24.101660754782095,18.657194652167785,5.395796501568922,0.053289828462536735,0.00979758335881175
6550.0,262.0,1.0,-23.974981402441692,18.808374688516416,-23.974981402441692,18.808374688516416,5.402593708057346,0.05120303353206075,0.012492505577349388
6551.0,262.04,1.0,-23.849042552615323,18.957636027562884,-23.849042552615323,18.957636027562884,5.4092975386062125,0.04913790239865519,0.014831223731392418
6552.0,262.08,1.0,-23.721479348252082,19.107455000084656,-23.721479348252082,19.107455000084656,5.415901257710496,0.04716971653992619,0.01680506456916111
6553.0,262.12,1.0,-23.593813844092857,19.255218039933723,-23.593813844092857,19.255218039933723,5.422400623038938,0.04538448539890849,0.018413801443676485
6554.0,262.16,1.0,-23.463382900951924,19.403913449664138,-23.463382900951924,19.403913449664138,5.428793967076585,0.043867004979029046,0.019664606776715728
6555.0,262.2,1.0,-23.33475569715951,19.55111905100814,-23.33475569715951,19.55111905100814,5.435082220355467,0.04271220187679357,0.0205711200140441
6556.0,262.24,1.0,-23.20426768345275,19.698278721975992,-23.20426768345275,19.698278721975992,5.441269216189394,0.042014910331963785,0.021152458407630727
6557.0,262.28000000000003,1.0,-23.07251376432074,19.84396100728639,-23.07251376432074,19.84396100728639,5.447360085924187,0.04186638420101698,0.021431455679893248
6558.0,262.32,1.0,-22.939225529076257,19.989784079056772,-22.939225529076257,19.989784079056772,5.453362916682026,0.04233887662130944,0.021433132156990668
6559.0,262.36,1.0,-22.806244879466824,20.133212768539387,-22.806244879466824,20.133212768539387,5.4592871869876465,0.04349435118317606,0.02118415734370998
6560.0,262.4,1.0,-22.671009511436143,20.277485890157024,-22.671009511436143,20.277485890157024,5.465143243014079,0.045378225803109726,0.020712137773337958
6561.0,262.44,1.0,-22.5340768364075,20.419767082567002,-22.5340768364075,20.419767082567002,5.47094128360422,0.048021374473106816,0.020044492570515608
6562.0,262.48,1.0,-22.396369677702967,20.562168537397543,-22.396369677702967,20.562168537397543,5.4766913668553645,0.051428643532301366,0.019207223250886366
6563.0,262.52,1.0,-22.259387178567117,20.702695096325044,-22.259387178567117,20.702695096325044,5.482402991946525,0.05558318862245093,0.01822512079659866
6564.0,262.56,1.0,-22.122338110116555,20.841378727264747,-22.122338110116555,20.841378727264747,5.488084773383995,0.06044512264304804,0.017122009190179605
6565.0,262.6,1.0,-21.984060819934914,20.980131790824327,-21.984060819934914,20.980131790824327,5.4937442798743295,0.06595825102380184,0.015920981277111737
6566.0,262.64,1.0,-21.844906816928642,21.117920909404308,-21.844906816928642,21.117920909404308,5.499386888140763,0.07203642506946764,0.01464412847886912
6567.0,262.68,1.0,-21.704469179114508,21.2556331625664,-21.704469179114508,21.2556331625664,5.505015890378165,0.07857171355578377,0.013312707149480088
6568.0,262.72,1.0,-21.564759923923347,21.3938884137737,-21.564759923923347,21.3938884137737,5.510633267851502,0.0854397557504059,0.011948194257225589
6569.0,262.76,1.0,-21.42476308850483,21.530997548144178,-21.42476308850483,21.530997548144178,5.5162377511614,0.09250908191256539,0.010573122778119132
6570.0,262.8,1.0,-21.283962273730303,21.667239442784915,-21.283962273730303,21.667239442784915,5.521825757738039,0.09963580989932086,0.009211058198034005
6571.0,262.84000000000003,1.0,-21.14272640122768,21.80190088803301,-21.14272640122768,21.80190088803301,5.527391426200296,0.10666312778707283,0.007886423630918618
6572.0,262.88,1.0,-21.000992617450024,21.935278587524046,-21.000992617450024,21.935278587524046,5.532928205784531,0.11342810481048085,0.0066252509969822685
6573.0,262.92,1.0,-20.858868065838923,22.068695389851428,-20.858868065838923,22.068695389851428,5.538428392748228,0.11977100621486689,0.005455744777672093
6574.0,262.96,1.0,-20.71702895585658,22.20058946611922,-20.71702895585658,22.20058946611922,5.543884018617348,0.12553904735932686,0.004407756619917236
6575.0,263.0,1.0,-20.573843463600625,22.331780044615535,-20.573843463600625,22.331780044615535,5.549286500630226,0.13058789696473694,0.003511928222754352
6576.0,263.04,1.0,-20.43049452101501,22.460829380226123,-20.43049452101501,22.460829380226123,5.5546264415061195,0.13478328654689298,0.0027988183830411654
6577.0,263.08,1.0,-20.287901714555872,22.58880054368165,-20.287901714555872,22.58880054368165,5.559895388568939,0.13800958460011004,0.0022986894354816018
6578.0,263.12,1.0,-20.145029086648524,22.714038551849477,-20.145029086648524,22.714038551849477,5.565085051044451,0.14017402218476369,0.002040536192902959
6579.0,263.16,1.0,-20.002702875591545,22.8375226995581,-20.002702875591545,22.8375226995581,5.570187674556576,0.14119937687640288,0.0020500033883449386
6580.0,263.2,1.0,-19.859655367512627,22.958665836456003,-19.859655367512627,22.958665836456003,5.575196817111897,0.1410269837980312,0.0023474862832454407
6581.0,263.24,1.0,-19.718126697252913,23.07943704626487,-19.718126697252913,23.07943704626487,5.580108450718365,0.13961962899586947,0.002947070729162174
6582.0,263.28000000000003,1.0,-19.57540208592443,23.19783679179119,-19.57540208592443,23.19783679179119,5.58492069779005,0.1369704415793295,0.0038556670132510905
6583.0,263.32,1.0,-19.432443845309685,23.316798884362637,-19.432443845309685,23.316798884362637,5.589633614250406,0.13309468767888086,0.005071083516149687
6584.0,263.36,1.0,-19.289199852959474,23.43425976909183,-19.289199852959474,23.43425976909183,5.59424915586594,0.12802885421199434,0.00658047971430091
6585.0,263.4,1.0,-19.14630210513589,23.550163752794965,-19.14630210513589,23.550163752794965,5.598770916981328,0.12182593999078824,0.008359634319021435
6586.0,263.44,1.0,-19.004794522361795,23.664409367985254,-19.004794522361795,23.664409367985254,5.603204670085148,0.1145593932029129,0.010372756160559441
6587.0,263.48,1.0,-18.862498382627226,23.77778707361439,-18.862498382627226,23.77778707361439,5.607558751463747,0.10631615906840304,0.012572570833283609
6588.0,263.52,1.0,-18.71827698359125,23.887671520739538,-18.71827698359125,23.887671520739538,5.611842328036867,0.097197989399846,0.014900073443571842
6589.0,263.56,1.0,-18.573176336111125,23.998312125823116,-18.573176336111125,23.998312125823116,5.616067126974989,0.08731242083561368,0.01728514586284902
6590.0,263.6,1.0,-18.429046571844715,24.10738287401133,-18.429046571844715,24.10738287401133,5.620246407823834,0.07677730372995954,0.01964861184289992
6591.0,263.64,1.0,-18.284441862822963,24.21631619098798,-18.284441862822963,24.21631619098798,5.624395459815884,0.06571490601938809,0.0219047911855073
6592.0,263.68,1.0,-18.140796339995102,24.32317664179861,-18.140796339995102,24.32317664179861,5.628529366187352,0.05425009686392912,0.02396329484074835
6593.0,263.72,1.0,-17.996973481499325,24.4293695173277,-17.996973481499325,24.4293695173277,5.632663369402784,0.04249866096644976,0.02573131611647696
6594.0,263.76,1.0,-17.85232861802669,24.534068631729866,-17.85232861802669,24.534068631729866,5.636811459553709,0.030575033199361123,0.02711719000768852
6595.0,263.8,1.0,-17.7063591539628,24.63827020026061,-17.7063591539628,24.63827020026061,5.640986567825893,0.01858591204061777,0.028034051593794646
6596.0,263.84000000000003,1.0,-17.561867143340077,24.742417323860682,-17.561867143340077,24.742417323860682,5.645200687887956,0.006632951898723549,0.028403124024694387
6597.0,263.88,1.0,-17.415417884172925,24.847237167316084,-17.415417884172925,24.847237167316084,5.649463537895983,-0.00519643396121301,0.02815667321022939
6598.0,263.92,1.0,-17.27080711921703,24.951345029473867,-17.27080711921703,24.951345029473867,5.653782754413173,-0.016824212453278566,0.02724083767839981
6599.0,263.96,1.0,-17.12400707737805,25.05589916443357,-17.12400707737805,25.05589916443357,5.658164758156419,-0.028188401758840142,0.025618721543287353
6600.0,264.0,1.0,-16.97908623985206,25.161961553801248,-16.97908623985206,25.161961553801248,5.662613834277504,-0.03923898002177528,0.02327287599495862
6601.0,264.04,1.0,-16.83209772464401,25.26641431950078,-16.83209772464401,25.26641431950078,5.667132467807501,-0.04993998507415476,0.02020672548027218
6602.0,264.08,1.0,-16.686625579095416,25.37215392652547,-16.686625579095416,25.37215392652547,5.671721426760174,-0.06026799730158301,0.016444872906436876
6603.0,264.12,1.0,-16.539312554108648,25.476799887850316,-16.539312554108648,25.476799887850316,5.676380982357297,-0.0702119550376566,0.01203394643021845
6604.0,264.16,1.0,-16.39178161365931,25.583794094746345,-16.39178161365931,25.583794094746345,5.681110869581744,-0.0797677841161524,0.007042325637556865
6605.0,264.2,1.0,-16.24401455471972,25.68995433537709,-16.24401455471972,25.68995433537709,5.685911763107014,-0.08894328944024152,0.0015583087426121682
6606.0,264.24,1.0,-16.095362123695416,25.79624381812393,-16.095362123695416,25.79624381812393,5.690785752906609,-0.09775558579777374,-0.004312593309780581
6607.0,264.28000000000003,1.0,-15.946153980442011,25.901466210375133,-15.946153980442011,25.901466210375133,5.695735618249229,-0.10622886519153647,-0.010450523295009844
6608.0,264.32,1.0,-15.798128222442926,26.00827416355808,-15.798128222442926,26.00827416355808,5.700766817668926,-0.1143908077499333,-0.0167245521586327
6609.0,264.36,1.0,-15.648774111373589,26.112686567896766,-15.648774111373589,26.112686567896766,5.705886387791274,-0.12227424541846951,-0.022996390941616533
6610.0,264.4,1.0,-15.497814292276185,26.218271798041172,-15.497814292276185,26.218271798041172,5.711103693069096,-0.12991025349089996,-0.029125120995695353
6611.0,264.44,1.0,-15.34593680409983,26.323267146789426,-15.34593680409983,26.323267146789426,5.716429561019704,-0.13732922375114776,-0.0349719249726374
6612.0,264.48,1.0,-15.191620150011499,26.42749812110406,-15.191620150011499,26.42749812110406,5.721876889069297,-0.1445570956407,-0.040404579581607994
6613.0,264.52,1.0,-15.036798741138483,26.53088490372092,-15.036798741138483,26.53088490372092,5.727459580597855,-0.15161388814147408,-0.0453012813709027
6614.0,264.56,1.0,-14.880172279110496,26.63302125702012,-14.880172279110496,26.63302125702012,5.733192233330316,-0.15851424555932855,-0.049555156145498415
6615.0,264.6,1.0,-14.723304862556187,26.735264255591737,-14.723304862556187,26.735264255591737,5.739089695837693,-0.16526792524936298,-0.05307797950335191
6616.0,264.64,1.0,-14.563708143398276,26.835186101996776,-14.563708143398276,26.835186101996776,5.7451654745079646,-0.1718769042293679,-0.05580276962298584
6617.0,264.68,1.0,-14.404067487992924,26.93340122735317,-14.404067487992924,26.93340122735317,5.751431611920825,-0.1783325544224465,-0.057685414678648364
6618.0,264.72,1.0,-14.241082001244001,27.030671905165242,-14.241082001244001,27.030671905165242,5.757898649777855,-0.18462198074383243,-0.058706047170348254
6619.0,264.76,1.0,-14.077063674281689,27.127650946496892,-14.077063674281689,27.127650946496892,5.764574293127927,-0.19072354013302698,-0.058869471312677044
6620.0,264.8,1.0,-13.911142953452167,27.222245527799714,-13.911142953452167,27.222245527799714,5.771464363724276,-0.19660763313196145,-0.05820461181363544
6621.0,264.84000000000003,1.0,-13.744869454221222,27.317583877162974,-13.744869454221222,27.317583877162974,5.778570849835348,-0.20224089842734996,-0.056762610032298114
6622.0,264.88,1.0,-13.575480928174088,27.411281834639954,-13.575480928174088,27.411281834639954,5.785892520936298,-0.20758944101784887,-0.0546142751568154
6623.0,264.92,1.0,-13.406095759351654,27.502972339614825,-13.406095759351654,27.502972339614825,5.793423917249949,-0.21261953377504206,-0.05184725349587262
6624.0,264.96,1.0,-13.2340740633071,27.592537489231216,-13.2340740633071,27.592537489231216,5.8011559322609525,-0.2172999253658925,-0.048562932081017744
6625.0,265.0,1.0,-13.06072989461127,27.681473013610628,-13.06072989461127,27.681473013610628,5.809075825646021,-0.22160214863009084,-0.04487195064855093
6626.0,265.04,1.0,-12.883809360030984,27.7691063796384,-12.883809360030984,27.7691063796384,5.817167256367342,-0.22549913075994926,-0.04088977700442663
6627.0,265.08,1.0,-12.705995092788303,27.855953414166997,-12.705995092788303,27.855953414166997,5.825412208229526,-0.22897311864958764,-0.03673239648300805
6628.0,265.12,1.0,-12.525897886986531,27.940999848893387,-12.525897886986531,27.940999848893387,5.833789986211552,-0.23201616579392384,-0.032512401827184303
6629.0,265.16,1.0,-12.344807075289431,28.026780285436594,-12.344807075289431,28.026780285436594,5.84227864162999,-0.2346272889992176,-0.028334754170139764
6630.0,265.2,1.0,-12.162616986459337,28.111104278152233,-12.162616986459337,28.111104278152233,5.850854961115763,-0.23681615669282877,-0.024293089099968936
6631.0,265.24,1.0,-11.977501596107658,28.194899503762308,-11.977501596107658,28.194899503762308,5.859494320091655,-0.2386043940585975,-0.020467063609462724
6632.0,265.28000000000003,1.0,-11.792165017256014,28.277516751928744,-11.792165017256014,28.277516751928744,5.868171831258121,-0.2400226389672425,-0.016920348505681623
6633.0,265.32,1.0,-11.603730400536664,28.359564327081824,-11.603730400536664,28.359564327081824,5.876862736868358,-0.24110514546084869,-0.013699325530101336
6634.0,265.36,1.0,-11.414899643394069,28.440796703082306,-11.414899643394069,28.440796703082306,5.885544046851976,-0.24189387167991477,-0.010832181014109436
6635.0,265.4,1.0,-11.223166679177675,28.51966371265157,-11.223166679177675,28.51966371265157,5.8941946537090555,-0.24243666488543242,-0.008328783673988368
6636.0,265.44,1.0,-11.030809016855223,28.59923647006852,-11.030809016855223,28.59923647006852,5.902796472799055,-0.2427863722945655,-0.006182026726950491
6637.0,265.48,1.0,-10.836012564019592,28.675980041962834,-10.836012564019592,28.675980041962834,5.911334250885757,-0.24299884973540137,-0.004369514925702265
6638.0,265.52,1.0,-10.640503177257523,28.753682822195298,-10.640503177257523,28.753682822195298,5.919795467753159,-0.24312457802732662,-0.0028557590757503056
6639.0,265.56,1.0,-10.443331051523955,28.828754929814984,-10.443331051523955,28.828754929814984,5.928170643294627,-0.24321008288126444,-0.001594427041850107
6640.0,265.6,1.0,-10.24482623094402,28.9020389169089,-10.24482623094402,28.9020389169089,5.936452776388331,-0.24329550862296828,-0.000531752543132686
6641.0,265.64,1.0,-10.043794200308149,28.973317516593607,-10.043794200308149,28.973317516593607,5.944636885384383,-0.2434137980172241,0.0003901385234015821
6642.0,265.68,1.0,-9.841977345105203,29.042965613697202,-9.841977345105203,29.042965613697202,5.952721586340228,-0.24358246530031596,0.0012299742474674552
6643.0,265.72,1.0,-9.6382257017513,29.11188624128905,-9.6382257017513,29.11188624128905,5.960706906481852,-0.24381116076186027,0.0020445708114677644
6644.0,265.76,1.0,-9.433692958092774,29.179721216957468,-9.433692958092774,29.179721216957468,5.968597558568542,-0.24409974607105284,0.002885472946789138
6645.0,265.8,1.0,-9.227146455491154,29.24566065460466,-9.227146455491154,29.24566065460466,5.976396102339004,-0.24443514354547066,0.003796701386120383
6646.0,265.84000000000003,1.0,-9.019920790428275,29.310109796050625,-9.019920790428275,29.310109796050625,5.984109761088657,-0.24478859675124606,0.004812096933429105
6647.0,265.88,1.0,-8.810252096114365,29.372938799825153,-8.810252096114365,29.372938799825153,5.991738345799065,-0.2451165757338516,0.0059549606373300885
6648.0,265.92,1.0,-8.599067924722343,29.43418050307187,-8.599067924722343,29.43418050307187,5.999288886942066,-0.24536676348854575,0.007235655409320352
6649.0,265.96,1.0,-8.386552455868598,29.494040437483157,-8.386552455868598,29.494040437483157,6.006753518999227,-0.24547965625938203,0.008653200045218537
6650.0,266.0,1.0,-8.17167007735528,29.550730048089104,-8.17167007735528,29.550730048089104,6.014137029400314,-0.24538766752492655,0.010192155656734734
6651.0,266.04,1.0,-7.956377937777447,29.605847055056465,-7.956377937777447,29.605847055056465,6.021415899521571,-0.24501587867433666,0.011827840933037842
6652.0,266.08,1.0,-7.7381162079636265,29.65943488823539,-7.7381162079636265,29.65943488823539,6.028593644408615,-0.24428769731915828,0.013521491142050004
6653.0,266.12,1.0,-7.5188538298299665,29.71122902609627,-7.5188538298299665,29.71122902609627,6.035617374813522,-0.24313175737202855,0.0152304934468574
6654.0,266.16,1.0,-7.298374640169061,29.762044316474665,-7.298374640169061,29.762044316474665,6.042488970726355,-0.2414746745526327,0.016897753594228224
6655.0,266.2,1.0,-7.076886919186696,29.811850076414164,-7.076886919186696,29.811850076414164,6.049096725927079,-0.23924522842633128,0.018471050809096886
6656.0,266.24,1.0,-6.852877592808653,29.858756004778957,-6.852877592808653,29.858756004778957,6.055440828668666,-0.23637887572958755,0.019880409647302623
6657.0,266.28000000000003,1.0,-6.62731853317717,29.905174040971552,-6.62731853317717,29.905174040971552,6.061296109874944,-0.23282499285398153,0.021073902512765176
6658.0,266.32,1.0,-6.400166168862536,29.949573049854358,-6.400166168862536,29.949573049854358,6.066664866806908,-0.22854276429024933,0.021969759332501598
6659.0,266.36,1.0,-6.1707007967414835,29.992598570238886,-6.1707007967414835,29.992598570238886,6.071098967320566,-0.2235000582086392,0.02252600261244188
6660.0,266.4,1.0,-5.939113851503537,30.035097090658667,-5.939113851503537,30.035097090658667,6.074607970317301,-0.21767497244302403,0.022641685711120126
6661.0,266.44,1.0,-5.704872898508942,30.076382116700888,-5.704872898508942,30.076382116700888,6.07630035330429,-0.2110611565517054,0.022293285530211624
6662.0,266.48,1.0,-5.4702711344120125,30.11675057203675,-5.4702711344120125,30.11675057203675,6.076204711092744,-0.20366826908529392,0.021334367888241116
6663.0,266.52,1.0,-5.231738084394004,30.156432982463834,-5.231738084394004,30.156432982463834,6.072540536070616,-0.19551222501199786,0.019766302505775116
6664.0,266.56,1.0,-4.991522608830265,30.19352355352668,-4.991522608830265,30.19352355352668,6.065366208814341,-0.18661813197920527,0.017596962417202062
6665.0,266.6,1.0,-4.7470504583014925,30.230658539493326,-4.7470504583014925,30.230658539493326,6.051120500074482,-0.17702237858797082,0.01485250390869498
6666.0,266.64,1.0,-4.501303298248904,30.267492268204457,-4.501303298248904,30.267492268204457,6.029920526077649,-0.16677711197246953,0.011560920008715735
6667.0,266.68,1.0,-4.255429328119629,30.305820765697366,-4.255429328119629,30.305820765697366,5.994642822038328,-0.15594130108431042,0.007774841073132949
6668.0,266.72,1.0,-4.00852624150597,30.344493900980957,-4.00852624150597,30.344493900980957,5.945519905841499,-0.14457779489359973,0.003538876879060275
6669.0,266.76,1.0,-3.7629190797153287,30.383007957249497,-3.7629190797153287,30.383007957249497,5.882578831857298,-0.13275686951446483,-0.001064676111568346
6670.0,266.8,1.0,-3.5169123913053744,30.420438011245988,-3.5169123913053744,30.420438011245988,5.806277997794186,-0.1205572739859512,-0.005980851593920849
6671.0,266.84000000000003,1.0,-3.273421933616774,30.45634307547339,-3.273421933616774,30.45634307547339,5.716660979464923,-0.10806312189026077,-0.011088794295585475
6672.0,266.88,1.0,-3.0300995448892016,30.490483835623046,-3.0300995448892016,30.490483835623046,5.614633196209974,-0.09535646509251809,-0.016329572427224128
6673.0,266.92,1.0,-2.7883145382901633,30.52227213566237,-2.7883145382901633,30.52227213566237,5.50026312993805,-0.08252069380880227,-0.021518208659984085
6674.0,266.96,1.0,-2.5444728432342965,30.55119402875273,-2.5444728432342965,30.55119402875273,5.375346818954854,-0.06964738246464389,-0.026598063462896327
6675.0,267.0,1.0,-2.3018652848261647,30.577758510823713,-2.3018652848261647,30.577758510823713,5.2400073721361125,-0.05683160334303248,-0.03152392775508067
6676.0,267.04,1.0,-2.0586609412476764,30.603677288287194,-2.0586609412476764,30.603677288287194,5.097823438099683,-0.04416741746337849,-0.03624022943093662
6677.0,267.08,1.0,-1.8157378787629757,30.628620458664578,-1.8157378787629757,30.628620458664578,4.949027936206197,-0.03174408985262269,-0.04058163350774362
6678.0,267.12,1.0,-1.57304594139881,30.65139158251094,-1.57304594139881,30.65139158251094,4.800763847688353,-0.019653388745386424,-0.04449200967728524
6679.0,267.16,1.0,-1.330799780906561,30.672508937822556,-1.330799780906561,30.672508937822556,4.653486263351409,-0.007987059650168615,-0.04788667538237901
6680.0,267.2,1.0,-1.0890410307772451,30.6933002158522,-1.0890410307772451,30.6933002158522,4.5071883205812915,0.003163815627997857,-0.05069266332218917
6681.0,267.24,1.0,-0.8477790907517017,30.71152255134199,-0.8477790907517017,30.71152255134199,4.362767831025035,0.01371654302680787,-0.052870438342951666
6682.0,267.28000000000003,1.0,-0.6065178480608694,30.728442663751668,-0.6065178480608694,30.728442663751668,4.213057543034272,0.02359150156123524,-0.05429625785882959
6683.0,267.32,1.0,-0.36727274578802294,30.74279418374784,-0.36727274578802294,30.74279418374784,4.059843863162714,0.0327107196961258,-0.054955163930381225
6684.0,267.36,1.0,-0.12908716848539098,30.75658657898274,-0.12908716848539098,30.75658657898274,3.899499332140215,0.04100260457399692,-0.05486754699464306
6685.0,267.4,1.0,0.10597501814552093,30.76843860507111,0.10597501814552093,30.76843860507111,3.735593532353872,0.04840845985575892,-0.05402127169528664
6686.0,267.44,1.0,0.3385072588918745,30.778335573983572,0.3385072588918745,30.778335573983572,3.566226951276679,0.054882889000065396,-0.05244354698053323
6687.0,267.48,1.0,0.5693735841689647,30.785390852451588,0.5693735841689647,30.785390852451588,3.3985355650974447,0.06038769197493239,-0.05010355019534283
6688.0,267.52,1.0,0.7987135935199945,30.789070866118255,0.7987135935199945,30.789070866118255,3.231399172948945,0.0648985688954417,-0.04716296160601518
6689.0,267.56,1.0,1.0274644348284618,30.789388929839653,1.0274644348284618,30.789388929839653,3.064812169734971,0.06840932547151075,-0.043679158054891136
6690.0,267.6,1.0,1.254672388354116,30.78654624109857,1.254672388354116,30.78654624109857,2.8978744754726535,0.07093365225495032,-0.03974747605890318
6691.0,267.64,1.0,1.4840978566548182,30.780498635125014,1.4840978566548182,30.780498635125014,2.730578780318105,0.07250139504819311,-0.035455696303903196
6692.0,267.68,1.0,1.7126482081179273,30.770205609980035,1.7126482081179273,30.770205609980035,2.5618009681442704,0.07315613085572181,-0.030865693489723234
6693.0,267.72,1.0,1.9432393330388193,30.757565901978374,1.9432393330388193,30.757565901978374,2.3986755569089757,0.0729581123141156,-0.026125713167463628
6694.0,267.76,1.0,2.174524968876721,30.743084668681014,2.174524968876721,30.743084668681014,2.23929787548709,0.07198695104464307,-0.021281782287976274
6695.0,267.8,1.0,2.407126006237474,30.72616930989791,2.407126006237474,30.72616930989791,2.0872314657430366,0.07033607225191525,-0.01634338596965122
6696.0,267.84000000000003,1.0,2.6406003953260546,30.707631490200832,2.6406003953260546,30.707631490200832,1.9388414030003638,0.06810854093514554,-0.011359898888055806
6697.0,267.88,1.0,2.8745144749074245,30.685755727424464,2.8745144749074245,30.685755727424464,1.795904767196708,0.06541686297708096,-0.006466303786528661
6698.0,267.92,1.0,3.109163552637812,30.66360984430897,3.109163552637812,30.66360984430897,1.6512447046408056,0.062384685364583504,-0.001733997050475862
6699.0,267.96,1.0,3.3445116589672255,30.640457072493536,3.3445116589672255,30.640457072493536,1.5057424256100793,0.05913944116364915,0.0027740985991908857
6700.0,268.0,1.0,3.579201022420049,30.613258440042777,3.579201022420049,30.613258440042777,1.3593737619289306,0.05580684813563723,0.007067258501537528
6701.0,268.04,1.0,3.8124798288968504,30.58617603110749,3.8124798288968504,30.58617603110749,1.2125722445734741,0.052505483131219235,0.011117201909656352
6702.0,268.08,1.0,4.045348582413799,30.55570516695854,4.045348582413799,30.55570516695854,1.0724606289740548,0.04935188518818889,0.01486730638536592
6703.0,268.12,1.0,4.278000263850881,30.526142521298492,4.278000263850881,30.526142521298492,0.939249248022944,0.04645233866086303,0.01829950487701133
6704.0,268.16,1.0,4.511825172734577,30.49175777558285,4.511825172734577,30.49175777558285,0.8164932600872714,0.043903316149584204,0.02139509750752101
6705.0,268.2,1.0,4.745081338507661,30.45539265065535,4.745081338507661,30.45539265065535,0.7042909752410897,0.04177916818003202,0.024126284116062786
6706.0,268.24,1.0,4.9799650887095215,30.415409148519124,4.9799650887095215,30.415409148519124,0.6044149375985651,0.04014079146982441,0.026490937142242092
6707.0,268.28000000000003,1.0,5.215711345285249,30.372225171504407,5.215711345285249,30.372225171504407,0.5169102059694863,0.039030599547226694,0.028426797535163806
6708.0,268.32,1.0,5.4533388328936265,30.32740930786636,5.4533388328936265,30.32740930786636,0.4426594779375753,0.038472045655153365,0.030068266068738102
6709.0,268.36,1.0,5.6933597386400665,30.27877218300199,5.6933597386400665,30.27877218300199,0.38168185275998656,0.03846463458413472,0.03141826223639202
6710.0,268.4,1.0,5.933126183575544,30.230087816602076,5.933126183575544,30.230087816602076,0.33441830052053134,0.03898685877693233,0.03254360324141764
6711.0,268.44,1.0,6.174307788418366,30.17997106051384,6.174307788418366,30.17997106051384,0.30087669090037067,0.03999773752268192,0.0334398892067715
6712.0,268.48,1.0,6.413865332145664,30.131328487848045,6.413865332145664,30.131328487848045,0.28127757644603535,0.04143934217763614,0.03413939949447776
6713.0,268.52,1.0,6.6529928376309595,30.081112048271525,6.6529928376309595,30.081112048271525,0.2684846861948399,0.04323488315621651,0.03470149533438737
6714.0,268.56,1.0,6.888527017657937,30.029066623044933,6.888527017657937,30.029066623044933,0.2626089864890657,0.04529486829518137,0.03514371749087272
6715.0,268.6,1.0,7.123861879422153,29.9762403262548,7.123861879422153,29.9762403262548,0.2600841402547017,0.04751928193155699,0.035481068580178465
6716.0,268.64,1.0,7.355799482700455,29.920066553710996,7.355799482700455,29.920066553710996,0.2609681446167996,0.049806224385411116,0.035732806817119336
6717.0,268.68,1.0,7.585534355592981,29.86355474575915,7.585534355592981,29.86355474575915,0.26347985772002613,0.05204617690412174,0.03588880370754064
6718.0,268.72,1.0,7.8135729899469855,29.804129587172014,7.8135729899469855,29.804129587172014,0.26765008002083573,0.05413031554322656,0.03599294083133873
6719.0,268.76,1.0,8.039959739647776,29.74249455268835,8.039959739647776,29.74249455268835,0.2725901564597846,0.05594765174527951,0.03601996027407859
6720.0,268.8,1.0,8.26605641724302,29.68088371678646,8.26605641724302,29.68088371678646,0.2783184633430314,0.05739703279855657,0.03593550057119519
6721.0,268.84000000000003,1.0,8.491501635013778,29.61526471282533,8.491501635013778,29.61526471282533,0.28439362183811345,0.05838450263691204,0.035706673512262165
6722.0,268.88,1.0,8.716653594824388,29.549517965755847,8.716653594824388,29.549517965755847,0.29082753430577524,0.058829152053047375,0.03536825330810783
6723.0,268.92,1.0,8.941129925677469,29.47920976274982,8.941129925677469,29.47920976274982,0.29740241506899345,0.05866263436102152,0.034886108467654726
6724.0,268.96,1.0,9.163058787789852,29.409590438307294,9.163058787789852,29.409590438307294,0.30412786965735517,0.0578312130413756,0.0342616252362487
6725.0,269.0,1.0,9.385172063719313,29.33699624536111,9.385172063719313,29.33699624536111,0.31089885883645424,0.05629964178657858,0.0334650845434955
6726.0,269.04,1.0,9.60548859311738,29.26393517156427,9.60548859311738,29.26393517156427,0.31772402446068226,0.054045635363112667,0.03248815676116248
6727.0,269.08,1.0,9.825322447255388,29.188305943823643,9.825322447255388,29.188305943823643,0.3245542296711627,0.051063970299998984,0.03131004629987366
6728.0,269.12,1.0,10.043700308608106,29.112017464998964,10.043700308608106,29.112017464998964,0.3313978595506556,0.04736619149700048,0.029924049656001872
6729.0,269.16,1.0,10.260102249711654,29.035252381978797,10.260102249711654,29.035252381978797,0.3382338779210263,0.042976289887208294,0.02832167526590292
6730.0,269.2,1.0,10.476979741513125,28.95685303809819,10.476979741513125,28.95685303809819,0.34507079085230247,0.037933918668402254,0.026506328439705983
6731.0,269.24,1.0,10.692321765402973,28.87808341720135,10.692321765402973,28.87808341720135,0.3519012338371635,0.03229034046771233,0.024484565320897787
6732.0,269.28000000000003,1.0,10.90738385160094,28.798331284255994,10.90738385160094,28.798331284255994,0.3587333860893881,0.02610826661926837,0.02227262744821714
6733.0,269.32,1.0,11.122369247309116,28.717502273151542,11.122369247309116,28.717502273151542,0.365567128152952,0.019457160660967966,0.01982076007048464
6734.0,269.36,1.0,11.336312729899475,28.636886795681157,11.336312729899475,28.636886795681157,0.3724108154523678,0.012415704063427357,0.0171589111778662
6735.0,269.4,1.0,11.549019034329866,28.55535149410909,11.549019034329866,28.55535149410909,0.37926704717165793,0.005068301970930866,0.014287830032764404
6736.0,269.44,1.0,11.762083646667925,28.472335204969653,11.762083646667925,28.472335204969653,0.3861426419774285,-0.0025009916739987758,0.011250357392386836
6737.0,269.48,1.0,11.97474915141631,28.387986294824326,11.97474915141631,28.387986294824326,0.3930410135218919,-0.010205323415882562,0.008076714929496081
6738.0,269.52,1.0,12.18760268787364,28.3021034003794,12.18760268787364,28.3021034003794,0.39996744822464175,-0.017961477975208372,0.004820249808371955
6739.0,269.56,1.0,12.39924331741106,28.215165517160187,12.39924331741106,28.215165517160187,0.40692466736270455,-0.025687768048179183,0.0015296875060369203
6740.0,269.6,1.0,12.61099761749267,28.12414768751059,12.61099761749267,28.12414768751059,0.4139157719974594,-0.033304634791778406,-0.0017349248878807816
6741.0,269.64,1.0,12.82231725818942,28.03304263028601,12.82231725818942,28.03304263028601,0.42094245906218514,-0.040732137511828026,-0.004917125118292653
6742.0,269.68,1.0,13.033745374014677,27.938884499919812,13.033745374014677,27.938884499919812,0.4280070250570726,-0.04789967295611641,-0.007956074251921765
6743.0,269.72,1.0,13.24470693280362,27.845118189036395,13.24470693280362,27.845118189036395,0.4351103419858255,-0.05474150403356097,-0.010794519617926827
6744.0,269.76,1.0,13.455663595991538,27.748958341948146,13.455663595991538,27.748958341948146,0.4422534835669715,-0.06119431114141969,-0.01337599101618805
6745.0,269.8,1.0,13.663998229174268,27.6521033877553,13.663998229174268,27.6521033877553,0.44943573639186074,-0.06720489533160938,-0.01565016493740245
6746.0,269.84000000000003,1.0,13.873425991269306,27.552538176911764,13.873425991269306,27.552538176911764,0.45665655603591604,-0.07272848554371211,-0.017572112630315283
6747.0,269.88,1.0,14.082069382956366,27.452901761119513,14.082069382956366,27.452901761119513,0.46391516382456083,-0.07772733097868452,-0.019104773970992684
6748.0,269.92,1.0,14.289198167731536,27.350209706450936,14.289198167731536,27.350209706450936,0.47121047068681887,-0.08217081029006831,-0.020219084124440533
6749.0,269.96,1.0,14.496924245669408,27.24637553441071,14.496924245669408,27.24637553441071,0.4785419128441177,-0.08603347811702795,-0.020896311376016594
6750.0,270.0,1.0,14.703602051172558,27.14055466530068,14.703602051172558,27.14055466530068,0.4859091664075099,-0.08929600146584496,-0.021128735217515817
6751.0,270.04,1.0,14.909900501018152,27.032598140912047,14.909900501018152,27.032598140912047,0.4933135069854762,-0.09194568149103895,-0.020919606329476193
6752.0,270.08,1.0,15.116665654475645,26.92212442652987,15.116665654475645,26.92212442652987,0.5007560322144254,-0.09398131862245021,-0.020283118088534613
6753.0,270.12,1.0,15.32164406499904,26.8091538231495,15.32164406499904,26.8091538231495,0.5082385723700431,-0.0954038993968159,-0.01924463881316925
6754.0,270.16,1.0,15.527412027142791,26.694038896133623,15.527412027142791,26.694038896133623,0.51576273170446,-0.09622075271157385,-0.017840747063184913
6755.0,270.2,1.0,15.731381738555417,26.57527284589778,15.731381738555417,26.57527284589778,0.5233301836396409,-0.09645073951282353,-0.01611815674538681
6756.0,270.24,1.0,15.93533360061691,26.45570569952647,15.93533360061691,26.45570569952647,0.5309431164201702,-0.09611634602855282,-0.01413223363770078
6757.0,270.28000000000003,1.0,16.138401484814338,26.331938733056916,16.138401484814338,26.331938733056916,0.5386031451243933,-0.09524256297216756,-0.011945430528580044
6758.0,270.32,1.0,16.34117165589349,26.206352592520695,16.34117165589349,26.206352592520695,0.5463114863915324,-0.0938593045149878,-0.009626147400477892
6759.0,270.36,1.0,16.54323906904533,26.077870035682672,16.54323906904533,26.077870035682672,0.5540691437688289,-0.0920023840667125,-0.007246790129617525
6760.0,270.4,1.0,16.745122517126124,25.951307545325324,16.745122517126124,25.951307545325324,0.5618765804192646,-0.08971083336548531,-0.004881168585237856
6761.0,270.44,1.0,16.945225511085958,25.82089806197547,16.945225511085958,25.82089806197547,0.5697331485033155,-0.08703010908502087,-0.0026017003325379123
6762.0,270.48,1.0,17.144823044627877,25.690283336469463,17.144823044627877,25.690283336469463,0.5776364483137308,-0.08400666185295502,-0.00047799456943312666
6763.0,270.52,1.0,17.34334498719769,25.555311693834796,17.34334498719769,25.555311693834796,0.5855828572969124,-0.08068810349314164,0.0014253454351131768
6764.0,270.56,1.0,17.541305094781844,25.42072439532282,17.541305094781844,25.42072439532282,0.5935671332185957,-0.07712571502211343,0.003051007952338551
6765.0,270.6,1.0,17.740290421294844,25.28461543169716,17.740290421294844,25.28461543169716,0.6015833477944865,-0.07337534640178398,0.004351553287543063
6766.0,270.64,1.0,17.936892496156794,25.148083109634744,17.936892496156794,25.148083109634744,0.609625177233445,-0.06948783039316156,0.005290659846246353
6767.0,270.68,1.0,18.133820630087843,25.00855754987448,18.133820630087843,25.00855754987448,0.6176851292760818,-0.06551260010584696,0.005844097509653952
6768.0,270.72,1.0,18.330250425051528,24.86843273317822,18.330250425051528,24.86843273317822,0.6257565603327322,-0.06149897330437233,0.006000417452430124
6769.0,270.76,1.0,18.526870996714944,24.725127384172065,18.526870996714944,24.725127384172065,0.6338329315966982,-0.057492487423054864,0.00576212842431433
6770.0,270.8,1.0,18.722458859753907,24.582528540373684,18.722458859753907,24.582528540373684,0.6419086265914098,-0.05353367210931399,0.005145619779714962
6771.0,270.84000000000003,1.0,18.916729297123887,24.43788095003736,18.916729297123887,24.43788095003736,0.6499776431162375,-0.04966259563416473,0.004180284433711221
6772.0,270.88,1.0,19.110061708043624,24.292065116981917,19.110061708043624,24.292065116981917,0.6580351676317251,-0.0459148114989469,0.002906943750864175
6773.0,270.92,1.0,19.30281842961193,24.14457426230045,19.30281842961193,24.14457426230045,0.666077200326476,-0.042321875623623106,0.0013770521622913285
6774.0,270.96,1.0,19.49407810445694,23.995207014995145,19.49407810445694,23.995207014995145,0.6741016753006541,-0.03891234402033454,-0.00034907130085968103
6775.0,271.0,1.0,19.68550344052013,23.844564070649724,19.68550344052013,23.844564070649724,0.6821083486147773,-0.03571059305772208,-0.0022045657044943703
6776.0,271.04,1.0,19.87550988488551,23.691570544465133,19.87550988488551,23.691570544465133,0.6900984351435272,-0.032732926685079836,-0.0041190861124861455
6777.0,271.08,1.0,20.063453592885338,23.539180016119467,20.063453592885338,23.539180016119467,0.6980745849328004,-0.02999659603958309,-0.006021049607453121
6778.0,271.12,1.0,20.251283366783483,23.384687249122877,20.251283366783483,23.384687249122877,0.7060415300712971,-0.02751761389191154,-0.00783990551147113
6779.0,271.16,1.0,20.43711790421134,23.22891272229176,20.43711790421134,23.22891272229176,0.7140042277748876,-0.02531027974920432,-0.009508455245857599
6780.0,271.2,1.0,20.620871326364473,23.069873126176528,20.620871326364473,23.069873126176528,0.7219684277338544,-0.023385246277162697,-0.01096587529833139
6781.0,271.24,1.0,20.804227052726453,22.91048399915588,20.804227052726453,22.91048399915588,0.7299394486976956,-0.021752389641630576,-0.012159913262166614
6782.0,271.28000000000003,1.0,20.98541679148192,22.748716512661996,20.98541679148192,22.748716512661996,0.7379238012822642,-0.02041764158996815,-0.013048264887550625
6783.0,271.32,1.0,21.16466396201861,22.585982919798504,21.16466396201861,22.585982919798504,0.7459278726877219,-0.019383925366727596,-0.013599643528688166
6784.0,271.36,1.0,21.342918746265617,22.421391234896447,21.342918746265617,22.421391234896447,0.7539580616661486,-0.01865568830205231,-0.013795079976128912
6785.0,271.4,1.0,21.518692808597457,22.254262064429863,21.518692808597457,22.254262064429863,0.7620197290235841,-0.018229924599884796,-0.013628463991515937
6786.0,271.44,1.0,21.693791219259523,22.08457731342994,21.693791219259523,22.08457731342994,0.7701167019921261,-0.018099141461050006,-0.013106330945563035
6787.0,271.48,1.0,21.86780933388679,21.91445774878353,21.86780933388679,21.91445774878353,0.7782519089435437,-0.018252041612339776,-0.012246760100446345
6788.0,271.52,1.0,22.04041836073793,21.742069701204848,22.04041836073793,21.742069701204848,0.7864260078224475,-0.01867505244754226,-0.01107837553611699
6789.0,271.56,1.0,22.210422426806684,21.569394932848237,22.210422426806684,21.569394932848237,0.7946371719297878,-0.01934735741079663,-0.009639247424182729
6790.0,271.6,1.0,22.379066537028027,21.39317683064242,22.379066537028027,21.39317683064242,0.8028816703870841,-0.020242999781894457,-0.00797540107293091
6791.0,271.64,1.0,22.545794026203716,21.215979169283543,22.545794026203716,21.215979169283543,0.8111538996324275,-0.02133347527531828,-0.006138463621515431
6792.0,271.68,1.0,22.71222208691663,21.035831781736718,22.71222208691663,21.035831781736718,0.8194472398445927,-0.02258380151156738,-0.004183308595648468
6793.0,271.72,1.0,22.876472874166943,20.855531997128324,22.876472874166943,20.855531997128324,0.8277531986102844,-0.023954758008282617,-0.002166172881258043
6794.0,271.76,1.0,23.039449900369714,20.673860576490362,23.039449900369714,20.673860576490362,0.8360622989653903,-0.02540178301566407,-0.00014268618103330314
6795.0,271.8,1.0,23.200704148614633,20.491338458738603,23.200704148614633,20.491338458738603,0.8443643192723622,-0.026874834763830947,0.0018343403830819887
6796.0,271.84000000000003,1.0,23.359853940967096,20.308631603352218,23.359853940967096,20.308631603352218,0.8526486760960917,-0.028326226079638795,0.0037168867971338225
6797.0,271.88,1.0,23.51849091516541,20.124069625010463,23.51849091516541,20.124069625010463,0.8609055311520095,-0.02970970712340104,0.005463134117913462
6798.0,271.92,1.0,23.674082860479988,19.93834736436316,23.674082860479988,19.93834736436316,0.8691245167463659,-0.030980191462058725,0.007038455010980146
6799.0,271.96,1.0,23.829570731122526,19.751301408069473,23.829570731122526,19.751301408069473,0.8772967539189324,-0.032087572807847534,0.008415886107261367
6800.0,272.0,1.0,23.983931444449883,19.562557232088977,23.983931444449883,19.562557232088977,0.885414822252726,-0.032991219652012946,0.009576943545708008
6801.0,272.04,1.0,24.13719333821283,19.372808570812577,24.13719333821283,19.372808570812577,0.8934731791782602,-0.03365607226416367,0.010511823896035614
6802.0,272.08,1.0,24.2895144144099,19.181887014572084,24.2895144144099,19.181887014572084,0.901468229407427,-0.034054750995349006,0.0112189965097399
6803.0,272.12,1.0,24.440342706642113,18.989111321004913,24.440342706642113,18.989111321004913,0.9093975756931046,-0.03416516682542694,0.011704108353421111
6804.0,272.16,1.0,24.59093188962752,18.794448576013558,24.59093188962752,18.794448576013558,0.917261361069493,-0.03397462711868153,0.011979262282143438
6805.0,272.2,1.0,24.739450683718182,18.598209762553108,24.739450683718182,18.598209762553108,0.9250605603728104,-0.03348128319069066,0.012062091570273551
6806.0,272.24,1.0,24.88760381634903,18.401340796601815,24.88760381634903,18.401340796601815,0.9327978417387859,-0.03269387796356864,0.011974525688342345
6807.0,272.28000000000003,1.0,25.032354783244518,18.202680521896184,25.032354783244518,18.202680521896184,0.9404763511635441,-0.03163079973506775,0.01174125146309973
6808.0,272.32,1.0,25.176716282551034,18.002085128760406,25.176716282551034,18.002085128760406,0.94809990803295,-0.030315401904290808,0.011388219130574329
6809.0,272.36,1.0,25.319195085044058,17.800548025111674,25.319195085044058,17.800548025111674,0.9556739960308869,-0.02878088844451081,0.010941284820831567
6810.0,272.4,1.0,25.460363861779392,17.59807801928777,25.460363861779392,17.59807801928777,0.9632045299080527,-0.027070697174516135,0.010425411045935093
6811.0,272.44,1.0,25.60067083272433,17.3944720181837,25.60067083272433,17.3944720181837,0.9706982179940246,-0.025227636778100047,0.00986323820430622
6812.0,272.48,1.0,25.737966585049765,17.190683441365223,25.737966585049765,17.190683441365223,0.9781616503852355,-0.023294917359259572,0.009274108596870684
6813.0,272.52,1.0,25.874161663899457,16.985729566838494,25.874161663899457,16.985729566838494,0.9856012380018205,-0.021317379764359434,0.008673227817000688
6814.0,272.56,1.0,26.00944469748826,16.779719790819193,26.00944469748826,16.779719790819193,0.99302383685806,-0.019347604938267527,0.008072075956293147
6815.0,272.6,1.0,26.14298457469547,16.572418823332434,26.14298457469547,16.572418823332434,1.0004350441152154,-0.017434872227393105,0.007477896526927473
6816.0,272.64,1.0,26.275785008163307,16.364465665529515,26.275785008163307,16.364465665529515,1.0078414953702262,-0.015624770719011027,0.006893736231661405
6817.0,272.68,1.0,26.406665722832372,16.15441024333068,26.406665722832372,16.15441024333068,1.0152485229550767,-0.013955268793992493,0.006318312880397689
6818.0,272.72,1.0,26.53694803431078,15.943876481819752,26.53694803431078,15.943876481819752,1.0226626388425788,-0.01246000392232598,0.0057468429982371365
6819.0,272.76,1.0,26.665225107961163,15.73209277548601,26.665225107961163,15.73209277548601,1.030089521207455,-0.011169062412151164,0.005171890315220998
6820.0,272.8,1.0,26.79163186866205,15.51972890302701,26.79163186866205,15.51972890302701,1.0375342630999798,-0.010104072934121522,0.004584249186919239
6821.0,272.84000000000003,1.0,26.91613083955208,15.306962012686162,26.91613083955208,15.306962012686162,1.0450012841578415,-0.009278401486853771,0.0039734447088965105
6822.0,272.88,1.0,27.03838679972761,15.091818929064999,27.03838679972761,15.091818929064999,1.0524937610082574,-0.008699662381312857,0.003328806951995702
6823.0,272.92,1.0,27.16099877608152,14.87825229815326,27.16099877608152,14.87825229815326,1.0600147481633844,-0.008374851618303314,0.0026406356624882666
6824.0,272.96,1.0,27.279661412697067,14.662089036037298,27.279661412697067,14.662089036037298,1.0675662686994154,-0.008302629217456014,0.0019013037353358346
6825.0,273.0,1.0,27.3982012590652,14.44611008979293,27.3982012590652,14.44611008979293,1.075149659045547,-0.008470887939763517,0.001105110887757496
6826.0,273.04,1.0,27.513367510481356,14.228309215497566,27.513367510481356,14.228309215497566,1.082765651610242,-0.00886474648168738,0.0002493276096296744
6827.0,273.08,1.0,27.62941467867575,14.010058000210185,27.62941467867575,14.010058000210185,1.0904137240391145,-0.009468419298984876,-0.0006654644434870363
6828.0,273.12,1.0,27.74279263333284,13.791386937373066,27.74279263333284,13.791386937373066,1.0980934963765843,-0.010266973983813843,-0.0016343341060285677
6829.0,273.16,1.0,27.856079375150046,13.572075583565038,27.856079375150046,13.572075583565038,1.1058030740369813,-0.01123819706329825,-0.002648657373403269
6830.0,273.2,1.0,27.967207589655338,13.350680035167272,27.967207589655338,13.350680035167272,1.1135407065265646,-0.012358983475171304,-0.003696047742564047
6831.0,273.24,1.0,28.077066196360352,13.12934838944338,28.077066196360352,13.12934838944338,1.12130430068962,-0.013607026066599049,-0.004760951196992718
6832.0,273.28000000000003,1.0,28.185318447004654,12.907389486228393,28.185318447004654,12.907389486228393,1.1290921110878358,-0.014963899176475759,-0.005824507321547523
6833.0,273.32,1.0,28.291255460773776,12.684839186079442,28.291255460773776,12.684839186079442,1.13690320584084,-0.016411607051473598,-0.006865248252982642
6834.0,273.36,1.0,28.395496506323262,12.460814939859718,28.395496506323262,12.460814939859718,1.1447361527072961,-0.017928469875035956,-0.007860089701965079
6835.0,273.40000000000003,1.0,28.499229434722764,12.236337585083195,28.499229434722764,12.236337585083195,1.1525904729910421,-0.019493439070767015,-0.00878532263387107
6836.0,273.44,1.0,28.600138398722248,12.00976774105886,28.600138398722248,12.00976774105886,1.1604653332316222,-0.021089072777962035,-0.00961691781919805
6837.0,273.48,1.0,28.70040000464524,11.783897348700547,28.70040000464524,11.783897348700547,1.1683611217307592,-0.022697592667759437,-0.010331533131591537
6838.0,273.52,1.0,28.796534813786252,11.556047576837468,28.796534813786252,11.556047576837468,1.1762780168766356,-0.024295510831287316,-0.010907395783327787
6839.0,273.56,1.0,28.892055421119835,11.32821663146424,28.892055421119835,11.32821663146424,1.1842167736040996,-0.025857820157028,-0.011325619038999892
6840.0,273.6,1.0,28.98445355075777,11.098991741694341,28.98445355075777,11.098991741694341,1.192177968353466,-0.027365325810088013,-0.011570030255427289
6841.0,273.64,1.0,29.07620025784467,10.869006786523016,29.07620025784467,10.869006786523016,1.2001622617436831,-0.028801639510557496,-0.011628072252558849
6842.0,273.68,1.0,29.165381454951234,10.639079508761556,29.165381454951234,10.639079508761556,1.2081693559788111,-0.03015009018457058,-0.011490807306782915
6843.0,273.72,1.0,29.252694754891884,10.407707640441616,29.252694754891884,10.407707640441616,1.216198021737485,-0.03139160189369576,-0.011153976858497998
6844.0,273.76,1.0,29.337548243418077,10.174645595080488,29.337548243418077,10.174645595080488,1.2242453367983033,-0.032510887748145235,-0.010617777537804777
6845.0,273.8,1.0,29.420335581609727,9.939760979056445,29.420335581609727,9.939760979056445,1.2323080096925332,-0.0334947567142899,-0.00988689682826457
6846.0,273.84000000000003,1.0,29.502105514961194,9.70456697855428,29.502105514961194,9.70456697855428,1.2403813023974677,-0.03433348018207176,-0.008970028365775038
6847.0,273.88,1.0,29.580786439300653,9.468152423678362,29.580786439300653,9.468152423678362,1.248460129157803,-0.0350152396276304,-0.007879920265459188
6848.0,273.92,1.0,29.659086368706845,9.231004542418328,29.659086368706845,9.231004542418328,1.2565378493977675,-0.03552996305273766,-0.0066330687476413176
6849.0,273.96,1.0,29.73372329641533,8.99341993610007,29.73372329641533,8.99341993610007,1.2646078042830742,-0.03587493535992699,-0.0052489684431985505
6850.0,274.0,1.0,29.807535764874558,8.755501280458278,29.807535764874558,8.755501280458278,1.2726623985195988,-0.03605097590726296,-0.003749453036302943
6851.0,274.04,1.0,29.87865890350402,8.51644005974492,29.87865890350402,8.51644005974492,1.2806944891530936,-0.03605497920644087,-0.0021584314819932103
6852.0,274.08,1.0,29.948175059781043,8.277103162212216,29.948175059781043,8.277103162212216,1.2886963743740754,-0.03588118373537774,-0.0005013570602464851
6853.0,274.12,1.0,30.01603885726318,8.036326644133593,30.01603885726318,8.036326644133593,1.296661342640083,-0.035527189578403354,0.0011952200249725716
6854.0,274.16,1.0,30.081330513568616,7.79544947417317,30.081330513568616,7.79544947417317,1.304583109378101,-0.034992842011521086,0.0029045086065129545
6855.0,274.2,1.0,30.14394747002002,7.55417503639125,30.14394747002002,7.55417503639125,1.3124571465153356,-0.034275671909624286,0.004599612515351499
6856.0,274.24,1.0,30.204510401993947,7.312119874784673,30.204510401993947,7.312119874784673,1.3202796832219919,-0.03337169404989353,0.006254151884048625
6857.0,274.28000000000003,1.0,30.263934219567552,7.0686102766082755,30.263934219567552,7.0686102766082755,1.328048735048706,-0.032278549954092,0.007842305094716732
6858.0,274.32,1.0,30.322276923678054,6.824731763093569,30.322276923678054,6.824731763093569,1.3357635449673995,-0.030997895487699222,0.009339414355908298
6859.0,274.36,1.0,30.37925718521974,6.579780978105579,30.37925718521974,6.579780978105579,1.3434247851887595,-0.029533660815307304,0.010722200947968694
6860.0,274.40000000000003,1.0,30.43438203418098,6.33433847148117,30.43438203418098,6.33433847148117,1.3510340935610459,-0.027887893246070394,0.011968784854093454
6861.0,274.44,1.0,30.485870778907877,6.087501499982446,30.485870778907877,6.087501499982446,1.3585937684749514,-0.026062064171530584,0.013058754614914538
6862.0,274.48,1.0,30.536668609109523,5.840597992651253,30.536668609109523,5.840597992651253,1.366106926813192,-0.024064704396477364,0.013973236332652897
6863.0,274.52,1.0,30.583997007886374,5.592247203292244,30.583997007886374,5.592247203292244,1.3735774132624232,-0.02190632912002517,0.014695409047827446
6864.0,274.56,1.0,30.63134537798616,5.345223288660135,30.63134537798616,5.345223288660135,1.3810099668513238,-0.019595033182617082,0.015210409469923502
6865.0,274.6,1.0,30.676482626905237,5.098652464452427,30.676482626905237,5.098652464452427,1.388410171670976,-0.017140132752383574,0.015505707823266952
6866.0,274.64,1.0,30.719865756928073,4.851369225711886,30.719865756928073,4.851369225711886,1.395783926182609,-0.014557633109571654,0.015571140567898023
6867.0,274.68,1.0,30.761057253269673,4.60484222828492,30.761057253269673,4.60484222828492,1.4031377581122697,-0.011870556352097217,0.015399283548716636
6868.0,274.72,1.0,30.80035283095007,4.356416009243935,30.80035283095007,4.356416009243935,1.410477791954964,-0.009100251835710328,0.014985654327247199
6869.0,274.76,1.0,30.838998992734496,4.108405773978964,30.838998992734496,4.108405773978964,1.4178101295534637,-0.006269329880999863,0.014329037183568594
6870.0,274.8,1.0,30.876032841855665,3.858439476253661,30.876032841855665,3.858439476253661,1.4251404650975406,-0.0034023325549118466,0.013431741115710027
6871.0,274.84000000000003,1.0,30.911951707683706,3.6086129852824227,30.911951707683706,3.6086129852824227,1.4324741217636066,-0.0005313495897365072,0.012299869424378497
6872.0,274.88,1.0,30.946023973804337,3.357854289135914,30.946023973804337,3.357854289135914,1.4398167101308763,0.0023126630229275413,0.010943614127722356
6873.0,274.92,1.0,30.978783653387318,3.1069021410148254,30.978783653387318,3.1069021410148254,1.4471734917312222,0.005104430741045718,0.00937738090230658
6874.0,274.96,1.0,31.010443457079997,2.855228123610792,31.010443457079997,2.855228123610792,1.454550398726263,0.007820019269275048,0.00761964975123978
6875.0,275.0,1.0,31.040091009891245,2.6034010303069293,31.040091009891245,2.6034010303069293,1.4619524339571686,0.010432228654506881,0.005693166811622719
6876.0,275.04,1.0,31.069280295241782,2.353053700202291,31.069280295241782,2.353053700202291,1.4693843305549121,0.01291805645466193,0.0036246763484826827
6877.0,275.08,1.0,31.09550780347231,2.1024108721064687,31.09550780347231,2.1024108721064687,1.4768495701628748,0.015266764637544927,0.0014449413661263046
6878.0,275.12,1.0,31.120657747064893,1.8522796751020496,31.120657747064893,1.8522796751020496,1.4843510637009414,0.01747626103538751,-0.0008121458628361493
6879.0,275.16,1.0,31.14206152572418,1.6016860797085475,31.14206152572418,1.6016860797085475,1.4918913035898942,0.019547287575745132,-0.003109832619246377
6880.0,275.2,1.0,31.16285895759404,1.3520124336832624,31.16285895759404,1.3520124336832624,1.499472444435747,0.021488175388622754,-0.005409607028177136
6881.0,275.24,1.0,31.181728490022145,1.1021504664052606,31.181728490022145,1.1021504664052606,1.507096983981554,0.02332140867361685,-0.007671721533488265
6882.0,275.28000000000003,1.0,31.199016457505383,0.8518682934335098,31.199016457505383,0.8518682934335098,1.5147677338192973,0.025087899072626273,-0.009856313589420906
6883.0,275.32,1.0,31.21497590936882,0.6011920630178962,31.21497590936882,0.6011920630178962,1.5224876857020078,0.026829850672692702,-0.011924251016583395
6884.0,275.36,1.0,31.22840186440547,0.35126528560084225,31.22840186440547,0.35126528560084225,1.5302595103698695,0.028588696513137623,-0.013838153331021601
6885.0,275.40000000000003,1.0,31.240866899485496,0.10109643417320213,31.240866899485496,0.10109643417320213,1.5380850605071157,0.030408057390008937,-0.015563348583157898
6886.0,275.44,1.0,31.250390779295536,-0.14836723809152105,31.250390779295536,-0.14836723809152105,1.545966257891871,0.03234380682561031,-0.01706893745696598
6887.0,275.48,1.0,31.258527412052985,-0.400091020335356,31.258527412052985,-0.400091020335356,1.5539046856512921,0.03444956791948008,-0.018328805426529437
6888.0,275.52,1.0,31.264285042763635,-0.6509330177021068,31.264285042763635,-0.6509330177021068,1.561902591809249,0.03676763471236595,-0.019322331735215248
6889.0,275.56,1.0,31.26814307683217,-0.90199641337278,31.26814307683217,-0.90199641337278,1.569961782824743,0.03933477241943817,-0.020034699151731443
6890.0,275.6,1.0,31.268581213541722,-1.151344197269355,31.268581213541722,-1.151344197269355,1.5780843265355249,0.0421847469699667,-0.020457558374998214
6891.0,275.64,1.0,31.26685434026745,-1.4017224081042943,31.26685434026745,-1.4017224081042943,1.5862718360465884,0.04534465440002431,-0.020589108164451957
6892.0,275.68,1.0,31.263082557482612,-1.6523840314195415,31.263082557482612,-1.6523840314195415,1.5945252408207633,0.048818156348858624,-0.020434319549251054
6893.0,275.72,1.0,31.25701289409137,-1.9018911603792987,31.25701289409137,-1.9018911603792987,1.6028441307559251,0.05258672467348502,-0.020004293821676167
6894.0,275.76,1.0,31.247749088618292,-2.150566047073144,31.247749088618292,-2.150566047073144,1.6112264957909321,0.0566214052596802,-0.01931613441263797
6895.0,275.8,1.0,31.235758866579452,-2.3992929916838945,31.235758866579452,-2.3992929916838945,1.6196694800999025,0.06088550242974868,-0.01839224609368768
6896.0,275.84000000000003,1.0,31.221240084249075,-2.649043133715841,31.221240084249075,-2.649043133715841,1.6281691134785998,0.06532666526409717,-0.017259779171008738
6897.0,275.88,1.0,31.20452202987234,-2.898056267406514,31.20452202987234,-2.898056267406514,1.6367209021108973,0.06986587628481052,-0.0159495137516224
6898.0,275.92,1.0,31.186083880066782,-3.146791950557131,31.186083880066782,-3.146791950557131,1.6453194148927568,0.07441474671112847,-0.014494784594019022
6899.0,275.96,1.0,31.165617500454836,-3.3947277677757697,31.165617500454836,-3.3947277677757697,1.6539582885531459,0.07888551071031154,-0.012930694105344559
6900.0,276.0,1.0,31.14374308747095,-3.6433396896679446,31.14374308747095,-3.6433396896679446,1.6626306888459947,0.08318613876513434,-0.011293117326396067
6901.0,276.04,1.0,31.119896543330015,-3.891850934454812,31.119896543330015,-3.891850934454812,1.6713288926016383,0.08721655805830267,-0.009617534308773329
6902.0,276.08,1.0,31.09412377187751,-4.138674464287598,31.09412377187751,-4.138674464287598,1.6800449715495287,0.09087044340204979,-0.007937806103512452
6903.0,276.12,1.0,31.065351796996044,-4.383985941123163,31.065351796996044,-4.383985941123163,1.6887705600954317,0.09405897657842739,-0.0062854456939534535
6904.0,276.16,1.0,31.03499185887561,-4.62947225637631,31.03499185887561,-4.62947225637631,1.6974980436284592,0.09670628797127982,-0.004689188829802197
6905.0,276.2,1.0,31.001682606260193,-4.874358160568503,31.001682606260193,-4.874358160568503,1.706220611941737,0.09874996603894148,-0.003174102406499745
6906.0,276.24,1.0,30.967311992649798,-5.118602551852286,30.967311992649798,-5.118602551852286,1.7149325758918104,0.10013452635199786,-0.0017610214326297252
6907.0,276.28000000000003,1.0,30.93068622433727,-5.360833061393402,30.93068622433727,-5.360833061393402,1.7236295164576867,0.10083023265406887,-0.0004659750491972335
6908.0,276.32,1.0,30.8914355473536,-5.601436052956434,30.8914355473536,-5.601436052956434,1.732307273131876,0.10083740734035325,0.0006995879535054081
6909.0,276.36,1.0,30.850369439122698,-5.841049085834031,30.850369439122698,-5.841049085834031,1.740962592389406,0.10017969187592328,0.0017288804463145104
6910.0,276.40000000000003,1.0,30.807710054545772,-6.079988279561852,30.807710054545772,-6.079988279561852,1.7495926520310086,0.09889446299782234,0.0026198588471310845
6911.0,276.44,1.0,30.763679851465287,-6.316134691961162,30.763679851465287,-6.316134691961162,1.758195241299715,0.09703849204941746,0.003375078612325378
6912.0,276.48,1.0,30.716335613791436,-6.551775721529021,30.716335613791436,-6.551775721529021,1.766768148519633,0.0946937459509984,0.004001142100502674
6913.0,276.52,1.0,30.667590314087743,-6.786037924241485,30.667590314087743,-6.786037924241485,1.7753091709866458,0.09196707818984289,0.0045079748452843005
6914.0,276.56,1.0,30.617050716381573,-7.021468212005971,30.617050716381573,-7.021468212005971,1.7838164167100619,0.08897159024398496,0.004908579523560601
6915.0,276.6,1.0,30.565328902836608,-7.256836417978644,30.565328902836608,-7.256836417978644,1.7922879390119864,0.0858296983342581,0.00521856433951511
6916.0,276.64,1.0,30.512189964719845,-7.490877158964972,30.512189964719845,-7.490877158964972,1.800722088995093,0.08266691536989064,0.005455442323738531
6917.0,276.68,1.0,30.45617915612749,-7.72427376998201,30.45617915612749,-7.72427376998201,1.8091163593528177,0.07962448860644038,0.005637711343906995
6918.0,276.72,1.0,30.398228490064394,-7.957538921825749,30.398228490064394,-7.957538921825749,1.8174676440853799,0.07683279123305206,0.005784119166783053
6919.0,276.76,1.0,30.338382717133168,-8.189638961751232,30.338382717133168,-8.189638961751232,1.825773000528431,0.07441358684630033,0.005913359066844848
6920.0,276.8,1.0,30.27642205094342,-8.4211807466079,30.27642205094342,-8.4211807466079,1.8340294763488731,0.0724709692549621,0.006043352667407747
6921.0,276.84000000000003,1.0,30.21321234929107,-8.649585816662128,30.21321234929107,-8.649585816662128,1.842234344285922,0.07109989920180479,0.006190591831295082
6922.0,276.88,1.0,30.147742310542363,-8.880148213841723,30.147742310542363,-8.880148213841723,1.850385204921959,0.07037605015177592,0.006369432094959876
6923.0,276.92,1.0,30.08131033167146,-9.107795350153832,30.08131033167146,-9.107795350153832,1.858481053830166,0.07034901704245175,0.006591902433823899
6924.0,276.96,1.0,30.011716695331426,-9.336508541273613,30.011716695331426,-9.336508541273613,1.8665218805284667,0.07104127192512795,0.006867309604563558
6925.0,277.0,1.0,29.941715678062458,-9.563566156950646,29.941715678062458,-9.563566156950646,1.8745087475756435,0.07245257122234927,0.007201846472295216
6926.0,277.04,1.0,29.868672807358593,-9.790542329321376,29.868672807358593,-9.790542329321376,1.8824428406083282,0.074559445248748,0.007598397718954134
6927.0,277.08,1.0,29.79342843050092,-10.016156604800837,29.79342843050092,-10.016156604800837,1.8903250513857794,0.07731839886057301,0.008056383431179207
6928.0,277.12,1.0,29.71625746258823,-10.240962662498191,29.71625746258823,-10.240962662498191,1.8981569771576599,0.08065176477539575,0.008572001019388823
6929.0,277.16,1.0,29.637267771930244,-10.466446157828111,29.637267771930244,-10.466446157828111,1.9059407873442091,0.08446375466814819,0.009138385707621767
6930.0,277.2,1.0,29.556925202624342,-10.690318855317189,29.556925202624342,-10.690318855317189,1.9136785915539682,0.08863885423400833,0.009745712049011774
6931.0,277.24,1.0,29.4746623405347,-10.913378309427811,29.4746623405347,-10.913378309427811,1.921372494163577,0.09305291970132279,0.010381453424895484
6932.0,277.28000000000003,1.0,29.390655105160995,-11.136309842261992,29.390655105160995,-11.136309842261992,1.9290246729760132,0.09756554604889664,0.011030889681517775
6933.0,277.32,1.0,29.305484206919324,-11.35792162327613,29.305484206919324,-11.35792162327613,1.936636731294401,0.10203015812395215,0.011677772581026355
6934.0,277.36,1.0,29.21881350186148,-11.578548432908333,29.21881350186148,-11.578548432908333,1.944209403553684,0.10630119018267811,0.012304810162785026
6935.0,277.40000000000003,1.0,29.130958435319485,-11.796599051269512,29.130958435319485,-11.796599051269512,1.9517425404973576,0.11023806779918406,0.01289462944421956
6936.0,277.44,1.0,29.040603882251578,-12.014785070882173,29.040603882251578,-12.014785070882173,1.9592346652452968,0.11370922656081917,0.013430237616890953
6937.0,277.48,1.0,28.94920120861935,-12.231294290745206,28.94920120861935,-12.231294290745206,1.9666838602896957,0.1165941914557795,0.013895596778836944
6938.0,277.52,1.0,28.85724790813369,-12.446242423516804,28.85724790813369,-12.446242423516804,1.9740884897947304,0.11878856077466309,0.014276274633640618
6939.0,277.56,1.0,28.763461921698458,-12.660038325182146,28.763461921698458,-12.660038325182146,1.9814468198479187,0.12021033499753626,0.014560078773412704
6940.0,277.6,1.0,28.668265911914283,-12.87216265724297,28.668265911914283,-12.87216265724297,1.9887568232258501,0.12080734960758308,0.014737335448920277
6941.0,277.64,1.0,28.572155164623336,-13.082797316091966,28.572155164623336,-13.082797316091966,1.9960167532768494,0.12055275448090293,0.014801261098641872
6942.0,277.68,1.0,28.475063023722292,-13.29138112295426,28.475063023722292,-13.29138112295426,2.003224821038993,0.11944602171399217,0.014748464456314992
6943.0,277.72,1.0,28.378132895457263,-13.499878910274845,28.378132895457263,-13.499878910274845,2.010379508273604,0.11751918328130476,0.014578824413429992
6944.0,277.76,1.0,28.281594560942587,-13.70598994179262,28.281594560942587,-13.70598994179262,2.0174802450951517,0.114837059186682,0.014295426031781047
6945.0,277.8,1.0,28.18178601305173,-13.910866764783979,28.18178601305173,-13.910866764783979,2.0245268732658497,0.11149198174715444,0.01390431833423574
6946.0,277.84000000000003,1.0,28.080773274671706,-14.114558320447495,28.080773274671706,-14.114558320447495,2.0315203616070185,0.1076008852710767,0.013413903281661851
6947.0,277.88,1.0,27.979069965963152,-14.317442032323077,27.979069965963152,-14.317442032323077,2.038463061528785,0.10329929293506582,0.012834690682587293
6948.0,277.92,1.0,27.876517358166602,-14.519883435848822,27.876517358166602,-14.519883435848822,2.045359160478795,0.0987414624092684,0.012178938664891175
6949.0,277.96,1.0,27.772193971993666,-14.720305364083572,27.772193971993666,-14.720305364083572,2.0522129873433457,0.0940881373289891,0.011459940803125927
6950.0,278.0,1.0,27.667255553531465,-14.92057775460915,27.667255553531465,-14.92057775460915,2.059029707924202,0.08951138690230906,0.010690951704932863
6951.0,278.04,1.0,27.560388629140498,-15.120303295766021,27.560388629140498,-15.120303295766021,2.065815180488385,0.08517577900856876,0.009884885319100303
6952.0,278.08,1.0,27.451911791769994,-15.316867898506157,27.451911791769994,-15.316867898506157,2.07257583658216,0.08124365399178499,0.009053689027190979
6953.0,278.12,1.0,27.342099403502317,-15.515051490675173,27.342099403502317,-15.515051490675173,2.0793192277689476,0.07786596784797144,0.0082075831680968
6954.0,278.16,1.0,27.232706527974237,-15.71027066901512,27.232706527974237,-15.71027066901512,2.0860528830028975,0.07517456025471232,0.007354839400874039
6955.0,278.2,1.0,27.12169638428429,-15.905751700474081,27.12169638428429,-15.905751700474081,2.092783991735887,0.07327083124795401,0.006501346572095853
6956.0,278.24,1.0,27.009268704684747,-16.098715936283913,27.009268704684747,-16.098715936283913,2.099520104069295,0.07222832047652858,0.005650370105429265
6957.0,278.28000000000003,1.0,26.896668462848616,-16.29078094379813,26.896668462848616,-16.29078094379813,2.106268708568539,0.07208503972382059,0.004802545016043751
6958.0,278.32,1.0,26.781432718473013,-16.482347381263178,26.781432718473013,-16.482347381263178,2.113037017697189,0.07284947402723536,0.003956318532523989
6959.0,278.36,1.0,26.664834214914215,-16.673433072620057,26.664834214914215,-16.673433072620057,2.1198306722116333,0.07449098719890039,0.0031078638061407477
6960.0,278.40000000000003,1.0,26.546920252290864,-16.86425509747918,26.546920252290864,-16.86425509747918,2.1266559541879575,0.07694891390395338,0.0022517144463885625
6961.0,278.44,1.0,26.426541616855758,-17.05625385005611,26.426541616855758,-17.05625385005611,2.1335178659717746,0.0801215074018053,0.0013816375164979063
6962.0,278.48,1.0,26.305938808969284,-17.246543862006828,26.305938808969284,-17.246543862006828,2.140421286906471,0.08388146091743567,0.0004911536492838459
6963.0,278.52,1.0,26.182093834937877,-17.437879708671453,26.182093834937877,-17.437879708671453,2.1473699690389765,0.08807599175511893,-0.00042569483447347926
6964.0,278.56,1.0,26.05757697800263,-17.626717371812322,26.05757697800263,-17.626717371812322,2.1543663147159404,0.09253310505294335,-0.0013734640944811972
6965.0,278.6,1.0,25.93268825865697,-17.815431844565175,25.93268825865697,-17.815431844565175,2.1614121608130974,0.0970705544285551,-0.002354699136596917
6966.0,278.64,1.0,25.808818733670925,-18.002096601814713,25.808818733670925,-18.002096601814713,2.1685088221926105,0.1015083470295695,-0.0033691603936816424
6967.0,278.68,1.0,25.68487054243468,-18.187233992021884,25.68487054243468,-18.187233992021884,2.1756561573566016,0.10566907041876902,-0.0044130544715734864
6968.0,278.72,1.0,25.559144677967065,-18.369544092789162,25.559144677967065,-18.369544092789162,2.1828520782595158,0.10938982811643087,-0.005478575130013657
6969.0,278.76,1.0,25.432739005612987,-18.550731520241495,25.432739005612987,-18.550731520241495,2.1900933129362494,0.11252583942752281,-0.006554454839808888
6970.0,278.8,1.0,25.30475122369587,-18.730059059695257,25.30475122369587,-18.730059059695257,2.197375993681227,0.1149591279496491,-0.007625248533860049
6971.0,278.84000000000003,1.0,25.17595218271358,-18.90883857129358,25.17595218271358,-18.90883857129358,2.204694415170768,0.11660193843224982,-0.008671548320113765
6972.0,278.88,1.0,25.047394537616803,-19.086576488706193,25.047394537616803,-19.086576488706193,2.212043237115073,0.11741125368429912,-0.009670144980202366
6973.0,278.92,1.0,24.917396631204305,-19.261336759587568,24.917396631204305,-19.261336759587568,2.2194157897173166,0.11737838065922104,-0.010595146767006569
6974.0,278.96,1.0,24.785807905375684,-19.434866276239354,24.785807905375684,-19.434866276239354,2.2268062510347018,0.11653016151262512,-0.011418638436026385
6975.0,279.0,1.0,24.65261858130896,-19.606249220855496,24.65261858130896,-19.606249220855496,2.234208734649944,0.11493210124870987,-0.01211172810674908
6976.0,279.04,1.0,24.519548204444753,-19.776782820725305,24.519548204444753,-19.776782820725305,2.2416178229956425,0.11268429412544304,-0.01264527029351847
6977.0,279.08,1.0,24.38533083313406,-19.946776040126228,24.38533083313406,-19.946776040126228,2.2490278678035347,0.10991510987853244,-0.012991244164776128
6978.0,279.12,1.0,24.250228761335343,-20.115282612699954,24.250228761335343,-20.115282612699954,2.2564341386093636,0.10677629596450403,-0.013124251402174913
6979.0,279.16,1.0,24.116121803419098,-20.282117371189504,24.116121803419098,-20.282117371189504,2.2638334181763113,0.10344431753611347,-0.013022723117129575
6980.0,279.2,1.0,23.980190748258813,-20.446298109201926,23.980190748258813,-20.446298109201926,2.271222966901327,0.10010215777575157,-0.012669210494332223
6981.0,279.24,1.0,23.845214868809926,-20.608445734889138,23.845214868809926,-20.608445734889138,2.2786017834444805,0.0969444294690468,-0.012052075520365538
6982.0,279.28000000000003,1.0,23.70705467621846,-20.76936245957247,23.70705467621846,-20.76936245957247,2.2859695123209494,0.09416101688879334,-0.011166369237718238
6983.0,279.32,1.0,23.569552816692813,-20.927532706489238,23.569552816692813,-20.927532706489238,2.29332568359085,0.09192305984079588,-0.010014833391655431
6984.0,279.36,1.0,23.428479677066942,-21.086413644619437,23.428479677066942,-21.086413644619437,2.300670383571033,0.0903845061708759,-0.008607022840779013
6985.0,279.40000000000003,1.0,23.287303065530132,-21.243637669666864,23.287303065530132,-21.243637669666864,2.308002476959031,0.0896793006935402,-0.006959826181839731
6986.0,279.44,1.0,23.14072277475077,-21.398753359256666,23.14072277475077,-21.398753359256666,2.315320614224091,0.08990775764046885,-0.0050971714079705525
6987.0,279.48,1.0,22.992286455092437,-21.553014402084443,22.992286455092437,-21.553014402084443,2.3226221377087115,0.09113316433363132,-0.003050264861903837
6988.0,279.52,1.0,22.842843666064233,-21.706534123993904,22.842843666064233,-21.706534123993904,2.329904632780667,0.09338540921962404,-0.0008561319703988983
6989.0,279.56,1.0,22.692919944276433,-21.858622517101047,22.692919944276433,-21.858622517101047,2.337165013742525,0.09666233110699726,0.0014436761626965763
6990.0,279.6,1.0,22.541661708137017,-22.009121627455535,22.541661708137017,-22.009121627455535,2.3443991330027485,0.10091723933839805,0.0038043901371452387
6991.0,279.64,1.0,22.38870997122074,-22.160122325665252,22.38870997122074,-22.160122325665252,2.3516025863143084,0.10608128935327668,0.00617887338703497
6992.0,279.68,1.0,22.236559746076104,-22.308430211887696,22.236559746076104,-22.308430211887696,2.358768268353667,0.11204942514125808,0.008519554058064125
6993.0,279.72,1.0,22.085024614310175,-22.45813742242113,22.085024614310175,-22.45813742242113,2.3658897027067267,0.11870126822906904,0.01078010063034494
6994.0,279.76,1.0,21.93116458461767,-22.605608140660497,21.93116458461767,-22.605608140660497,2.3729590333117887,0.12590351888194115,0.01291720505674154
6995.0,279.8,1.0,21.77875758797488,-22.75085708946848,21.77875758797488,-22.75085708946848,2.3799684093505755,0.13351809202489787,0.014890777389723863
6996.0,279.84000000000003,1.0,21.62562968865805,-22.894286146579326,21.62562968865805,-22.894286146579326,2.386909421505059,0.14139526310105022,0.016665844473635897
6997.0,279.88,1.0,21.47410774185538,-23.036188731539962,21.47410774185538,-23.036188731539962,2.393774703254909,0.14939370719949427,0.018213565967380753
6998.0,279.92,1.0,21.319021652858503,-23.175057303084397,21.319021652858503,-23.175057303084397,2.4005581695745772,0.15738575714924896,0.019512894517335767
6999.0,279.96,1.0,21.164428226524674,-23.313716645004888,21.164428226524674,-23.313716645004888,2.407254167586555,0.16525464594540193,0.02055015177206259
7000.0,280.0,1.0,21.008225562011074,-23.45306754850581,21.008225562011074,-23.45306754850581,2.413858057518193,0.1729021461555738,0.021319338149132484
7001.0,280.04,1.0,20.851390884282274,-23.589350010637762,20.851390884282274,-23.589350010637762,2.4203659864644966,0.1802597505977913,0.021822040144043164
7002.0,280.08,1.0,20.694316127479215,-23.72368312966068,20.694316127479215,-23.72368312966068,2.4267750451241414,0.18727193549457583,0.02206727783086921
7003.0,280.12,1.0,20.536849399626455,-23.85683273630098,20.536849399626455,-23.85683273630098,2.4330849078889907,0.19390779438251957,0.022070749317124858
7004.0,280.16,1.0,20.379850870430385,-23.986889699544044,20.379850870430385,-23.986889699544044,2.439294462783554,0.20015131096031621,0.021853743319083997
7005.0,280.2,1.0,20.223747515944957,-24.115582846887612,20.223747515944957,-24.115582846887612,2.445405510437615,0.206005653807159,0.02144188690963692
7006.0,280.24,1.0,20.066632314015326,-24.244476914949846,20.066632314015326,-24.244476914949846,2.4514205163312934,0.21148279212081045,0.020864380074628285
7007.0,280.28000000000003,1.0,19.91274123587514,-24.372871595209226,19.91274123587514,-24.372871595209226,2.457345575846781,0.21661708292241705,0.020152323006578536
7008.0,280.32,1.0,19.75849934705203,-24.499313614957586,19.75849934705203,-24.499313614957586,2.463186324680451,0.2214452713547824,0.019337374361350607
7009.0,280.36,1.0,19.604211898560713,-24.624149707388586,19.604211898560713,-24.624149707388586,2.4689494254038284,0.22600732167062634,0.01844994712715361
7010.0,280.40000000000003,1.0,19.449560250437067,-24.74762632135269,19.449560250437067,-24.74762632135269,2.4746421389489344,0.23034386192407208,0.01751876151312984
7011.0,280.44,1.0,19.296044481053713,-24.866843651149697,19.296044481053713,-24.866843651149697,2.480271572945156,0.23448691243910283,0.01656933270819576
7012.0,280.48,1.0,19.142804025683766,-24.987700231307066,19.142804025683766,-24.987700231307066,2.48584647458798,0.23845239339843963,0.015623191687099048
7013.0,280.52,1.0,18.98751464017854,-25.103507921297336,18.98751464017854,-25.103507921297336,2.4913748730609457,0.24225040899596956,0.014697211687009442
7014.0,280.56,1.0,18.83316839317446,-25.219262374821813,18.83316839317446,-25.219262374821813,2.4968651327829456,0.2458802889181726,0.013803047464697465
7015.0,280.6,1.0,18.677385518508334,-25.333785015046747,18.677385518508334,-25.333785015046747,2.5023267735791124,0.24932388682681697,0.012946949702579032
7016.0,280.64,1.0,18.521550132306068,-25.44779400803167,18.521550132306068,-25.44779400803167,2.5077690822097845,0.2525471648737668,0.012129999490274318
7017.0,280.68,1.0,18.364301145575226,-25.56017313516525,18.364301145575226,-25.56017313516525,2.513201475910334,0.25551067613709666,0.011348936493602807
7018.0,280.72,1.0,18.209637611943233,-25.672664962537276,18.209637611943233,-25.672664962537276,2.5186304884282964,0.25815927603789124,0.010596402506349394
7019.0,280.76,1.0,18.052512068993757,-25.782935920504876,18.052512068993757,-25.782935920504876,2.5240627767895085,0.26043497802892235,0.009861723278417962
7020.0,280.8,1.0,17.897155139415855,-25.890413075026693,17.897155139415855,-25.890413075026693,2.5295033398302684,0.26227209756770636,0.009131791592543815
7021.0,280.84000000000003,1.0,17.74294846176038,-25.99763550343867,17.74294846176038,-25.99763550343867,2.5349563140638067,0.26360359943716916,0.008391846436599088
7022.0,280.88,1.0,17.590290799573378,-26.10277116231549,17.590290799573378,-26.10277116231549,2.5404259589848452,0.26437002847787994,0.00762713601674179
7023.0,280.92,1.0,17.438705169611477,-26.205822985355393,17.438705169611477,-26.205822985355393,2.545913907827199,0.2645225699631032,0.006823649946799687
7024.0,280.96,1.0,17.288705086532456,-26.308173953177082,17.288705086532456,-26.308173953177082,2.5514232279311244,0.2640164233673497,0.005969069553563377
7025.0,281.0,1.0,17.138902273459212,-26.40858820712981,17.138902273459212,-26.40858820712981,2.5569550505066005,0.26281143054142336,0.005053838490605216
7026.0,281.04,1.0,16.992284278682632,-26.50725539449395,16.992284278682632,-26.50725539449395,2.5625104207107836,0.2608882159004574,0.004072608601614314
7027.0,281.08,1.0,16.842442885463598,-26.603292483340056,16.842442885463598,-26.603292483340056,2.5680879665738328,0.2582436491696357,0.003024597596254959
7028.0,281.12,1.0,16.69327367587956,-26.698855502562754,16.69327367587956,-26.698855502562754,2.5736858963701006,0.2548823817123527,0.0019131783067923471
7029.0,281.16,1.0,16.545483467502486,-26.793189387804205,16.545483467502486,-26.793189387804205,2.579302326518248,0.2508215664389684,0.0007468346756314588
7030.0,281.2,1.0,16.39842031520137,-26.88628087292692,16.39842031520137,-26.88628087292692,2.5849352674608577,0.24609093899601073,-0.0004606970728535456
7031.0,281.24,1.0,16.252644582323946,-26.97910619233801,16.252644582323946,-26.97910619233801,2.590583032084992,0.24073553677034285,-0.0016905313802636872
7032.0,281.28000000000003,1.0,16.103931978909376,-27.06957113084451,16.103931978909376,-27.06957113084451,2.5962435093299163,0.23480911165381743,-0.002919603165450964
7033.0,281.32,1.0,15.957562818569253,-27.15913139367341,15.957562818569253,-27.15913139367341,2.6019140013638657,0.22836590832724663,-0.004121713233811721
7034.0,281.36,1.0,15.809864791397683,-27.247152461713917,15.809864791397683,-27.247152461713917,2.6075928752783684,0.22146180738652851,-0.005267928319714033
7035.0,281.40000000000003,1.0,15.664510420580857,-27.334872998968375,15.664510420580857,-27.334872998968375,2.6132768986783823,0.2141616588131185,-0.006327237234170262
7036.0,281.44,1.0,15.51800435791271,-27.42064583759616,15.51800435791271,-27.42064583759616,2.6189633530611895,0.20654005196932426,-0.007267651404528397
7037.0,281.48,1.0,15.373125357384623,-27.504447930061424,15.373125357384623,-27.504447930061424,2.6246483737146855,0.1986618639654597,-0.008058642444078659
7038.0,281.52,1.0,15.227890609355635,-27.58646772257726,15.227890609355635,-27.58646772257726,2.6303295973853236,0.1905879940556313,-0.008671833684763163
7039.0,281.56,1.0,15.08536088619185,-27.667202774703657,15.08536088619185,-27.667202774703657,2.636004808847118,0.18237567211910308,-0.009081638585707019
7040.0,281.6,1.0,14.942908356389173,-27.74627443123411,14.942908356389173,-27.74627443123411,2.6416729056644854,0.17408435798579042,-0.009266725465218114
7041.0,281.64,1.0,14.799635474574893,-27.824409953783864,14.799635474574893,-27.824409953783864,2.6473329674658914,0.16576221090368218,-0.00921171996878709
7042.0,281.68,1.0,14.655708327316512,-27.901674076950115,14.655708327316512,-27.901674076950115,2.6529841816525517,0.15745018907867028,-0.008907908137445825
7043.0,281.72,1.0,14.5112719729188,-27.979349803947947,14.5112719729188,-27.979349803947947,2.658626974181245,0.14918626481183078,-0.008353070094011672
7044.0,281.76,1.0,14.367266640465749,-28.05408189189306,14.367266640465749,-28.05408189189306,2.664261800926429,0.1410128888124044,-0.007551931177404566
7045.0,281.8,1.0,14.222585326522344,-28.12897573485237,14.222585326522344,-28.12897573485237,2.669889597184212,0.1329733575540976,-0.006516710051140859
7046.0,281.84000000000003,1.0,14.077674501222017,-28.20085875831155,14.077674501222017,-28.20085875831155,2.6755107971382404,0.12510500955055698,-0.005267601916052204
7047.0,281.88,1.0,13.933478311591353,-28.272217806661036,13.933478311591353,-28.272217806661036,2.68112643522038,0.11743873080474074,-0.003832196786702535
7048.0,281.92,1.0,13.790172855123359,-28.34117259315128,13.790172855123359,-28.34117259315128,2.6867375240953604,0.11001547846008068,-0.0022436310510579706
7049.0,281.96,1.0,13.644897064198911,-28.410190681029963,13.644897064198911,-28.410190681029963,2.6923451856148146,0.10287934926895521,-0.0005401766786884754
7050.0,282.0,1.0,13.498814958200914,-28.47692666189149,13.498814958200914,-28.47692666189149,2.69794900714058,0.0960805716388185,0.0012354686980854631
7051.0,282.04,1.0,13.353793797658515,-28.544305974881592,13.353793797658515,-28.544305974881592,2.7035484955179094,0.08966032144376025,0.003037376194521936
7052.0,282.08,1.0,13.208800301019409,-28.608848749213802,13.208800301019409,-28.608848749213802,2.7091419799997487,0.0836696110632431,0.004819023439355197
7053.0,282.12,1.0,13.064601839782256,-28.674004848309927,13.064601839782256,-28.674004848309927,2.714727618299748,0.07815804745513091,0.0065345368956431175
7054.0,282.16,1.0,12.921336575595415,-28.73723930979862,12.921336575595415,-28.73723930979862,2.720301497509575,0.07317644506271233,0.008139697007483928
7055.0,282.2,1.0,12.77635812707012,-28.80016911126024,12.77635812707012,-28.80016911126024,2.725859427424538,0.06876363573300825,0.009593543194981114
7056.0,282.24,1.0,12.633298875309581,-28.862198048098996,12.633298875309581,-28.862198048098996,2.731395316616943,0.06495632945643193,0.010860025617460732
7057.0,282.28000000000003,1.0,12.487125874138911,-28.924187800349074,12.487125874138911,-28.924187800349074,2.73690399379132,0.06178564406232737,0.01190974942538164
7058.0,282.32,1.0,12.342660829970088,-28.985516146053453,12.342660829970088,-28.985516146053453,2.7423795501949693,0.05927891144840895,0.012720480966915063
7059.0,282.36,1.0,12.195813324655395,-29.046075953296857,12.195813324655395,-29.046075953296857,2.7478168641814174,0.05744694875099497,0.013277383986333402
7060.0,282.40000000000003,1.0,12.050089107973026,-29.105376214750144,12.050089107973026,-29.105376214750144,2.753209882861163,0.05628762098537656,0.013573536710063307
7061.0,282.44,1.0,11.903134714281496,-29.16462062464055,11.903134714281496,-29.16462062464055,2.7585548653764747,0.0557854039607927,0.01361087983761049
7062.0,282.48,1.0,11.757734842097651,-29.222717180662794,11.757734842097651,-29.222717180662794,2.763847151416168,0.055923289247327326,0.013399844040932052
7063.0,282.52,1.0,11.611062878891708,-29.279235661108494,11.611062878891708,-29.279235661108494,2.7690839778630107,0.05666653061729189,0.012957841254944213
7064.0,282.56,1.0,11.463727616511331,-29.336502104161127,11.463727616511331,-29.336502104161127,2.774262941089729,0.05797118249816269,0.012308437790011898
7065.0,282.6,1.0,11.315960846563334,-29.39202801737168,11.315960846563334,-29.39202801737168,2.7793840369978478,0.05977779502915,0.011480681902623139
7066.0,282.64,1.0,11.168526530643637,-29.448534168381553,11.168526530643637,-29.448534168381553,2.784448825214141,0.06202697537785652,0.010507531336761163
7067.0,282.68,1.0,11.02023432404704,-29.50371757363368,11.02023432404704,-29.50371757363368,2.7894618159989757,0.06464530571811611,0.009424213464668704
7068.0,282.72,1.0,10.87243305989407,-29.559424218762217,10.87243305989407,-29.559424218762217,2.7944291832336754,0.06755677065089022,0.008266315088217274
7069.0,282.76,1.0,10.724697702412318,-29.61281752751762,10.724697702412318,-29.61281752751762,2.7993586282400003,0.07067915146073123,0.007068668947402124
7070.0,282.8,1.0,10.57954400228109,-29.666903092616003,10.57954400228109,-29.666903092616003,2.8042594997230426,0.07393570812136646,0.005863723929947391
7071.0,282.84000000000003,1.0,10.431780891385506,-29.71786765109602,10.431780891385506,-29.71786765109602,2.80914284140932,0.07725104141733971,0.004680616030955981
7072.0,282.88,1.0,10.28552683649841,-29.76882740779872,10.28552683649841,-29.76882740779872,2.814019615091671,0.08055446184093451,0.003542844785506699
7073.0,282.92,1.0,10.138441425627722,-29.81827209380716,10.138441425627722,-29.81827209380716,2.818902307068838,0.08377281227884492,0.002468077462095062
7074.0,282.96,1.0,9.991179134956617,-29.867039325848378,9.991179134956617,-29.867039325848378,2.8238032317558717,0.08684435666793554,0.0014678807813108374
7075.0,283.0,1.0,9.843978370039418,-29.913517762439632,9.843978370039418,-29.913517762439632,2.8287351039821473,0.08971672349890018,0.0005480038804286071
7076.0,283.04,1.0,9.697434112499472,-29.960384799358856,9.697434112499472,-29.960384799358856,2.833710147160544,0.09234973541959227,-0.0002922486821875465
7077.0,283.08,1.0,9.551379413439692,-30.006044994979355,9.551379413439692,-30.006044994979355,2.83873896349841,0.09470781195863286,-0.0010586258289537339
7078.0,283.12,1.0,9.406074049512146,-30.05112307839304,9.406074049512146,-30.05112307839304,2.8438299928367528,0.09676933218834435,-0.0017610408858782691
7079.0,283.16,1.0,9.259812089065734,-30.095099755243307,9.259812089065734,-30.095099755243307,2.848988624917717,0.09852094474272886,-0.002412100397463078
7080.0,283.2,1.0,9.11408575708126,-30.139361272003185,9.11408575708126,-30.139361272003185,2.8542180306312828,0.09995916102942934,-0.0030260261828119984
7081.0,283.24,1.0,8.968317528655353,-30.181515531210533,8.968317528655353,-30.181515531210533,2.8595168745480053,0.10108334998910155,-0.0036166145147932005
7082.0,283.28000000000003,1.0,8.82211393472863,-30.223629867860968,8.82211393472863,-30.223629867860968,2.864881247087699,0.101902054724302,-0.004196349411365584
7083.0,283.32,1.0,8.677292659695713,-30.264886368705163,8.677292659695713,-30.264886368705163,2.870304275532944,0.10242797632126624,-0.004773974874383204
7084.0,283.36,1.0,8.532759911698017,-30.305255352307757,8.532759911698017,-30.305255352307757,2.8757767414357684,0.102682496940909,-0.005353863319691031
7085.0,283.40000000000003,1.0,8.388487417132156,-30.34374810171439,8.388487417132156,-30.34374810171439,2.881286538425153,0.10268637444844333,-0.005934699105226338
7086.0,283.44,1.0,8.245749528373711,-30.38236565060823,8.245749528373711,-30.38236565060823,2.88682035419671,0.10246049092016533,-0.0065093881603099065
7087.0,283.48,1.0,8.103385248423736,-30.419445705607558,8.103385248423736,-30.419445705607558,2.89236287985202,0.10202572555036049,-0.0070636440975549355
7088.0,283.52,1.0,7.960166878708558,-30.456101758644053,7.960166878708558,-30.456101758644053,2.8978988708685556,0.10140525825633358,-0.007577289903041529
7089.0,283.56,1.0,7.817123012972488,-30.492682777117732,7.817123012972488,-30.492682777117732,2.903413115008296,0.10061814853677926,-0.008024593760385978
7090.0,283.6,1.0,7.672873601235875,-30.528136834093875,7.672873601235875,-30.528136834093875,2.9088918481044255,0.09968080017632205,-0.008375637797725677
7091.0,283.64,1.0,7.529831150902541,-30.56309068679595,7.529831150902541,-30.56309068679595,2.914322770219072,0.0986070307000221,-0.00859751946028288
7092.0,283.68,1.0,7.388354653591328,-30.596744564936007,7.388354653591328,-30.596744564936007,2.9196978923848094,0.09740885438946799,-0.008656988824999606
7093.0,283.72,1.0,7.245051833154572,-30.629440000647577,7.245051833154572,-30.629440000647577,2.925011952908404,0.0960969704637081,-0.008521849937524547
7094.0,283.76,1.0,7.103384960444775,-30.661732121542922,7.103384960444775,-30.661732121542922,2.9302633480303655,0.09467993938894279,-0.008163570028383046
7095.0,283.8,1.0,6.961158623921413,-30.693487570687743,6.961158623921413,-30.693487570687743,2.9354533790916917,0.09316544170259895,-0.007559257923738178
7096.0,283.84000000000003,1.0,6.818343654394536,-30.723102177052567,6.818343654394536,-30.723102177052567,2.9405875782080786,0.09156047740304382,-0.006694074441901536
7097.0,283.88,1.0,6.677337527702456,-30.75130827845306,6.677337527702456,-30.75130827845306,2.945672967337657,0.0898718951656129,-0.005562616009968534
7098.0,283.92,1.0,6.5358710663697845,-30.778409004197613,6.5358710663697845,-30.778409004197613,2.9507194357816884,0.08810627682109316,-0.004170997528440736
7099.0,283.96,1.0,6.396226128805033,-30.803637122490056,6.396226128805033,-30.803637122490056,2.9557380890028897,0.08626714051844898,-0.0025369287156337796
7100.0,284.0,1.0,6.256000515323972,-30.8276912399828,6.256000515323972,-30.8276912399828,2.960741387678291,0.08436149372304784,-0.0006905223056738266
7101.0,284.04,1.0,6.115534970294635,-30.850798052290475,6.115534970294635,-30.850798052290475,2.965742210033695,0.08239668799614727,0.0013261367475738517
7102.0,284.08,1.0,5.97616113910628,-30.873534633776586,5.97616113910628,-30.873534633776586,2.97075313711994,0.08038114377691474,0.0034597848806158134
7103.0,284.12,1.0,5.8356539864805725,-30.895118764900285,5.8356539864805725,-30.895118764900285,2.975784373327758,0.07832498733904589,0.005648396683907527
7104.0,284.16,1.0,5.695388476203908,-30.915418869306556,5.695388476203908,-30.915418869306556,2.980844132970318,0.07623565551487776,0.007822807000709373
7105.0,284.2,1.0,5.554334500968908,-30.93617864484775,5.554334500968908,-30.93617864484775,2.985937816300935,0.0741208766380658,0.009909471494951147
7106.0,284.24,1.0,5.413966706654121,-30.955593699989684,5.413966706654121,-30.955593699989684,2.991067650457903,0.0719871348853672,0.011833954051403589
7107.0,284.28000000000003,1.0,5.274263023638399,-30.974722940857344,5.274263023638399,-30.974722940857344,2.9962318210637475,0.0698433587506884,0.013524461786507952
7108.0,284.32,1.0,5.134981691823661,-30.992796526681882,5.134981691823661,-30.992796526681882,3.0014262541430043,0.06769700401908334,0.014914980737686412
7109.0,284.36,1.0,4.996028109960054,-31.009918143349523,4.996028109960054,-31.009918143349523,3.00664311370219,0.06555686639276184,0.015948632754890606
7110.0,284.40000000000003,1.0,4.857437327496586,-31.027152105922085,4.857437327496586,-31.027152105922085,3.0118724730376245,0.06343390990300143,0.016580635252502734
7111.0,284.44,1.0,4.719506243231854,-31.044091681255104,4.719506243231854,-31.044091681255104,3.017101691113389,0.06133964614668319,0.016781403348607483
7112.0,284.48,1.0,4.579793796806893,-31.06141991637436,4.579793796806893,-31.06141991637436,3.02231625511814,0.059286987599115396,0.01653882177340159
7113.0,284.52,1.0,4.4417925854970655,-31.077660945757344,4.4417925854970655,-31.077660945757344,3.027500086856466,0.057288682208089026,0.015859310508621775
7114.0,284.56,1.0,4.304231938157408,-31.093818489640064,4.304231938157408,-31.093818489640064,3.0326369974102603,0.05535851635611057,0.014768035424799365
7115.0,284.6,1.0,4.167381571867104,-31.109576064086717,4.167381571867104,-31.109576064086717,3.0377105804292834,0.053510511233806665,0.013308963554773956
7116.0,284.64,1.0,4.0303542238346735,-31.12453181812354,4.0303542238346735,-31.12453181812354,3.0427053722315387,0.051761009802373394,0.01154391401249357
7117.0,284.68,1.0,3.8931301761506463,-31.13932606230651,3.8931301761506463,-31.13932606230651,3.047607815617979,0.050125787944143387,0.009549704144267987
7118.0,284.72,1.0,3.755738294019475,-31.153641061584477,3.755738294019475,-31.153641061584477,3.0524070333495397,0.048620883169735375,0.007415289475156808
7119.0,284.76,1.0,3.618377220363773,-31.167768812983475,3.618377220363773,-31.167768812983475,3.057094117178338,0.047265244242400514,0.005238542435278252
7120.0,284.8,1.0,3.480273678669228,-31.181386049173074,3.480273678669228,-31.181386049173074,3.061664636402,0.046076019004849623,0.0031224944572586137
7121.0,284.84000000000003,1.0,3.3431433344889796,-31.193806013812804,3.3431433344889796,-31.193806013812804,3.0661166228317835,0.04506878389977429,0.0011703607365214403
7122.0,284.88,1.0,3.2058262713999524,-31.20471180937084,3.2058262713999524,-31.20471180937084,3.0704523528423064,0.04425673896119041,-0.0005191248030223195
7123.0,284.92,1.0,3.069205383969063,-31.21535379363265,3.069205383969063,-31.21535379363265,3.0746771122488523,0.043651385010558694,-0.00185630786900128
7124.0,284.96,1.0,2.9325293868272935,-31.2248781689196,2.9325293868272935,-31.2248781689196,3.0787997179600124,0.043264661429201115,-0.0027640495344379255
7125.0,285.0,1.0,2.7962279203079534,-31.23404712312759,2.7962279203079534,-31.23404712312759,3.0828317758520223,0.043107203354524115,-0.003181665981445485
7126.0,285.04,1.0,2.659903865792412,-31.241620921727012,2.659903865792412,-31.241620921727012,3.0867870796777455,0.04319053149759657,-0.003068143206669244
7127.0,285.08,1.0,2.5229758545766803,-31.24872177078605,2.5229758545766803,-31.24872177078605,3.0906811017424665,0.043520531421692266,-0.002404734287984783
7128.0,285.12,1.0,2.3862622800256075,-31.254902455799943,2.3862622800256075,-31.254902455799943,3.094529223748341,0.04410194806078042,-0.0011952397396541368
7129.0,285.16,1.0,2.249816281471708,-31.259804006898214,2.249816281471708,-31.259804006898214,3.098346873018254,0.04493333675512926,0.0005334638263410234
7130.0,285.2,1.0,2.1146602505425767,-31.263468964508178,2.1146602505425767,-31.263468964508178,3.1021483606495264,0.04600894443473933,0.0027321806921426356
7131.0,285.24,1.0,1.978656961440933,-31.265893499480256,1.978656961440933,-31.265893499480256,3.1059447108337612,0.047318640110760014,0.0053306723715163765
7132.0,285.28000000000003,1.0,1.843429923275803,-31.267411844497143,1.843429923275803,-31.267411844497143,3.109744302326367,0.04885092861654964,0.008241364972563506
7133.0,285.32,1.0,1.7072434177403957,-31.26863651649918,1.7072434177403957,-31.26863651649918,3.113551375332878,0.05058833889125432,0.011362603679830562
7134.0,285.36,1.0,1.5710561476537244,-31.26831441922618,1.5710561476537244,-31.26831441922618,3.117366783717771,0.05251105616918357,0.01458258392219911
7135.0,285.40000000000003,1.0,1.4348702912785343,-31.26776865753766,1.4348702912785343,-31.26776865753766,3.1211876606481153,0.054593407908067694,0.017783386515259195
7136.0,285.44,1.0,1.2988373048700965,-31.266806485357233,1.2988373048700965,-31.266806485357233,3.1250069445690407,0.056805255964693525,0.02084638561108763
7137.0,285.48,1.0,1.1620424259204059,-31.265751895376262,1.1620424259204059,-31.265751895376262,3.1288154696238477,0.059111298639940156,0.023657245909623453
7138.0,285.52,1.0,1.0270996113124515,-31.26323654519418,1.0270996113124515,-31.26323654519418,3.132600616075343,0.061476497285173994,0.026110510843136304
7139.0,285.56,1.0,0.8918628444777645,-31.263527802736768,0.8918628444777645,-31.263527802736768,3.1363498952410724,0.0638609360435162,0.028113076482431894
7140.0,285.6,1.0,0.7579968680017162,-31.260995316703646,0.7579968680017162,-31.260995316703646,3.1400481686797863,0.06622075947737818,0.029588354822398338
7141.0,285.64,1.0,0.6248784225874005,-31.261816924143574,0.6248784225874005,-31.261816924143574,3.14368205915228,0.06850706677570448,0.030479058720009684
7142.0,285.68,1.0,0.4919314054281334,-31.260344822320405,0.4919314054281334,-31.260344822320405,3.147239173738251,0.07067152934037224,0.030749703982099384
7143.0,285.72,1.0,0.3584034455764067,-31.259945852599163,0.3584034455764067,-31.259945852599163,3.150710386943631,0.07266158360883461,0.030386741513842585
7144.0,285.76,1.0,0.22453307847245849,-31.259177224336593,0.22453307847245849,-31.259177224336593,3.154089033474619,0.07442579783433832,0.029399143930685177
7145.0,285.8,1.0,0.09152775295140032,-31.258825060217628,0.09152775295140032,-31.258825060217628,3.1573720023054026,0.07590726669590103,0.027817831317570606
7146.0,285.84000000000003,1.0,-0.04026900882126662,-31.257187550409363,-0.04026900882126662,-31.257187550409363,3.1605592588478175,0.0770489835500962,0.025694194405009724
7147.0,285.88,1.0,-0.1723524105848988,-31.255262743728895,-0.1723524105848988,-31.255262743728895,3.1636546211820944,0.07779178118277912,0.023096936716223638
7148.0,285.92,1.0,-0.30323381198164734,-31.253341143389935,-0.30323381198164734,-31.253341143389935,3.1666642306282275,0.07807617345664235,0.02010896889379344
7149.0,285.96,1.0,-0.434626913105861,-31.250755975119905,-0.434626913105861,-31.250755975119905,3.1695980897160614,0.07783933782185808,0.016824528184693592
7150.0,286.0,1.0,-0.5653547248600221,-31.248861572237388,-0.5653547248600221,-31.248861572237388,3.1724667415941967,0.07702229473197389,0.013345161775991241
7151.0,286.04,1.0,-0.6972424122442431,-31.24529038753392,-0.6972424122442431,-31.24529038753392,3.1752848508472837,0.0755753259254752,0.009775301089676707
7152.0,286.08,1.0,-0.827618475846861,-31.242033833979157,-0.827618475846861,-31.242033833979157,3.178066331857898,0.07345426570281569,0.006217982159375492
7153.0,286.12,1.0,-0.9578424277577836,-31.23748093901466,-0.9578424277577836,-31.23748093901466,3.1808271513108837,0.07061742273084916,0.002771366296056718
7154.0,286.16,1.0,-1.0866275718419005,-31.23358116400049,-1.0866275718419005,-31.23358116400049,3.1835819096323172,0.06702747943268202,-0.0004743720172359142
7155.0,286.2,1.0,-1.214677956827979,-31.228450033452635,-1.214677956827979,-31.228450033452635,3.1863455586869325,0.06265805682132596,-0.0034403297847024976
7156.0,286.24,1.0,-1.341529118108697,-31.22466003342844,-1.341529118108697,-31.22466003342844,3.189131457241346,0.05749489934678942,-0.006061497017688223
7157.0,286.28000000000003,1.0,-1.467591100131265,-31.21913921723155,-1.467591100131265,-31.21913921723155,3.1919516864662825,0.051533443399197555,-0.008288483983218633
7158.0,286.32,1.0,-1.5945430489063999,-31.215136421117165,-1.5945430489063999,-31.215136421117165,3.1948174077072595,0.04478005630660133,-0.01008789490630747
7159.0,286.36,1.0,-1.7199831423564025,-31.206843241261772,-1.7199831423564025,-31.206843241261772,3.197737678130834,0.03725429172028324,-0.011442806973261128
7160.0,286.40000000000003,1.0,-1.8460022550826651,-31.20127435612857,-1.8460022550826651,-31.20127435612857,3.200720291839199,0.028993019754203098,-0.012353245628349278
7161.0,286.44,1.0,-1.9727764233687382,-31.192835939790633,-1.9727764233687382,-31.192835939790633,3.2037710957211956,0.020044844790357886,-0.012834490362314103
7162.0,286.48,1.0,-2.09955365858575,-31.18651135152217,-2.09955365858575,-31.18651135152217,3.2068934622920517,0.010465160168082277,-0.012915465152187316
7163.0,286.52,1.0,-2.225136578050315,-31.17763066883172,-2.225136578050315,-31.17763066883172,3.210089091249975,0.00032521287897810944,-0.012636440621568457
7164.0,286.56,1.0,-2.349350043348759,-31.169058271844513,-2.349350043348759,-31.169058271844513,3.2133568730508495,-0.010289230617047973,-0.012047935158986587
7165.0,286.6,1.0,-2.4736779106190747,-31.158178770325186,-2.4736779106190747,-31.158178770325186,3.216693964739381,-0.021277091875575194,-0.01120763208032662
7166.0,286.64,1.0,-2.598946177606643,-31.14795385805049,-2.598946177606643,-31.14795385805049,3.2200960396748797,-0.03253810743440756,-0.010177885349010346
7167.0,286.68,1.0,-2.7231072932102434,-31.13696286138957,-2.7231072932102434,-31.13696286138957,3.2235579092813587,-0.04396353303021535,-0.009022650677020874
7168.0,286.72,1.0,-2.848265402415629,-31.12525837167733,-2.848265402415629,-31.12525837167733,3.227074001839489,-0.05543946985064715,-0.007805584738451966
7169.0,286.76,1.0,-2.9733476294115513,-31.11366020416013,-2.9733476294115513,-31.11366020416013,3.2306372913800403,-0.06684425892784077,-0.006588110700046916
7170.0,286.8,1.0,-3.1003521449475286,-31.100921513750905,-3.1003521449475286,-31.100921513750905,3.2342419965485414,-0.07805900731866125,-0.005427430311718782
7171.0,286.84000000000003,1.0,-3.2253914283416485,-31.08915554027515,-3.2253914283416485,-31.08915554027515,3.237881305924458,-0.0889684863179753,-0.004374338995759317
7172.0,286.88,1.0,-3.351575774217918,-31.076546257938798,-3.351575774217918,-31.076546257938798,3.2415508648430444,-0.0994623583561784,-0.003472507647751987
7173.0,286.92,1.0,-3.4768325485240945,-31.064516051755636,-3.4768325485240945,-31.064516051755636,3.2452463407536634,-0.10943281467853845,-0.0027577723182705175
7174.0,286.96,1.0,-3.603996026101232,-31.051825884098086,-3.603996026101232,-31.051825884098086,3.2489659731039753,-0.11878628988898862,-0.0022577142237849637
7175.0,287.0,1.0,-3.731093974375418,-31.03888456148951,-3.731093974375418,-31.03888456148951,3.252709405915828,-0.1274425964179156,-0.001990494112237911
7176.0,287.04,1.0,-3.8606392994873255,-31.024540186476884,-3.8606392994873255,-31.024540186476884,3.25647909128548,-0.13533638756690095,-0.001965971488022439
7177.0,287.08,1.0,-3.9909280838415375,-31.01050477762059,-3.9909280838415375,-31.01050477762059,3.260278382110246,-0.14240449650856588,-0.002185786322806553
7178.0,287.12,1.0,-4.122686909367463,-30.995272042577017,-4.122686909367463,-30.995272042577017,3.2641119101459255,-0.14860115502898058,-0.0026443050859594796
7179.0,287.16,1.0,-4.2544386057733075,-30.980120783950394,-4.2544386057733075,-30.980120783950394,3.2679848646106677,-0.15389251954709876,-0.0033283929356807676
7180.0,287.2,1.0,-4.386071108190611,-30.963557802967006,-4.386071108190611,-30.963557802967006,3.271903428310871,-0.15826133100968814,-0.004218521823832607
7181.0,287.24,1.0,-4.517706303473004,-30.946416197469368,-4.517706303473004,-30.946416197469368,3.275873160045324,-0.16169554311165674,-0.005289552484059769
7182.0,287.28000000000003,1.0,-4.651244693076692,-30.92742193944228,-4.651244693076692,-30.92742193944228,3.279899494027321,-0.16419633402203448,-0.006512014567652139
7183.0,287.32,1.0,-4.78582875097878,-30.908029960955986,-4.78582875097878,-30.908029960955986,3.283985791820993,-0.16577419370297838,-0.007852768202954406
7184.0,287.36,1.0,-4.922025601696568,-30.888282851946677,-4.922025601696568,-30.888282851946677,3.28813519340506,-0.16645019325690286,-0.009275625549090347
7185.0,287.40000000000003,1.0,-5.058906912406794,-30.86855292078663,-5.058906912406794,-30.86855292078663,3.2923485326113755,-0.1662482263984486,-0.010742318930979636
7186.0,287.44,1.0,-5.19690237895814,-30.84837010261748,-5.19690237895814,-30.84837010261748,3.296625163987894,-0.16519495705492043,-0.012213604869083274
7187.0,287.48,1.0,-5.3349279996518435,-30.82845633470115,-5.3349279996518435,-30.82845633470115,3.3009619616798305,-0.16331768683702502,-0.013649601018934995
7188.0,287.52,1.0,-5.473224398006215,-30.808126877129876,-5.473224398006215,-30.808126877129876,3.3053548848292826,-0.1606500893403283,-0.015010697395609712
7189.0,287.56,1.0,-5.611823875444687,-30.786788537428627,-5.611823875444687,-30.786788537428627,3.309798842501069,-0.15722239762281226,-0.016258485704749494
7190.0,287.6,1.0,-5.750770279657454,-30.76447157582114,-5.750770279657454,-30.76447157582114,3.314288467553576,-0.15306889107009536,-0.01735699203038322
7191.0,287.64,1.0,-5.89059872923301,-30.7419929552104,-5.89059872923301,-30.7419929552104,3.3188180712076494,-0.14822415093118269,-0.01827289043061
7192.0,287.68,1.0,-6.0316228609509785,-30.718223478191458,-6.0316228609509785,-30.718223478191458,3.323381688050013,-0.14273039005088511,-0.01897645110486122
7193.0,287.72,1.0,-6.173904254465309,-30.69331957291059,-6.173904254465309,-30.69331957291059,3.327974450217172,-0.13662613402362486,-0.01944240018335317
7194.0,287.76,1.0,-6.316902127609518,-30.66732328951149,-6.316902127609518,-30.66732328951149,3.332592670474084,-0.12995059861798824,-0.019650841168568238
7195.0,287.8,1.0,-6.460068797611949,-30.640420310926253,-6.460068797611949,-30.640420310926253,3.3372334859913813,-0.12274434426442374,-0.0195880661778619
7196.0,287.84000000000003,1.0,-6.603718881627747,-30.611258566236664,-6.603718881627747,-30.611258566236664,3.341895554991395,-0.11505123190039304,-0.019246974064057173
7197.0,287.88,1.0,-6.746569855998599,-30.581177146924013,-6.746569855998599,-30.581177146924013,3.3465792210549536,-0.10692064150563496,-0.018627773791679552
7198.0,287.92,1.0,-6.889961078988108,-30.550570032566004,-6.889961078988108,-30.550570032566004,3.3512865611907108,-0.09840807729457449,-0.017738364296338956
7199.0,287.96,1.0,-7.034917580538942,-30.519320420984805,-7.034917580538942,-30.519320420984805,3.3560202875305842,-0.08957523377193356,-0.01659474776508246
7200.0,288.0,1.0,-7.180087895678698,-30.488152917705946,-7.180087895678698,-30.488152917705946,3.3607838645153274,-0.08048993391859216,-0.015220575315844389
7201.0,288.04,1.0,-7.325812615067622,-30.45474197807298,-7.325812615067622,-30.45474197807298,3.3655804962341476,-0.07122124221532344,-0.013647424392151174
7202.0,288.08,1.0,-7.46972197217966,-30.42145210767086,-7.46972197217966,-30.42145210767086,3.370413575006772,-0.06184316857204046,-0.011914761422750508
7203.0,288.12,1.0,-7.614880426220961,-30.386775258661594,-7.614880426220961,-30.386775258661594,3.3752870793055814,-0.05243104915226408,-0.010069096362168132
7204.0,288.16,1.0,-7.759138418070803,-30.351208659216972,-7.759138418070803,-30.351208659216972,3.380204687030305,-0.04306756694677003,-0.008162316324558877
7205.0,288.2,1.0,-7.9032945245080315,-30.31441148904011,-7.9032945245080315,-30.31441148904011,3.3851696542910035,-0.0338341450587222,-0.006250679983885274
7206.0,288.24,1.0,-8.04839458920458,-30.277192282763743,-8.04839458920458,-30.277192282763743,3.3901855558898566,-0.024811217052026456,-0.004393486383556683
7207.0,288.28000000000003,1.0,-8.194595777234268,-30.23819092350599,-8.194595777234268,-30.23819092350599,3.3952557638458645,-0.016079595589996366,-0.002651497378548192
7208.0,288.32,1.0,-8.340718925875175,-30.198517069476264,-8.340718925875175,-30.198517069476264,3.400383284825837,-0.007715416050406465,-0.0010845945632963342
7209.0,288.36,1.0,-8.484955998465136,-30.159600619581802,-8.484955998465136,-30.159600619581802,3.4055701637873677,0.0002101984827076686,0.0002501093601933154
7210.0,288.40000000000003,1.0,-8.629434820997066,-30.11845913127676,-8.629434820997066,-30.11845913127676,3.410818103772938,0.0076351469986979835,0.0013004842605020635
7211.0,288.44,1.0,-8.772992054759392,-30.07764086415699,-8.772992054759392,-30.07764086415699,3.416127995260351,0.01450113875839002,0.0020206676498354947
7212.0,288.48,1.0,-8.916004532794886,-30.035823403779364,-8.916004532794886,-30.035823403779364,3.421500964050093,0.020760419685543062,0.0023737575088613877
7213.0,288.52,1.0,-9.058178244499342,-29.99452987401063,-9.058178244499342,-29.99452987401063,3.426937858282218,0.026377089687319066,0.002333849437856337
7214.0,288.56,1.0,-9.200492768525166,-29.95197976589638,-9.200492768525166,-29.95197976589638,3.4324386451664948,0.031327057663646365,0.0018874548015152491
7215.0,288.6,1.0,-9.342978165768857,-29.90994700900714,-9.342978165768857,-29.90994700900714,3.4380028131550064,0.0355961679870746,0.001033619454467533
7216.0,288.64,1.0,-9.483679958615355,-29.868341642368183,-9.483679958615355,-29.868341642368183,3.4436290075017637,0.039173944729010556,-0.0002145023868669894
7217.0,288.68,1.0,-9.623731362135885,-29.827030887752493,-9.623731362135885,-29.827030887752493,3.449313851188881,0.042057906005263414,-0.0018291096719439549
7218.0,288.72,1.0,-9.764083869307807,-29.783332177166535,-9.764083869307807,-29.783332177166535,3.455052100138853,0.044257495226676644,-0.0037679652500076147
7219.0,288.76,1.0,-9.90376490175225,-29.73914905179476,-9.90376490175225,-29.73914905179476,3.4608368760307413,0.04578891933753819,-0.00597593650550293
7220.0,288.8,1.0,-10.043295422968756,-29.692846003400167,-10.043295422968756,-29.692846003400167,3.46666034478226,0.046672900172042876,-0.008385828241548359
7221.0,288.84000000000003,1.0,-10.182417716777788,-29.647179331784503,-10.182417716777788,-29.647179331784503,3.472514587563505,0.04693343033535037,-0.010919953016367
7222.0,288.88,1.0,-10.322492289224751,-29.601774331103336,-10.322492289224751,-29.601774331103336,3.4783921113446454,0.04660692419949154,-0.013491519608028074
7223.0,288.92,1.0,-10.460589920787157,-29.555393567520884,-10.460589920787157,-29.555393567520884,3.484285107476675,0.045727198717754804,-0.01600780984857405
7224.0,288.96,1.0,-10.598445611678908,-29.508255009481314,-10.598445611678908,-29.508255009481314,3.4901853728150782,0.04433008335080838,-0.01837354703443562
7225.0,289.0,1.0,-10.735966441090094,-29.46147638983396,-10.735966441090094,-29.46147638983396,3.496085176854577,0.0424505366380528,-0.0204938840931267
7226.0,289.04,1.0,-10.871149853743633,-29.41315116247489,-10.871149853743633,-29.41315116247489,3.5019760165961458,0.04013071962363375,-0.022276562073085687
7227.0,289.08,1.0,-11.006744329471754,-29.36428329024644,-11.006744329471754,-29.36428329024644,3.5078500963436725,0.037416262514315735,-0.02363609966883367
7228.0,289.12,1.0,-11.140840608713065,-29.313602089720018,-11.140840608713065,-29.313602089720018,3.513700644074407,0.03435271684286095,-0.024497337397362096
7229.0,289.16,1.0,-11.276486783778193,-29.262433059205488,-11.276486783778193,-29.262433059205488,3.519523634348451,0.03098359702869381,-0.024798297981756832
7230.0,289.2,1.0,-11.410472086925196,-29.21046135701797,-11.410472086925196,-29.21046135701797,3.5253169080264506,0.027355188474287785,-0.02449185879542885
7231.0,289.24,1.0,-11.544953828087147,-29.157243899355997,-11.544953828087147,-29.157243899355997,3.5310812472604667,0.023518088047523523,-0.02354856375599578
7232.0,289.28000000000003,1.0,-11.677857204764177,-29.102810676781615,-11.677857204764177,-29.102810676781615,3.5368179657302243,0.019522920383646714,-0.021958563881144123
7233.0,289.32,1.0,-11.809761541808477,-29.046829658217565,-11.809761541808477,-29.046829658217565,3.542528669636622,0.015410691390048515,-0.01973312540500361
7234.0,289.36,1.0,-11.939961996541276,-28.98994569706839,-11.939961996541276,-28.98994569706839,3.5482151518281917,0.01122927147642313,-0.01690429794359153
7235.0,289.40000000000003,1.0,-12.069231921337694,-28.93127015040016,-12.069231921337694,-28.93127015040016,3.553879864048463,0.00702496630457351,-0.013524139999035312
7236.0,289.44,1.0,-12.198834912756976,-28.87078218803479,-12.198834912756976,-28.87078218803479,3.5595250582467743,0.002847704167309939,-0.009664018533450638
7237.0,289.48,1.0,-12.329998499150678,-28.808578364958816,-12.329998499150678,-28.808578364958816,3.565154715275547,-0.0012612289181725411,-0.005413806369106951
7238.0,289.52,1.0,-12.458160765295762,-28.747244019248637,-12.458160765295762,-28.747244019248637,3.5707727876873654,-0.0052592871279144695,-0.0008788191036924557
7239.0,289.56,1.0,-12.587484820030273,-28.684535599309413,-12.587484820030273,-28.684535599309413,3.576383837755332,-0.009106169706331746,0.0038240427042450106
7240.0,289.6,1.0,-12.715180551760145,-28.622221784843315,-12.715180551760145,-28.622221784843315,3.5819900980334034,-0.012765860776330473,0.00856952845599528
7241.0,289.64,1.0,-12.843596866087399,-28.558240307843796,-12.843596866087399,-28.558240307843796,3.587592366461005,-0.016211909523301572,0.013227412694112584
7242.0,289.68,1.0,-12.970710218925689,-28.4932960084037,-12.970710218925689,-28.4932960084037,3.593187439270396,-0.019427764933889168,0.01766707569796675
7243.0,289.72,1.0,-13.09879468334791,-28.42753594649148,-13.09879468334791,-28.42753594649148,3.598770443861004,-0.022400926185558123,0.021762283474961498
7244.0,289.76,1.0,-13.22699140354087,-28.36048311964778,-13.22699140354087,-28.36048311964778,3.604334907754273,-0.025123813048757538,0.02539548244689176
7245.0,289.8,1.0,-13.354955870503886,-28.291828985019315,-13.354955870503886,-28.291828985019315,3.609873882237826,-0.027604730566360168,0.02846120520556563
7246.0,289.84000000000003,1.0,-13.482954938440367,-28.222857442709323,-13.482954938440367,-28.222857442709323,3.615379879037691,-0.029861960016865564,0.03086960834485265
7247.0,289.88,1.0,-13.610312962152339,-28.154184777823325,-13.610312962152339,-28.154184777823325,3.620845876056215,-0.03192567613128575,0.03255030906227405
7248.0,289.92,1.0,-13.73847245817097,-28.085878370850175,-13.73847245817097,-28.085878370850175,3.626263613223189,-0.03382876352408822,0.033455593310175905
7249.0,289.96,1.0,-13.865661310702777,-28.01660891332632,-13.865661310702777,-28.01660891332632,3.6316250430263572,-0.035618796888559665,0.03356173044285811
7250.0,290.0,1.0,-13.992535860158133,-27.94830347792355,-13.992535860158133,-27.94830347792355,3.636921698891011,-0.037348373922818444,0.03286889519380241
7251.0,290.04,1.0,-14.119204786837011,-27.878283415728834,-14.119204786837011,-27.878283415728834,3.6421461875163765,-0.039076199928279674,0.03140191759085014
7252.0,290.08,1.0,-14.246746593151736,-27.809444693801375,-14.246746593151736,-27.809444693801375,3.647292650119713,-0.04085987597658329,0.02920974239058215
7253.0,290.12,1.0,-14.374725379006481,-27.739067658662066,-14.374725379006481,-27.739067658662066,3.6523585856828085,-0.04275762049030044,0.02636368955305448
7254.0,290.16,1.0,-14.502803568269396,-27.670414992838772,-14.502803568269396,-27.670414992838772,3.6573447905012286,-0.04483151451269161,0.022954130016266675
7255.0,290.2,1.0,-14.631682283576286,-27.600980588272762,-14.631682283576286,-27.600980588272762,3.6622553406663627,-0.0471360901484917,0.01908782007611736
7256.0,290.24,1.0,-14.76003541305632,-27.53140798666156,-14.76003541305632,-27.53140798666156,3.6670967870602977,-0.04971746747258966,0.014884407567395097
7257.0,290.28000000000003,1.0,-14.887580021254887,-27.4607290109411,-14.887580021254887,-27.4607290109411,3.671877498651953,-0.052611900484897965,0.010472584255081676
7258.0,290.32,1.0,-15.015998753510743,-27.388500002419267,-15.015998753510743,-27.388500002419267,3.6766071768660615,-0.05585060560542635,0.005984702448136045
7259.0,290.36,1.0,-15.142133862584425,-27.315522803049703,-15.142133862584425,-27.315522803049703,3.68129741739425,-0.05945526018286288,0.0015522626927065228
7260.0,290.40000000000003,1.0,-15.270136369475235,-27.240892192964292,-15.270136369475235,-27.240892192964292,3.6859605989797686,-0.06342782922828674,-0.0026980809736984
7261.0,290.44,1.0,-15.396470196462413,-27.16517363615368,-15.396470196462413,-27.16517363615368,3.6906100317792236,-0.0677589077885445,-0.006647839361373272
7262.0,290.48,1.0,-15.52355519078257,-27.088229332007927,-15.52355519078257,-27.088229332007927,3.695260289024285,-0.07242423443017346,-0.010191388336634518
7263.0,290.52,1.0,-15.64876135434325,-27.011466498547502,-15.64876135434325,-27.011466498547502,3.699925995819851,-0.07738994511962302,-0.013239533450590965
7264.0,290.56,1.0,-15.773955789889703,-26.93436412880116,-15.773955789889703,-26.93436412880116,3.7046215697011156,-0.08260594606278979,-0.015721753519127565
7265.0,290.6,1.0,-15.8981616351284,-26.85758792111607,-15.8981616351284,-26.85758792111607,3.7093592552690255,-0.08800689467955566,-0.0175868367473787
7266.0,290.64,1.0,-16.022490503996757,-26.780086122155193,-16.022490503996757,-26.780086122155193,3.7141489473630402,-0.09351980503056878,-0.01880465757120032
7267.0,290.68,1.0,-16.14575780165861,-26.699644746889867,-16.14575780165861,-26.699644746889867,3.718997338296309,-0.0990630852483364,-0.019366387789326582
7268.0,290.72,1.0,-16.26917613242255,-26.620063007908648,-16.26917613242255,-26.620063007908648,3.72390919864097,-0.10455033991970383,-0.019284247002617612
7269.0,290.76,1.0,-16.392474836832033,-26.53831525388197,-16.392474836832033,-26.53831525388197,3.7288859832029724,-0.10988406577865406,-0.018588823653124673
7270.0,290.8,1.0,-16.516005968495286,-26.455469196110773,-16.516005968495286,-26.455469196110773,3.7339265243497293,-0.11496831639557152,-0.01732764176982967
7271.0,290.84000000000003,1.0,-16.639605282622075,-26.370353103593565,-16.639605282622075,-26.370353103593565,3.739027051899236,-0.11971211708680869,-0.015562837452950904
7272.0,290.88,1.0,-16.763339570460325,-26.28354704344617,-16.763339570460325,-26.28354704344617,3.744181496322136,-0.12402650732900289,-0.013368793060499507
7273.0,290.92,1.0,-16.887751591803784,-26.196479257351104,-16.887751591803784,-26.196479257351104,3.7493810174880258,-0.1278233486101918,-0.010827606659961438
7274.0,290.96,1.0,-17.01255660274597,-26.106799971676992,-17.01255660274597,-26.106799971676992,3.7546137721732284,-0.131017663618042,-0.008025292085905345
7275.0,291.0,1.0,-17.137213768545855,-26.01580107310947,-17.137213768545855,-26.01580107310947,3.7598647480258456,-0.13353780671612597,-0.005048805055057272
7276.0,291.04,1.0,-17.26155872231414,-25.92434366347944,-17.26155872231414,-25.92434366347944,3.7651170705000903,-0.13532164983508704,-0.0019839333076588947
7277.0,291.08,1.0,-17.38578562399119,-25.832687820929625,-17.38578562399119,-25.832687820929625,3.7703525288219515,-0.13631919107409898,0.0010885221565509555
7278.0,291.12,1.0,-17.510528300886314,-25.73987751254606,-17.510528300886314,-25.73987751254606,3.7755530272740545,-0.13649049111716,0.004095746006894869
7279.0,291.16,1.0,-17.63534135871575,-25.645319674822623,-17.63534135871575,-25.645319674822623,3.780699318279475,-0.13580827142907975,0.006974706793902672
7280.0,291.2,1.0,-17.759635456211143,-25.550938171785724,-17.759635456211143,-25.550938171785724,3.785773561031153,-0.1342627237025868,0.009672210025496421
7281.0,291.24,1.0,-17.884019015061106,-25.455950659304513,-17.884019015061106,-25.455950659304513,3.7907587677675054,-0.13185473918995685,0.01214634702718048
7282.0,291.28000000000003,1.0,-18.008465818131032,-25.360028641612537,-18.008465818131032,-25.360028641612537,3.7956405736112173,-0.12859795722740636,0.014367159965782961
7283.0,291.32,1.0,-18.133313352332625,-25.263086218777904,-18.133313352332625,-25.263086218777904,3.800406636564938,-0.12451970976167526,0.016316884766908568
7284.0,291.36,1.0,-18.258147886127794,-25.16495253109302,-18.258147886127794,-25.16495253109302,3.805047075434712,-0.11966631219566466,0.01798776600225155
7285.0,291.40000000000003,1.0,-18.383340955507343,-25.064212995159245,-18.383340955507343,-25.064212995159245,3.809556013030968,-0.11409924897822776,0.019380827227101403
7286.0,291.44,1.0,-18.509856994868848,-24.96350477116442,-18.509856994868848,-24.96350477116442,3.8139316551817863,-0.10788718814029981,0.020504498668503356
7287.0,291.48,1.0,-18.636199774241465,-24.862979173754717,-18.636199774241465,-24.862979173754717,3.8181767910011266,-0.10111156455016249,0.02137386876802793
7288.0,291.52,1.0,-18.762329311005068,-24.75941559736097,-18.762329311005068,-24.75941559736097,3.822297488054769,-0.09386067638122123,0.022007859148756588
7289.0,291.56,1.0,-18.888373194128775,-24.655099751352374,-18.888373194128775,-24.655099751352374,3.826302759915619,-0.08623271090936094,0.02242632197924289
7290.0,291.6,1.0,-19.013678417179353,-24.551164599105697,-19.013678417179353,-24.551164599105697,3.8302048779762656,-0.07832975630992295,0.02264888450819346
7291.0,291.64,1.0,-19.140318664680855,-24.446616629447462,-19.140318664680855,-24.446616629447462,3.8340182277115913,-0.07025484452984163,0.02269463511427185
7292.0,291.68,1.0,-19.26564938313312,-24.342212364853303,-19.26564938313312,-24.342212364853303,3.8377584653622137,-0.06211429773370104,0.02258056338136865
7293.0,291.72,1.0,-19.39088625772005,-24.235549460167345,-19.39088625772005,-24.235549460167345,3.84144038712475,-0.05401631127635094,0.02231981920602362
7294.0,291.76,1.0,-19.51620253477118,-24.12839669263164,-19.51620253477118,-24.12839669263164,3.845078687903438,-0.046068043589373886,0.021921019683588776
7295.0,291.8,1.0,-19.640896283480433,-24.02033983094845,-19.640896283480433,-24.02033983094845,3.848686751019369,-0.03836906311726194,0.02138934253114528
7296.0,291.84000000000003,1.0,-19.765341734378303,-23.91210695286376,-19.765341734378303,-23.91210695286376,3.852276330040886,-0.031013959743942388,0.020726728767572585
7297.0,291.88,1.0,-19.88901523806797,-23.802468902886265,-19.88901523806797,-23.802468902886265,3.8558563546475275,-0.024091938114198276,0.019932338249796015
7298.0,291.92,1.0,-20.011485378606984,-23.693097890980816,-20.011485378606984,-23.693097890980816,3.8594322031929886,-0.01768296207484804,0.019002531674001018
7299.0,291.96,1.0,-20.133918412262673,-23.583785262717278,-20.133918412262673,-23.583785262717278,3.8630075363297203,-0.01185905339295098,0.017932753853396186
7300.0,292.0,1.0,-20.256002114664305,-23.473705013031427,-20.256002114664305,-23.473705013031427,3.866584189076901,-0.0066799289742941245,0.016719682960883976
7301.0,292.04,1.0,-20.37793913416204,-23.365093895570304,-20.37793913416204,-23.365093895570304,3.8701624492313256,-0.0021960852174524926,0.01536228065426679
7302.0,292.08,1.0,-20.49949415991898,-23.255960787394436,-20.49949415991898,-23.255960787394436,3.873740327685513,0.0015533779359212852,0.01386178113401699
7303.0,292.12,1.0,-20.6214099463466,-23.146788870597394,-20.6214099463466,-23.146788870597394,3.877315192357307,0.004541786002320869,0.012222836514579356
7304.0,292.16,1.0,-20.743188263411152,-23.03875518037483,-20.743188263411152,-23.03875518037483,3.880884973522098,0.006758542409981083,0.010455392178058956
7305.0,292.2,1.0,-20.864756726333443,-22.930308615066593,-20.864756726333443,-22.930308615066593,3.8844473382111486,0.008204833198083095,0.008574877906666594
7306.0,292.24,1.0,-20.98533143682623,-22.821692553985407,-20.98533143682623,-22.821692553985407,3.888001316479996,0.008886834397725552,0.006601549961030312
7307.0,292.28000000000003,1.0,-21.105713259664675,-22.712303149583285,-21.105713259664675,-22.712303149583285,3.8915458253238837,0.008824746168871345,0.004559880749511242
7308.0,292.32,1.0,-21.225527773930644,-22.603151709355352,-21.225527773930644,-22.603151709355352,3.89508261055409,0.008046173219347641,0.0024783329912159814
7309.0,292.36,1.0,-21.345710920400887,-22.492574039184074,-21.345710920400887,-22.492574039184074,3.8986157551097547,0.0065859295721855116,0.0003890703559406426
7310.0,292.40000000000003,1.0,-21.46712570925047,-22.380968860699614,-21.46712570925047,-22.380968860699614,3.9021512566168703,0.00448274192190159,-0.0016735992957373873
7311.0,292.44,1.0,-21.58365153389445,-22.26881669699852,-21.58365153389445,-22.26881669699852,3.9056960684023188,0.0017769895559544447,-0.003675157295797009
7312.0,292.48,1.0,-21.70159270435668,-22.156598435585856,-21.70159270435668,-22.156598435585856,3.909258424587244,-0.001486907800996251,-0.005582678920313838
7313.0,292.52,1.0,-21.81781203485238,-22.045001148597784,-21.81781203485238,-22.045001148597784,3.9128485606259966,-0.005264202443500366,-0.007365309559460678
7314.0,292.56,1.0,-21.93358212765408,-21.932151260534347,-21.93358212765408,-21.932151260534347,3.9164773226363705,-0.00950908121660301,-0.008995650740271127
7315.0,292.6,1.0,-22.04904857060329,-21.819364052684065,-22.04904857060329,-21.819364052684065,3.920155640150147,-0.01417923162844421,-0.010452135607528768
7316.0,292.64,1.0,-22.16404279046052,-21.70583716962755,-22.16404279046052,-21.70583716962755,3.923894646532473,-0.01923090940395633,-0.011719901028185459
7317.0,292.68,1.0,-22.278566146898076,-21.59190287641734,-22.278566146898076,-21.59190287641734,3.927704857995502,-0.02461594570089367,-0.012791144111908247
7318.0,292.72,1.0,-22.39325848444912,-21.478188465126618,-22.39325848444912,-21.478188465126618,3.931597516688229,-0.030290576734266585,-0.013664910964430278
7319.0,292.76,1.0,-22.507546768960836,-21.364881507521982,-22.507546768960836,-21.364881507521982,3.935581676624448,-0.03621249748797921,-0.014347494903318967
7320.0,292.8,1.0,-22.622105105310048,-21.250536448720098,-22.622105105310048,-21.250536448720098,3.9396651528500457,-0.04233759579684267,-0.014852211840414613
7321.0,292.84000000000003,1.0,-22.73522273273204,-21.13494563938145,-22.73522273273204,-21.13494563938145,3.943852880544694,-0.048616496701487155,-0.01519875694487231
7322.0,292.88,1.0,-22.848346034071273,-21.018507965704377,-22.848346034071273,-21.018507965704377,3.948148656426036,-0.054998577211443724,-0.01541145088076042
7323.0,292.92,1.0,-22.961006353649356,-20.90226494613576,-22.961006353649356,-20.90226494613576,3.952553969650915,-0.061433370180657844,-0.015517457530197107
7324.0,292.96,1.0,-23.07278798792444,-20.783172893619373,-23.07278798792444,-20.783172893619373,3.95706739461414,-0.06786972754003293,-0.015545761106770816
7325.0,293.0,1.0,-23.18487545983008,-20.66419284082588,-23.18487545983008,-20.66419284082588,3.961685796790841,-0.07425292686210823,-0.015525843503490117
7326.0,293.04,1.0,-23.296051448278956,-20.54264062727566,-23.296051448278956,-20.54264062727566,3.9664037848575036,-0.08052250304375867,-0.015485171725033248
7327.0,293.08,1.0,-23.40752384689039,-20.42168948646687,-23.40752384689039,-20.42168948646687,3.9712148949174173,-0.08662195307159297,-0.015447322914974504
7328.0,293.12,1.0,-23.518597662399436,-20.299501967188935,-23.518597662399436,-20.299501967188935,3.9761108354063,-0.09249500699802063,-0.015430756949735721
7329.0,293.16,1.0,-23.628737050519135,-20.178015898639664,-23.628737050519135,-20.178015898639664,3.9810814706450715,-0.09808372670523195,-0.015448153925719707
7330.0,293.2,1.0,-23.737710281315124,-20.055156628798606,-23.737710281315124,-20.055156628798606,3.9861156859152613,-0.10332623715105468,-0.015505205522604962
7331.0,293.24,1.0,-23.85016240241063,-19.932308384805815,-23.85016240241063,-19.932308384805815,3.9912014258515947,-0.108165024851128,-0.015600307505482436
7332.0,293.28000000000003,1.0,-23.960030482268216,-19.808152752795923,-23.960030482268216,-19.808152752795923,3.9963274912875244,-0.11255076273859488,-0.01572405314485147
7333.0,293.32,1.0,-24.070949066109222,-19.683121460369954,-24.070949066109222,-19.683121460369954,4.001482179369882,-0.11643497090663754,-0.01586043078582252
7334.0,293.36,1.0,-24.180596154507,-19.558408064163736,-24.180596154507,-19.558408064163736,4.006654550187184,-0.11977108171779272,-0.015988049634824288
7335.0,293.40000000000003,1.0,-24.290204520640746,-19.432194651796273,-24.290204520640746,-19.432194651796273,4.011835807093681,-0.12251976594604577,-0.016081202519042652
7336.0,293.44,1.0,-24.39938326045734,-19.305395522138028,-24.39938326045734,-19.305395522138028,4.017018244749467,-0.12465505104724901,-0.01611079829717684
7337.0,293.48,1.0,-24.508467140733053,-19.17709335028247,-24.508467140733053,-19.17709335028247,4.022197432271083,-0.12616556390627592,-0.016046554677309328
7338.0,293.52,1.0,-24.616349520209027,-19.04763086200087,-24.616349520209027,-19.04763086200087,4.027369929525323,-0.1270443418601293,-0.015859306175700884
7339.0,293.56,1.0,-24.725957021184012,-18.91479725772713,-24.725957021184012,-18.91479725772713,4.032535373298731,-0.1272943334783011,-0.01552288975284465
7340.0,293.6,1.0,-24.83358497400663,-18.781214173359807,-24.83358497400663,-18.781214173359807,4.037695274192044,-0.12693477459464458,-0.015015556682047898
7341.0,293.64,1.0,-24.94242439551212,-18.644268358759277,-24.94242439551212,-18.644268358759277,4.0428539405849175,-0.12600344795445217,-0.014322066987216043
7342.0,293.68,1.0,-25.04984138057025,-18.50828412760388,-25.04984138057025,-18.50828412760388,4.048016932724469,-0.12454658899104547,-0.01343504489560863
7343.0,293.72,1.0,-25.156333006009692,-18.369299485097912,-25.156333006009692,-18.369299485097912,4.053190768549188,-0.12261524978503935,-0.012356592366736585
7344.0,293.76,1.0,-25.262858354154748,-18.230512751905085,-25.262858354154748,-18.230512751905085,4.058383457455292,-0.1202732955145838,-0.01109857991630738
7345.0,293.8,1.0,-25.36798914537783,-18.090501415672772,-25.36798914537783,-18.090501415672772,4.063603512329059,-0.11759899630748558,-0.009682513468873713
7346.0,293.84000000000003,1.0,-25.47277633562119,-17.95102807791794,-25.47277633562119,-17.95102807791794,4.068859130982417,-0.11467492519842856,-0.008139331690925745
7347.0,293.88,1.0,-25.57639751963965,-17.809808568570375,-25.57639751963965,-17.809808568570375,4.07415836507038,-0.11158007198203904,-0.006509241860885506
7348.0,293.92,1.0,-25.680032755557086,-17.667741405964584,-25.680032755557086,-17.667741405964584,4.079506906306973,-0.10839567095254535,-0.004840473967709964
7349.0,293.96,1.0,-25.783197389737353,-17.524549791195714,-25.783197389737353,-17.524549791195714,4.084910396239223,-0.10520605171630486,-0.0031872020194060615
7350.0,294.0,1.0,-25.88539706927127,-17.380552316589384,-25.88539706927127,-17.380552316589384,4.090371929581611,-0.10209591733825962,-0.0016076261532702169
7351.0,294.04,1.0,-25.986041314209928,-17.236508078908948,-25.986041314209928,-17.236508078908948,4.095893914570255,-0.09913655106135326,-0.00016219227981517336
7352.0,294.08,1.0,-26.087912670208567,-17.089009015781794,-26.087912670208567,-17.089009015781794,4.1014766512497705,-0.09638492643687042,0.0010888125056187758
7353.0,294.12,1.0,-26.188724043932176,-16.94188457393722,-26.188724043932176,-16.94188457393722,4.107120753659958,-0.09389255106647527,0.0020877068756436894
7354.0,294.16,1.0,-26.290341783628794,-16.793107373146494,-26.290341783628794,-16.793107373146494,4.1128263771572655,-0.09170672395638295,0.0027820582723062305
7355.0,294.2,1.0,-26.39040564181848,-16.644411820950616,-26.39040564181848,-16.644411820950616,4.118593278394758,-0.08985774968597167,0.0031268862312988895
7356.0,294.24,1.0,-26.491120133647655,-16.494563209260512,-26.491120133647655,-16.494563209260512,4.1244217962693615,-0.0883545209024138,0.003086461238542973
7357.0,294.28000000000003,1.0,-26.59006627828585,-16.344283069161655,-26.59006627828585,-16.344283069161655,4.130311574261197,-0.08719149401278417,0.002635858207701863
7358.0,294.32,1.0,-26.690852834028128,-16.193270205632746,-26.690852834028128,-16.193270205632746,4.136263027169953,-0.08635875771006334,0.001762533872522337
7359.0,294.36,1.0,-26.788558060666094,-16.04391663964507,-26.788558060666094,-16.04391663964507,4.1422772099720495,-0.0858286061730265,0.0004674218042384326
7360.0,294.40000000000003,1.0,-26.886274099827517,-15.893875739257648,-26.886274099827517,-15.893875739257648,4.148355020461341,-0.08555836179941392,-0.0012354186544904593
7361.0,294.44,1.0,-26.982299037426003,-15.743793624128951,-26.982299037426003,-15.743793624128951,4.154498826562885,-0.08549187236723037,-0.0033188339334078347
7362.0,294.48,1.0,-27.07887565701779,-15.591132896261765,-27.07887565701779,-15.591132896261765,4.1607113797829625,-0.08557260310131895,-0.005743013522025203
7363.0,294.52,1.0,-27.17528922055816,-15.438955202354538,-27.17528922055816,-15.438955202354538,4.166996675141773,-0.08574095897835979,-0.008456061893095867
7364.0,294.56,1.0,-27.271320601018935,-15.285794289152529,-27.271320601018935,-15.285794289152529,4.173358237764438,-0.08593248116014965,-0.011395764610000485
7365.0,294.6,1.0,-27.367130344995946,-15.131714025016427,-27.367130344995946,-15.131714025016427,4.179799624726736,-0.08607465254834663,-0.014491409471117605
7366.0,294.64,1.0,-27.461866791792865,-14.976136280680333,-27.461866791792865,-14.976136280680333,4.186324059872535,-0.08610465269285125,-0.017665958125459284
7367.0,294.68,1.0,-27.555494801534746,-14.81891943855158,-27.555494801534746,-14.81891943855158,4.192933389081877,-0.08596982422055113,-0.020838274445301563
7368.0,294.72,1.0,-27.64903004133442,-14.660491977485014,-27.64903004133442,-14.660491977485014,4.199630290472108,-0.08562269721999996,-0.02392524619805282
7369.0,294.76,1.0,-27.741153248480344,-14.501255373443442,-27.741153248480344,-14.501255373443442,4.206415660528656,-0.08501522837593176,-0.02684446528251177
7370.0,294.8,1.0,-27.833467764816866,-14.340577450118023,-27.833467764816866,-14.340577450118023,4.213290856201103,-0.08411008739674923,-0.029517108197510057
7371.0,294.84000000000003,1.0,-27.924411315023082,-14.17888096407392,-27.924411315023082,-14.17888096407392,4.220256593536403,-0.08288318793999108,-0.03186972009998001
7372.0,294.88,1.0,-28.014406255338855,-14.018216379194769,-28.014406255338855,-14.018216379194769,4.227313236393497,-0.08132011927737595,-0.03383623515920149
7373.0,294.92,1.0,-28.10201966106498,-13.854762221983822,-28.10201966106498,-13.854762221983822,4.234460114196292,-0.07940863698961294,-0.035359879345872876
7374.0,294.96,1.0,-28.1893254997766,-13.691878127267199,-28.1893254997766,-13.691878127267199,4.241695934453346,-0.07714468594397265,-0.036395389516061666
7375.0,295.0,1.0,-28.275472410822964,-13.526648308750552,-28.275472410822964,-13.526648308750552,4.249018458904574,-0.07452971560137686,-0.036909603460185146
7376.0,295.04,1.0,-28.3597266604835,-13.360662947938398,-28.3597266604835,-13.360662947938398,4.25642459101109,-0.07157647432028255,-0.036882414255089466
7377.0,295.08,1.0,-28.44295046283123,-13.193477971862132,-28.44295046283123,-13.193477971862132,4.263910556764898,-0.06829349618603638,-0.036307207463726524
7378.0,295.12,1.0,-28.52367342694668,-13.024304179705041,-28.52367342694668,-13.024304179705041,4.271472660905021,-0.064688819240507,-0.035191125632391095
7379.0,295.16,1.0,-28.602797321059477,-12.853853406979235,-28.602797321059477,-12.853853406979235,4.279105786052604,-0.06077388249271387,-0.03355497560752438
7380.0,295.2,1.0,-28.681563115577795,-12.682266963319037,-28.681563115577795,-12.682266963319037,4.286805484848446,-0.05656374177082524,-0.03143229257303853
7381.0,295.24,1.0,-28.758509102427148,-12.511143510278199,-28.758509102427148,-12.511143510278199,4.294565744520172,-0.05206922935484213,-0.02886789447024778
7382.0,295.28000000000003,1.0,-28.833934669143286,-12.337686012478049,-28.833934669143286,-12.337686012478049,4.3023805829827655,-0.0472944855556231,-0.025916640976791538
7383.0,295.32,1.0,-28.907113367476843,-12.163831360936967,-28.907113367476843,-12.163831360936967,4.310242480958216,-0.04224273389875719,-0.022642350216709954
7384.0,295.36,1.0,-28.97931667369711,-11.98882568198143,-28.97931667369711,-11.98882568198143,4.318143716324865,-0.03691778842328593,-0.019115630098656734
7385.0,295.40000000000003,1.0,-29.04920006580003,-11.813109280354105,-29.04920006580003,-11.813109280354105,4.326075090688514,-0.03132114692508079,-0.015411453792941366
7386.0,295.44,1.0,-29.11795663074846,-11.636659987729194,-29.11795663074846,-11.636659987729194,4.33402722062142,-0.025451322509698216,-0.01160753766090852
7387.0,295.48,1.0,-29.18600487861745,-11.459994963674685,-29.18600487861745,-11.459994963674685,4.341990456557511,-0.01930652605274972,-0.007782334163757935
7388.0,295.52,1.0,-29.25118220122575,-11.282357328922185,-29.25118220122575,-11.282357328922185,4.349954703292094,-0.012892661229905133,-0.004012666301418549
7389.0,295.56,1.0,-29.315363274726074,-11.104544698058806,-29.315363274726074,-11.104544698058806,4.357909550773902,-0.006221489250056211,-0.00037142700370017755
7390.0,295.6,1.0,-29.378267460154255,-10.926119103065227,-29.378267460154255,-10.926119103065227,4.3658449315297165,0.0006900852093886023,0.0030743620361876342
7391.0,295.64,1.0,-29.440007116806207,-10.746480491230315,-29.440007116806207,-10.746480491230315,4.373750452800761,0.00781923149452748,0.0062651291222934665
7392.0,295.68,1.0,-29.499819749240526,-10.566350981574228,-29.499819749240526,-10.566350981574228,4.381616137269548,0.015128312106782537,0.009150153635421491
7393.0,295.72,1.0,-29.56020987371653,-10.386154955137876,-29.56020987371653,-10.386154955137876,4.389431939530136,0.02256699601998142,0.01168879051183135
7394.0,295.76,1.0,-29.617266740320265,-10.204653414993585,-29.617266740320265,-10.204653414993585,4.397188556968017,0.030074407063925168,0.013852026030912287
7395.0,295.8,1.0,-29.67447676324511,-10.024119071085334,-29.67447676324511,-10.024119071085334,4.404877012373715,0.03757879088479534,0.01562230436943079
7396.0,295.84000000000003,1.0,-29.729258243409465,-9.842058081145993,-29.729258243409465,-9.842058081145993,4.412489578396309,0.04499761918229968,0.016993521293458772
7397.0,295.88,1.0,-29.784486495077278,-9.660456766267476,-29.784486495077278,-9.660456766267476,4.420019730056906,0.05223335212374754,0.017971008405933873
7398.0,295.92,1.0,-29.83763088511307,-9.478472360197765,-29.83763088511307,-9.478472360197765,4.427461579781998,0.05918609706505713,0.01857149972314691
7399.0,295.96,1.0,-29.890561073443813,-9.296154888348147,-29.890561073443813,-9.296154888348147,4.434811209410563,0.0657559416966789,0.01882172761691226
7400.0,296.0,1.0,-29.940908985009635,-9.113048240298639,-29.940908985009635,-9.113048240298639,4.442065582239351,0.07184263834953789,0.01875721049980029
7401.0,296.04,1.0,-29.991583609277065,-8.930367934777845,-29.991583609277065,-8.930367934777845,4.449222704296,0.0773462930534968,0.01842087055297373
7402.0,296.08,1.0,-30.040014072627418,-8.749486818485174,-30.040014072627418,-8.749486818485174,4.456281358047859,0.08217189885977023,0.01786164408533362
7403.0,296.12,1.0,-30.086993075673842,-8.568026166402834,-30.086993075673842,-8.568026166402834,4.463241679591176,0.08623811078943819,0.017132420084234223
7404.0,296.16,1.0,-30.131986153477676,-8.387251964885525,-30.131986153477676,-8.387251964885525,4.470104434517966,0.08947691224133011,0.01628810309360652
7405.0,296.2,1.0,-30.175814860194826,-8.20645432620116,-30.175814860194826,-8.20645432620116,4.4768717990234554,0.09183696966640136,0.01538328229869329
7406.0,296.24,1.0,-30.21860246527312,-8.026224900741184,-30.21860246527312,-8.026224900741184,4.483546933796513,0.09328380642396283,0.01447107093024784
7407.0,296.28000000000003,1.0,-30.259409223237192,-7.84666617143161,-30.259409223237192,-7.84666617143161,4.490134034933272,0.09380358295668642,0.013601377651984232
7408.0,296.32,1.0,-30.299605104846982,-7.667199978070249,-30.299605104846982,-7.667199978070249,4.496637289111037,0.09340896971763653,0.012819051103855155
7409.0,296.36,1.0,-30.33813366718536,-7.4880125147517305,-30.33813366718536,-7.4880125147517305,4.503061994931047,0.0921298396644509,0.012162057799165429
7410.0,296.40000000000003,1.0,-30.375724190557282,-7.310060036450629,-30.375724190557282,-7.310060036450629,4.509412441539987,0.09001302738259975,0.011661039322441096
7411.0,296.44,1.0,-30.411411625934285,-7.1313984454272745,-30.411411625934285,-7.1313984454272745,4.5156932016386415,0.08712522060275543,0.011338422717794176
7412.0,296.48,1.0,-30.445760857609628,-6.95368579327346,-30.445760857609628,-6.95368579327346,4.521908235911288,0.0835542996987078,0.011207815082576655
7413.0,296.52,1.0,-30.47823044532914,-6.77705142657711,-30.47823044532914,-6.77705142657711,4.528061719828065,0.0793986170860959,0.011273424034143917
7414.0,296.56,1.0,-30.50990134250556,-6.598843750908513,-30.50990134250556,-6.598843750908513,4.534157249139797,0.0747636237173758,0.011530523772695967
7415.0,296.6,1.0,-30.539844786721737,-6.4211631453927485,-30.539844786721737,-6.4211631453927485,4.540198853564451,0.06975832707617957,0.011965984027344048
7416.0,296.64,1.0,-30.568655030193888,-6.2447450588215005,-30.568655030193888,-6.2447450588215005,4.546189753763691,0.06449256119485973,0.012559125638062921
7417.0,296.68,1.0,-30.595774896034367,-6.067249191776018,-30.595774896034367,-6.067249191776018,4.552132621902176,0.05907614603988973,0.013282227204147873
7418.0,296.72,1.0,-30.622560279536952,-5.8896158853593334,-30.622560279536952,-5.8896158853593334,4.558029293061606,0.053611372236785804,0.0141017998526829
7419.0,296.76,1.0,-30.64752085300225,-5.712786092143302,-30.64752085300225,-5.712786092143302,4.56388126701571,0.048184215763026096,0.014980435901981008
7420.0,296.8,1.0,-30.671967599737105,-5.535540574733174,-30.671967599737105,-5.535540574733174,4.569688960224552,0.042868453903706596,0.01587838298342712
7421.0,296.84000000000003,1.0,-30.69451547472528,-5.358385495505097,-30.69451547472528,-5.358385495505097,4.575453058985726,0.03772452133098723,0.016754436124728135
7422.0,296.88,1.0,-30.716418036954458,-5.18067496667472,-30.716418036954458,-5.18067496667472,4.581173643402389,0.032794026610418435,0.01756744937890398
7423.0,296.92,1.0,-30.737663201539213,-5.002845977862603,-30.737663201539213,-5.002845977862603,4.586851122094524,0.028094823848432714,0.018278115828233042
7424.0,296.96,1.0,-30.75846199206517,-4.824919696292347,-30.75846199206517,-4.824919696292347,4.592485431590452,0.023632960390651835,0.01885050771723289
7425.0,297.0,1.0,-30.778668235888205,-4.647434273030564,-30.778668235888205,-4.647434273030564,4.598076478415126,0.019398372643150873,0.019253114550368162
7426.0,297.04,1.0,-30.797842502809498,-4.468933431968613,-30.797842502809498,-4.468933431968613,4.6036235723134045,0.015368700422378923,0.019459661460478055
7427.0,297.08,1.0,-30.81582456710884,-4.290779994692986,-30.81582456710884,-4.290779994692986,4.6091259580531645,0.011508020185714752,0.019450002151724696
7428.0,297.12,1.0,-30.833285028848564,-4.113744842861424,-30.833285028848564,-4.113744842861424,4.614583562881193,0.007770188560112889,0.01921101932385601
7429.0,297.16,1.0,-30.849657953890862,-3.9350496191823643,-30.849657953890862,-3.9350496191823643,4.619996480306853,0.004103275039136034,0.01873690313235735
7430.0,297.2,1.0,-30.864515023265092,-3.755981740323135,-30.864515023265092,-3.755981740323135,4.6253657087832405,0.0004598969836894451,0.018028696430373716
7431.0,297.24,1.0,-30.879595698456967,-3.5782117984089874,-30.879595698456967,-3.5782117984089874,4.630693059799588,-0.0032076300276808302,0.01709425034354024
7432.0,297.28000000000003,1.0,-30.89380097823343,-3.3994111067936594,-30.89380097823343,-3.3994111067936594,4.635981079091087,-0.006947540707832278,0.015948223240527595
7433.0,297.32,1.0,-30.907213680944928,-3.2201038465165333,-30.907213680944928,-3.2201038465165333,4.641233005523368,-0.010799849728157706,0.014611462226610125
7434.0,297.36,1.0,-30.919820597265605,-3.0429945730014896,-30.919820597265605,-3.0429945730014896,4.646452689848655,-0.014788944563867413,0.013109644535628382
7435.0,297.40000000000003,1.0,-30.931679033018327,-2.864464873046235,-30.931679033018327,-2.864464873046235,4.65164448180896,-0.018932370509903283,0.011472422022010837
7436.0,297.44,1.0,-30.943248656557415,-2.684893860593035,-30.943248656557415,-2.684893860593035,4.656813365235169,-0.02323351981568513,0.009732475028842483
7437.0,297.48,1.0,-30.953698272862994,-2.506985860346842,-30.953698272862994,-2.506985860346842,4.66196517736127,-0.02768330743110532,0.00792463691045747
7438.0,297.52,1.0,-30.963187171723064,-2.3294250455677274,-30.963187171723064,-2.3294250455677274,4.667106965065411,-0.032257838895732215,0.006084624614248815
7439.0,297.56,1.0,-30.971563605622872,-2.1507031736802804,-30.971563605622872,-2.1507031736802804,4.672245172179102,-0.03692266876605306,0.0042476387849943184
7440.0,297.6,1.0,-30.979938468885685,-1.9741395929448085,-30.979938468885685,-1.9741395929448085,4.677387036794258,-0.04163344411170546,0.00244728781281185
7441.0,297.64,1.0,-30.986546456137905,-1.7948595525333757,-30.986546456137905,-1.7948595525333757,4.682539062923482,-0.04634232749506784,0.0007150690355992983
7442.0,297.68,1.0,-30.993015958754278,-1.6171201611079695,-30.993015958754278,-1.6171201611079695,4.687707622564116,-0.05099451351855071,-0.0009206910384376734
7443.0,297.72,1.0,-30.996431834948737,-1.4376327524965602,-30.996431834948737,-1.4376327524965602,4.692898077710966,-0.055526776610189385,-0.0024357316806222456
7444.0,297.76,1.0,-30.999911150507067,-1.2573686251935066,-30.999911150507067,-1.2573686251935066,4.698115745451247,-0.05987840472934673,-0.003810226118591928
7445.0,297.8,1.0,-31.001492754027907,-1.0768534685344757,-31.001492754027907,-1.0768534685344757,4.70336506292532,-0.06399702698246534,-0.0050286473390719665
7446.0,297.84000000000003,1.0,-31.003223218876364,-0.8973107146207386,-31.003223218876364,-0.8973107146207386,4.70865028221176,-0.06783491370827563,-0.006080085006626848
7447.0,297.88,1.0,-31.00482975971351,-0.7154204773504674,-31.00482975971351,-0.7154204773504674,4.713975068728452,-0.07135059051013466,-0.006958302019665323
7448.0,297.92,1.0,-31.004970538985553,-0.534174512080856,-31.004970538985553,-0.534174512080856,4.719341922852082,-0.07451541270980648,-0.007661528949911661
7449.0,297.96,1.0,-31.004471348390467,-0.36097926652831436,-31.004471348390467,-0.36097926652831436,4.722270056555204,0.15468632163439416,-0.0012423618097036544
7450.0,298.0,1.0,-31.00331573881804,-0.18860763346586612,-31.00331573881804,-0.18860763346586612,4.725235771302492,0.3847435840702933,0.005390681485463728
7451.0,298.04,1.0,-31.00018355873656,-0.015600934554271717,-31.00018355873656,-0.015600934554271717,4.72823840039578,0.6156660465867458,0.012221802116818323
7452.0,298.08,1.0,-30.996601884194774,0.15781034343375838,-30.996601884194774,0.15781034343375838,4.73127736963726,0.8474559363072114,0.019231681212918177
7453.0,298.12,1.0,-30.99225845108601,0.3312930879557366,-30.99225845108601,0.3312930879557366,4.734351425161739,1.0801015073206526,0.02639862989274261
7454.0,298.16,1.0,-30.98583004454207,0.5063304453109094,-30.98583004454207,0.5063304453109094,4.737459623702819,1.3135786181568592,0.0337000179062364
7455.0,298.2,1.0,-30.97871042370209,0.6810597593814671,-30.97871042370209,0.6810597593814671,4.740600268014941,1.547855411696285,0.04111316869781853
7456.0,298.24,1.0,-30.970371726560064,0.8559496276422227,-30.970371726560064,0.8559496276422227,4.743772220929712,1.7828957037089364,0.048616031404050485
7457.0,298.28000000000003,1.0,-30.962417537451433,1.0313051092595424,-30.962417537451433,1.0313051092595424,4.746973501429025,2.0186540266749247,0.05618834120796314
7458.0,298.32,1.0,-30.95227010047757,1.2079286207629159,-30.95227010047757,1.2079286207629159,4.750201429289826,2.2550750411263314,0.06381222691117727
7459.0,298.36,1.0,-30.942712666028058,1.384100811701749,-30.942712666028058,1.384100811701749,4.753453229193925,2.4921023544949947,0.07147249396805788
7460.0,298.40000000000003,1.0,-30.929863298399614,1.5624491905766065,-30.929863298399614,1.5624491905766065,4.75672579322889,2.7296787742321578,0.07915662319881082
7461.0,298.44,1.0,-30.916674815283965,1.7387032129862974,-30.916674815283965,1.7387032129862974,4.760016001961673,2.9677494833698312,0.08685474007493113
7462.0,298.48,1.0,-30.90185764218029,1.9168357500003599,-30.90185764218029,1.9168357500003599,4.763322200416754,3.2062640970337313,0.09455936246949515
7463.0,298.52,1.0,-30.888090260061905,2.09357050551534,-30.888090260061905,2.09357050551534,4.766642772504916,3.4451789202107923,0.10226506031090728
7464.0,298.56,1.0,-30.871701100643367,2.271181484811468,-30.871701100643367,2.271181484811468,4.769975894758379,3.684459171410796,0.10996800704923382
7465.0,298.6,1.0,-30.855360077553183,2.44859429789715,-30.855360077553183,2.44859429789715,4.77331972831949,3.9240846301073544,0.11766491744536393
7466.0,298.64,1.0,-30.836842643279063,2.6272306836018537,-30.836842643279063,2.6272306836018537,4.776672384004947,4.1640441371976245,0.12535277830650213
7467.0,298.68,1.0,-30.81644315875036,2.803485805474312,-30.81644315875036,2.803485805474312,4.780031456166549,4.404343754627263,0.13302838973789088
7468.0,298.72,1.0,-30.795178166337717,2.98211870347898,-30.795178166337717,2.98211870347898,4.783394259280652,4.645004591012894,0.14068755309929165
7469.0,298.76,1.0,-30.77348962647931,3.1681379140098587,-30.77348962647931,3.1681379140098587,4.789240538741303,4.654067458497417,0.14137501246522932
7470.0,298.8,1.0,-30.75017194775096,3.3562778158952087,-30.75017194775096,3.3562778158952087,4.795091658061648,4.6630938811206635,0.14198677775412555
7471.0,298.84000000000003,1.0,-30.72647695124208,3.543314023699557,-30.72647695124208,3.543314023699557,4.800944628600657,4.672124500151176,0.14252174326446018
7472.0,298.88,1.0,-30.700566533113165,3.73133866333175,-30.700566533113165,3.73133866333175,4.80679519388511,4.681202299363855,0.14297802642396112
7473.0,298.92,1.0,-30.67349069315419,3.9189633655876115,-30.67349069315419,3.9189633655876115,4.812637526049349,4.690381318876598,0.14335282246819037
7474.0,298.96,1.0,-30.645503159155076,4.108983195740132,-30.645503159155076,4.108983195740132,4.818465009052515,4.699708716529907,0.14364264085335224
7475.0,299.0,1.0,-30.616453605154156,4.298217001975074,-30.616453605154156,4.298217001975074,4.824270760025872,4.709237817977344,0.14384313479793165
7476.0,299.04,1.0,-30.586289497043772,4.488537050272258,-30.586289497043772,4.488537050272258,4.830046479423592,4.71900870699488,0.1439499369169975
7477.0,299.08,1.0,-30.553206502896654,4.678662117810516,-30.553206502896654,4.678662117810516,4.835783566180288,4.729061584482594,0.1439584850387803
7478.0,299.12,1.0,-30.520474440871972,4.869118967751713,-30.520474440871972,4.869118967751713,4.841473926812432,4.739421358118171,0.14386465186643954
7479.0,299.16,1.0,-30.485655607185834,5.059192574353052,-30.485655607185834,5.059192574353052,4.847111155913781,4.750106556807589,0.1436652759555827
7480.0,299.2,1.0,-30.451337509127352,5.250808574334068,-30.451337509127352,5.250808574334068,4.8526898332825255,4.761118473825831,0.14335917781162977
7481.0,299.24,1.0,-30.416029757463765,5.442344309423617,-30.416029757463765,5.442344309423617,4.858207383469869,4.772452957715719,0.14294735026760397
7482.0,299.28000000000003,1.0,-30.379518252591843,5.634428429011546,-30.379518252591843,5.634428429011546,4.863661816997551,4.784086639228159,0.14243401676776785
7483.0,299.32,1.0,-30.342120775729246,5.826821977115115,-30.342120775729246,5.826821977115115,4.869054286200427,4.79598624270802,0.14182768825958367
7484.0,299.36,1.0,-30.30380729616245,6.018682743672672,-30.30380729616245,6.018682743672672,4.874389016038115,4.80810000910137,0.14114147416143785
7485.0,299.40000000000003,1.0,-30.264684467422022,6.211984728818164,-30.264684467422022,6.211984728818164,4.879672967920839,4.820376626104894,0.14039307012084773
7486.0,299.44,1.0,-30.224637946836765,6.405334112245447,-30.224637946836765,6.405334112245447,4.884916036521512,4.83275164140516,0.1396050342876916
7487.0,299.48,1.0,-30.184491918847925,6.599935728369542,-30.184491918847925,6.599935728369542,4.890131387599798,4.845156140528491,0.13880426336050314
7488.0,299.52,1.0,-30.141603799219467,6.7945856823282185,-30.141603799219467,6.7945856823282185,4.89533597799033,4.857512608102246,0.13802192107424754
7489.0,299.56,1.0,-30.097641314725006,6.988072556404903,-30.097641314725006,6.988072556404903,4.9005482856094815,4.869743613813737,0.13729210308521264
7490.0,299.6,1.0,-30.0527720198342,7.182669392914178,-30.0527720198342,7.182669392914178,4.905788621043945,4.881769738343501,0.136651031322424
7491.0,299.64,1.0,-30.006181127186302,7.378273481001861,-30.006181127186302,7.378273481001861,4.911077905557094,4.893516372600706,0.13613545831671475
7492.0,299.68,1.0,-29.9594453730941,7.573266456978175,-29.9594453730941,7.573266456978175,4.916436849274488,4.9049133848399205,0.13578191603227086
7493.0,299.72,1.0,-29.91019895916428,7.768984617196137,-29.91019895916428,7.768984617196137,4.921886600037127,4.915900324526425,0.13562491966486892
7494.0,299.76,1.0,-29.860007520677073,7.961948468310213,-29.860007520677073,7.961948468310213,4.927445085568373,4.926393740281836,0.1356942113735254
7495.0,299.8,1.0,-29.807961606928266,8.155715594154616,-29.807961606928266,8.155715594154616,4.933128249758936,4.936282547833363,0.13601348056734613
7496.0,299.84000000000003,1.0,-29.75444567602897,8.348267663257456,-29.75444567602897,8.348267663257456,4.938949087395159,4.9454100176002145,0.13659853336982206
7497.0,299.88,1.0,-29.700535376926002,8.541812562731335,-29.700535376926002,8.541812562731335,4.944917729394,4.953577022465117,0.13745600639043898
7498.0,299.92,1.0,-29.643692537882476,8.734511968290159,-29.643692537882476,8.734511968290159,4.951039958124733,4.960539517412622,0.13858206148152066
7499.0,299.96,1.0,-29.586407484628342,8.928730477427608,-29.586407484628342,8.928730477427608,4.957310640142946,4.966156356677265,0.13995464130428253
7500.0,300.0,1.0,-29.52726476413987,9.119911454354222,-29.52726476413987,9.119911454354222,4.963721954446525,4.97026149259117,0.14154206680210152
7501.0,300.04,1.0,-29.467072102160095,9.312291248585497,-29.467072102160095,9.312291248585497,4.970257518941957,4.972727220626745,0.14329919632504262
7502.0,300.08,1.0,-29.405320140099594,9.50306454128504,-29.405320140099594,9.50306454128504,4.976897253649527,4.97339416162224,0.14517202776503463
7503.0,300.12,1.0,-29.341852261745792,9.694084997002294,-29.341852261745792,9.694084997002294,4.983615322934478,4.972086438406974,0.1470956352009602
7504.0,300.16,1.0,-29.275511076961454,9.884323801553595,-29.275511076961454,9.884323801553595,4.99033635183889,4.969190506339587,0.14908321193972518
7505.0,300.2,1.0,-29.207702171798324,10.073636184561012,-29.207702171798324,10.073636184561012,4.997036410392566,4.964575374478292,0.15107704079210166
7506.0,300.24,1.0,-29.138420975700647,10.262297978885064,-29.138420975700647,10.262297978885064,5.003666430578054,4.958415710515662,0.15305572023872868
7507.0,300.28000000000003,1.0,-29.067374039952387,10.451819052329915,-29.067374039952387,10.451819052329915,5.010199570947392,4.950661857240737,0.15495979443508565
7508.0,300.32,1.0,-29.034256416142615,10.546500745668398,-29.034256416142615,10.546500745668398,5.013692647338405,4.949525541511755,0.15625723728797625
7509.0,300.36,1.0,-29.000088183893354,10.642627828315067,-29.000088183893354,10.642627828315067,5.017239011273755,4.947899053459532,0.15762692029051997
7510.0,300.40000000000003,1.0,-28.964937838859516,10.737322967083587,-28.964937838859516,10.737322967083587,5.020829523317787,4.945743326037593,0.15904868222678073
7511.0,300.44,1.0,-28.929595317201063,10.831912328330867,-28.929595317201063,10.831912328330867,5.024452396597149,4.942996626330351,0.1604981899687894
7512.0,300.48,1.0,-28.89265496985788,10.926289324351062,-28.89265496985788,10.926289324351062,5.028093577233121,4.939572114760597,0.1619468618687643
7513.0,300.52,1.0,-28.856227272110385,11.020437792940468,-28.856227272110385,11.020437792940468,5.031735981591557,4.935341795198201,0.16336206115533963
7514.0,300.56,1.0,-28.81989334671923,11.114953564211504,-28.81989334671923,11.114953564211504,5.0353615387992114,4.930185322249222,0.16470882043646776
7515.0,300.6,1.0,-28.78287084043873,11.209309064441385,-28.78287084043873,11.209309064441385,5.038949236841609,4.923988420560843,0.16595003499681862
7516.0,300.64,1.0,-28.746177335838464,11.303599038113026,-28.746177335838464,11.303599038113026,5.042475734481351,4.916696468626494,0.1670476766473871
