0.5 0.017453292519943295 0.0 0.0259874121879654 0.025793529811020992 0.0001938823769444091
0.5 0.017453292519943295 0.5 0.03956146460582044 0.04086405188125558 -0.0013025872754351409
0.5 0.017453292519943295 1.0 0.07013392841792779 0.06813122523640223 0.002002703181525553
0.5 0.017453292519943295 1.5 0.04960221150826396 0.04889925800097962 0.0007029535072843388
0.5 0.017453292519943295 2.0 0.047514061529582916 0.047088304541844754 0.00042575698773816145
0.5 0.017453292519943295 2.5 0.05167259571922476 0.0514160300324058 0.00025656568681895614
0.5 0.017453292519943295 3.0 0.04924153955622655 0.049030159273961135 0.0002113802822654165
0.5 0.017453292519943295 0.0 0.02546760231010754 0.025332469649447402 0.00013513266066013732
0.5 0.017453292519943295 0.5 0.03174422688779382 0.031675570697263906 6.865619052991156e-05
0.5 0.017453292519943295 1.0 0.036205770857870787 0.03567105304327267 0.0005347178145981152
0.5 0.017453292519943295 1.5 0.04672916119987125 0.046786257070058616 -5.709587018736667e-05
0.5 0.017453292519943295 2.0 0.04829219719374416 0.047090324654663805 0.0012018725390803564
0.5 0.017453292519943295 2.5 0.09079690287057143 0.0913426324895698 -0.0005457296189983613
0.5 0.017453292519943295 3.0 0.052246239268367 0.05211126731783868 0.00013497195052832034
0.5 0.017453292519943295 0.0 0.0270048042649121 0.02700201482415709 2.789440755008449e-06
0.5 0.017453292519943295 0.5 0.04150438261661976 0.042492127026821556 -0.0009877444102017949
0.5 0.017453292519943295 1.0 0.09224113670328209 0.09050837536954566 0.0017327613337364267
0.5 0.017453292519943295 1.5 0.06568323651025544 0.0635613153062926 0.0021219212039628454
0.5 0.017453292519943295 2.0 0.05756309220940197 0.058672699018151 -0.0011096068087490321
0.5 0.017453292519943295 2.5 0.045290685063253754 0.04592744192763346 -0.0006367568643797089
0.5 0.017453292519943295 3.0 0.05782894332819344 0.05813470569573959 -0.0003057623675461543
0.5 0.017453292519943295 0.0 0.026192347741227 0.026051634753686947 0.00014071298754005437
0.5 0.017453292519943295 0.5 0.032181239530861425 0.034014935255461815 -0.0018336957246003899
0.5 0.017453292519943295 1.0 0.03993268994598568 0.04074710097690494 -0.0008144110309192612
0.5 0.017453292519943295 1.5 0.06467202715976407 0.06610890835710194 -0.0014368811973378692
0.5 0.017453292519943295 2.0 0.07578936448323793 0.0764905758662297 -0.0007012113829917704
0.5 0.017453292519943295 2.5 0.05024682252749937 0.05006940819618649 0.0001774143313128737
0.5 0.017453292519943295 3.0 0.07922458977526672 0.07878798325333372 0.00043660652193300287
0.5 0.017453292519943295 0.0 0.026368501950759696 0.026337563959152595 3.093799160710023e-05
0.5 0.017453292519943295 0.5 0.05776070873621408 0.056541863163226576 0.0012188455729875008
0.5 0.017453292519943295 1.0 0.056261915637398054 0.05624632660392493 1.558903347312346e-05
0.5 0.017453292519943295 1.5 0.04745580955463924 0.049754740415757615 -0.0022989308611183756
0.5 0.017453292519943295 2.0 0.1013845834485838 0.10097163761882093 0.0004129458297628674
0.5 0.017453292519943295 2.5 0.09424086502051547 0.09738526049695995 -0.0031443954764444754
0.5 0.017453292519943295 3.0 0.04761431342412496 0.04714808520066827 0.00046622822345668974
0.5 0.017453292519943295 0.0 0.02607087868864833 0.026082132844031027 -1.125415538269503e-05
0.5 0.017453292519943295 0.5 0.03079393900791436 0.030875321746333943 -8.13827384195838e-05
0.5 0.017453292519943295 1.0 0.03976145751351887 0.04034978467349539 -0.0005883271599765177
0.5 0.017453292519943295 1.5 0.05340487263794362 0.05405104226898338 -0.0006461696310397572
0.5 0.017453292519943295 2.0 0.06088019120888691 0.061499883040014865 -0.0006196918311279567
0.5 0.017453292519943295 2.5 0.11336888477401147 0.11382226622135103 -0.000453381447339557
0.5 0.017453292519943295 3.0 0.04649224565285738 0.048610088495441316 -0.002117842842583935
0.5 0.017453292519943295 0.0 0.025983298652628346 0.025914151847619336 6.914680500900994e-05
0.5 0.017453292519943295 0.5 0.031712542190627836 0.03232841432953959 -0.0006158721389117536
0.5 0.017453292519943295 1.0 0.061568054963305384 0.06403898484043706 -0.0024709298771316765
0.5 0.017453292519943295 1.5 0.04212008075656062 0.04131186179331093 0.0008082189632496878
0.5 0.017453292519943295 2.0 0.07090011641191075 0.07127497596111418 -0.000374859549203424
0.5 0.017453292519943295 2.5 0.0490542523824038 0.0523964379401733 -0.0033421855577694948
0.5 0.017453292519943295 3.0 0.04612628097745279 0.04868608837647042 -0.0025598073990176287
0.5 0.017453292519943295 0.0 0.026228580702613337 0.026144951864794472 8.362883781886515e-05
0.5 0.017453292519943295 0.5 0.03435253817221783 0.032369865552797715 0.001982672619420117
0.5 0.017453292519943295 1.0 0.04412723685698862 0.04582120500123627 -0.0016939681442476526
0.5 0.017453292519943295 1.5 0.03883359406452674 0.03837514048046946 0.00045845358405727926
0.5 0.017453292519943295 2.0 0.04310544065261999 0.04330607835400431 -0.0002006377013843222
0.5 0.017453292519943295 2.5 0.055739380428666364 0.055887625695243456 -0.00014824526657709197
0.5 0.017453292519943295 3.0 0.055157299514902086 0.05598773494400724 -0.0008304354291051516
0.5 0.017453292519943295 0.0 0.02648071861798257 0.026427391509692574 5.3327108289997344e-05
0.5 0.017453292519943295 0.5 0.031073071948992125 0.031221035970356192 -0.0001479640213640672
0.5 0.017453292519943295 1.0 0.03983513065320668 0.039708142584226946 0.00012698806897973314
0.5 0.017453292519943295 1.5 0.045721067187652016 0.04583087405580468 -0.00010980686815266483
0.5 0.017453292519943295 2.0 0.07926511262328124 0.07923543402831174 2.967859496950942e-05
0.5 0.017453292519943295 2.5 0.07361853639810938 0.07402057170810389 -0.0004020353099945112
0.5 0.017453292519943295 3.0 0.11180732644503906 0.10767435142913981 0.004132975015899251
0.5 0.017453292519943295 0.0 0.026269810559676646 0.026257685823185942 1.2124736490704002e-05
0.5 0.017453292519943295 0.5 0.03540353496958497 0.036350970063818634 -0.000947435094233666
0.5 0.017453292519943295 1.0 0.03637534530755062 0.036357001131515146 1.834417603547439e-05
0.5 0.017453292519943295 1.5 0.09542200161624882 0.09539192675994225 3.007485630657225e-05
0.5 0.017453292519943295 2.0 0.05879213409322332 0.05826963841997925 0.0005224956732440694
0.5 0.017453292519943295 2.5 0.05959579187254414 0.05624956718655183 0.0033462246859923134
0.5 0.017453292519943295 3.0 0.0464252702369266 0.04634347027490766 8.179996201894413e-05