1.0 0.017453292519943295 0.0 0.02557588624049143 0.025560420728424176 1.5465512067255882e-05
1.0 0.017453292519943295 0.5 0.0287037979709039 0.028713450426864563 -9.652455960663942e-06
1.0 0.017453292519943295 1.0 0.041717837585652895 0.04218689132145516 -0.0004690537358022634
1.0 0.017453292519943295 1.5 0.04972315159890341 0.049661635249077365 6.151634982604764e-05
1.0 0.017453292519943295 2.0 0.03888222500090867 0.03755764739918099 0.001324577601727675
1.0 0.017453292519943295 2.5 0.03941070937820292 0.03943285084318472 -2.214146498179942e-05
1.0 0.017453292519943295 3.0 0.054214490664909847 0.053467543192982456 0.0007469474719273908
1.0 0.017453292519943295 0.0 0.02557588624049143 0.025561785881784718 1.4100358706713167e-05
1.0 0.017453292519943295 0.5 0.035087470066554126 0.03414913480804455 0.0009383352585095733
1.0 0.017453292519943295 1.0 0.03773564471667578 0.037667264333277 6.838038339877783e-05
1.0 0.017453292519943295 1.5 0.03611273751268258 0.03523629580044788 0.0008764417122347004
1.0 0.017453292519943295 2.0 0.05401193626467286 0.05309868484958416 0.0009132514150887033
1.0 0.017453292519943295 2.5 0.04860754336990836 0.04868390014653185 -7.635677662349433e-05
1.0 0.017453292519943295 3.0 0.05316262247624813 0.05245322610982039 0.0007093963664277433
1.0 0.017453292519943295 0.0 0.02557588624049143 0.02556469352998417 1.1192710507260811e-05
1.0 0.017453292519943295 0.5 0.028952618054967724 0.02894939433548425 3.2237194834729144e-06
1.0 0.017453292519943295 1.0 0.04364699381745983 0.0430321123687041 0.0006148814487557316
1.0 0.017453292519943295 1.5 0.037878080152098904 0.03738063055925818 0.0004974495928407249
1.0 0.017453292519943295 2.0 0.03870905885629591 0.03867540714331518 3.365171298072567e-05
1.0 0.017453292519943295 2.5 0.04842500294761743 0.04803747919363028 0.0003875237539871512
1.0 0.017453292519943295 3.0 0.04789266088720476 0.047363067778463705 0.0005295931087410527
1.0 0.017453292519943295 0.0 0.02557588624049143 0.025561529229762098 1.4357010729333652e-05
1.0 0.017453292519943295 0.5 0.027470858207125245 0.02744441985244273 2.6438354682516152e-05
1.0 0.017453292519943295 1.0 0.05966056272662735 0.058940420141411744 0.0007201425852156051
1.0 0.017453292519943295 1.5 0.05758293466796029 0.057455369610907345 0.00012756505705294185
1.0 0.017453292519943295 2.0 0.04586829185131631 0.04527776703606374 0.0005905248152525688
1.0 0.017453292519943295 2.5 0.05923975592927199 0.05934801912659906 -0.00010826319732706868
1.0 0.017453292519943295 3.0 0.058907446805629864 0.058965224334020024 -5.777752839015993e-05
1.0 0.017453292519943295 0.0 0.02557588624049143 0.02556172939641836 1.4156844073069663e-05
1.0 0.017453292519943295 0.5 0.030792382854316847 0.03211466332410678 -0.0013222804697899312
1.0 0.017453292519943295 1.0 0.03245415392507285 0.032068459625181976 0.00038569429989087495
1.0 0.017453292519943295 1.5 0.05752892497595124 0.056805524898522565 0.0007234000774286736
1.0 0.017453292519943295 2.0 0.05163672775851132 0.05008320036453676 0.0015535273939745534
1.0 0.017453292519943295 2.5 0.052300533231497415 0.05260057493157548 -0.00030004170007806585
1.0 0.017453292519943295 3.0 0.04258397200199001 0.04246414397760112 0.00011982802438888912
1.0 0.017453292519943295 0.0 0.02557588624049143 0.02556258821207079 1.3298028420642705e-05
1.0 0.017453292519943295 0.5 0.03141865095913098 0.031892589703152494 -0.0004739387440215112
1.0 0.017453292519943295 1.0 0.03182418296967214 0.03185390430578913 -2.9721336116991792e-05
1.0 0.017453292519943295 1.5 0.04759644237688529 0.0476877936538641 -9.135127697881135e-05
1.0 0.017453292519943295 2.0 0.06953873197669533 0.070017634216841 -0.0004789022401456705
1.0 0.017453292519943295 2.5 0.05219448312289774 0.05291589440446507 -0.0007214112815673301
1.0 0.017453292519943295 3.0 0.04393726495483771 0.042847545365062634 0.0010897195897750789
1.0 0.017453292519943295 0.0 0.02557588624049143 0.025561788611621315 1.4097628870116813e-05
1.0 0.017453292519943295 0.5 0.029332815761617295 0.029502096604616782 -0.000169280842999487
1.0 0.017453292519943295 1.0 0.06617165457117534 0.06611759503114738 5.405954002796198e-05
1.0 0.017453292519943295 1.5 0.034979145597334 0.03497025793446845 8.887662865546264e-06
1.0 0.017453292519943295 2.0 0.04483480976261947 0.04566682690468458 -0.0008320171420651071
1.0 0.017453292519943295 2.5 0.03993144392066482 0.03992409764879107 7.346271873751031e-06
1.0 0.017453292519943295 3.0 0.044799507905262555 0.04451466380983265 0.0002848440954299064
1.0 0.017453292519943295 0.0 0.02557588624049143 0.025562067996393704 1.3818244097726917e-05
1.0 0.017453292519943295 0.5 0.029757295975866495 0.02956093511746019 0.00019636085840630396
1.0 0.017453292519943295 1.0 0.043067798435133704 0.04284185340845057 0.0002259450266831331
1.0 0.017453292519943295 1.5 0.04991792019536609 0.04994392339462547 -2.6003199259383436e-05
1.0 0.017453292519943295 2.0 0.036928706475063834 0.036574412165678145 0.00035429430938568873
1.0 0.017453292519943295 2.5 0.04844639216720142 0.0479967150636265 0.000449677103574915
1.0 0.017453292519943295 3.0 0.04081807073314964 0.040796362278431586 2.1708454718057102e-05
1.0 0.017453292519943295 0.0 0.02557588624049143 0.02555795463467738 1.793160581405051e-05
1.0 0.017453292519943295 0.5 0.0327353209414042 0.032291366935780524 0.0004439540056236785
1.0 0.017453292519943295 1.0 0.05644665590528387 0.05661436976486138 -0.00016771385957751322
1.0 0.017453292519943295 1.5 0.042802524087997534 0.04222151799178591 0.000581006096211624
1.0 0.017453292519943295 2.0 0.05623469717738892 0.05628656968059396 -5.1872503205034615e-05
1.0 0.017453292519943295 2.5 0.04092081212676609 0.04104772737395295 -0.00012691524718685954
1.0 0.017453292519943295 3.0 0.07782302849407083 0.07783936799531554 -1.6339501244716503e-05
1.0 0.017453292519943295 0.0 0.02557588624049143 0.02556140284944806 1.4483391043370458e-05
1.0 0.017453292519943295 0.5 0.03078097634043475 0.030741078117687223 3.989822274752877e-05
1.0 0.017453292519943295 1.0 0.03522978016512505 0.0365216405353534 -0.0012918603702283538
1.0 0.017453292519943295 1.5 0.037833769448964986 0.03850860236775044 -0.0006748329187854507
1.0 0.017453292519943295 2.0 0.03777275918120214 0.03775091021112131 2.184897008083303e-05
1.0 0.017453292519943295 2.5 0.041261299255510836 0.04237369379690614 -0.0011123945413953062
1.0 0.017453292519943295 3.0 0.0630055454547355 0.0625266578346824 0.0004788876200530895