1.0 0.017453292519943295 0.0 72.38956099534448 72.38877103309733 0.0007899622471541079
1.0 0.017453292519943295 0.5 65.69694584528386 65.68142067364585 0.01552517163801781
1.0 0.017453292519943295 1.0 51.219187549389396 51.17406897678837 0.045118572601026585
1.0 0.017453292519943295 1.5 81.72983640225827 81.63472262377958 0.09511377847869085
1.0 0.017453292519943295 2.0 123.90561319354642 123.7452735222977 0.16033967124872106
1.0 0.017453292519943295 2.5 185.3386926054755 185.12495387058325 0.21373873489224593
1.0 0.017453292519943295 3.0 256.7881828838808 256.3180620525403 0.47012083134046634
1.0 0.017453292519943295 0.0 72.38956099534448 72.38877133466661 0.0007896606778672322
1.0 0.017453292519943295 0.5 65.79304710870372 65.80605779703251 -0.01301068832879082
1.0 0.017453292519943295 1.0 50.602711050557886 50.61853789130644 -0.01582684074855223
1.0 0.017453292519943295 1.5 80.88352077342184 80.77439669479628 0.1091240786255554
1.0 0.017453292519943295 2.0 123.4096588729809 123.2342062042643 0.17545266871660203
1.0 0.017453292519943295 2.5 187.31575527799674 186.98100634876295 0.33474892923379684
1.0 0.017453292519943295 3.0 264.72595891464357 264.2914649688929 0.4344939457506598
1.0 0.017453292519943295 0.0 72.38956099534448 72.38874514037155 0.0008158549729273545
1.0 0.017453292519943295 0.5 66.72092563113483 66.72884364028384 -0.007918009149008753
1.0 0.017453292519943295 1.0 50.94627174980808 50.99530418918695 -0.0490324393788697
1.0 0.017453292519943295 1.5 80.24363585299616 80.14099358312258 0.10264226987358427
1.0 0.017453292519943295 2.0 126.62064229063589 126.44566763878743 0.1749746518484585
1.0 0.017453292519943295 2.5 182.4739206873034 182.18024216709958 0.29367852020382657
1.0 0.017453292519943295 3.0 243.80057822070225 243.3337053462831 0.4668728744191526
1.0 0.017453292519943295 0.0 72.38956099534448 72.38876364474052 0.0007973506039604672
1.0 0.017453292519943295 0.5 66.02959782649708 66.07096982662077 -0.0413720001236868
1.0 0.017453292519943295 1.0 51.11570023097802 51.07106755230044 0.04463267867757992
1.0 0.017453292519943295 1.5 81.71125295775659 81.60431195778739 0.10694099996919704
1.0 0.017453292519943295 2.0 126.19182441122254 126.24675852887832 -0.05493411765577605
1.0 0.017453292519943295 2.5 182.08774353749044 181.71709711170865 0.37064642578178564
1.0 0.017453292519943295 3.0 249.69374792108647 249.28794541143932 0.40580250964714537
1.0 0.017453292519943295 0.0 72.38956099534448 72.3887665041398 0.0007944912046866648
1.0 0.017453292519943295 0.5 64.28493332727768 64.30790383261427 -0.02297050533658762
1.0 0.017453292519943295 1.0 52.6245784245754 52.578558613086045 0.046019811489351525
1.0 0.017453292519943295 1.5 81.50538594835108 81.42704309721128 0.07834285113979433
1.0 0.017453292519943295 2.0 128.83826621917913 128.47818245166337 0.36008376751576066
1.0 0.017453292519943295 2.5 177.37321215280326 177.2650348191792 0.10817733362407012
1.0 0.017453292519943295 3.0 242.44207771828783 241.97744712981444 0.46463058847339767
1.0 0.017453292519943295 0.0 72.38956099534448 72.38874311033686 0.000817885007620589
1.0 0.017453292519943295 0.5 64.83068943493602 64.84990168671445 -0.019212251778427003
1.0 0.017453292519943295 1.0 50.65970561434803 50.672454946244805 -0.01274933189677796
1.0 0.017453292519943295 1.5 82.28908748706749 82.10167888152941 0.18740860553808147
1.0 0.017453292519943295 2.0 125.72401420404178 125.53187788730109 0.19213631674068665
1.0 0.017453292519943295 2.5 169.10575295895262 168.86132071955527 0.24443223939735503
1.0 0.017453292519943295 3.0 245.11494771863175 244.74071496458788 0.3742327540438737
1.0 0.017453292519943295 0.0 72.38956099534448 72.38881197202322 0.0007490233212621433
1.0 0.017453292519943295 0.5 62.52871568519644 62.565574932333625 -0.03685924713718691
1.0 0.017453292519943295 1.0 50.086443867450505 50.087314396120306 -0.0008705286698003079
1.0 0.017453292519943295 1.5 82.68895037864704 82.59048633767118 0.09846404097585548
1.0 0.017453292519943295 2.0 127.69672583871898 130.5637908569937 -2.8670650182747295
1.0 0.017453292519943295 2.5 180.54441003035203 180.2826798740947 0.26173015625732887
1.0 0.017453292519943295 3.0 245.1545852254227 244.6991040471078 0.45548117831489776
1.0 0.017453292519943295 0.0 72.38956099534448 72.38875745414961 0.0008035411948696947
1.0 0.017453292519943295 0.5 67.25730046949148 67.30389216958835 -0.04659170009686875
1.0 0.017453292519943295 1.0 51.93944521846442 51.94445037384396 -0.0050051553795356085
1.0 0.017453292519943295 1.5 84.99121382458192 84.90737956012123 0.08383426446069109
1.0 0.017453292519943295 2.0 122.68633787256022 122.83177729462258 -0.14543942206236693
1.0 0.017453292519943295 2.5 187.38850278575535 187.03602578488625 0.3524770008691007
1.0 0.017453292519943295 3.0 242.28579718823596 241.90296077046804 0.3828364177679191
1.0 0.017453292519943295 0.0 72.38956099534448 72.3887347254364 0.0008262699080887614
1.0 0.017453292519943295 0.5 65.08147374404007 65.14526310423769 -0.06378936019761738
1.0 0.017453292519943295 1.0 51.16623410128912 51.11780157318263 0.04843252810648835
1.0 0.017453292519943295 1.5 82.66059659079748 83.38746915174737 -0.7268725609498858
1.0 0.017453292519943295 2.0 122.36380107307887 122.20049359383606 0.16330747924281752
1.0 0.017453292519943295 2.5 178.6279470904345 178.331272511883 0.29667457855151724
1.0 0.017453292519943295 3.0 256.81139749009856 256.17677211389844 0.6346253762001197
1.0 0.017453292519943295 0.0 72.38956099534448 72.38872385146709 0.0008371438773906448
1.0 0.017453292519943295 0.5 67.50023024904336 67.51875538929094 -0.01852514024758989
1.0 0.017453292519943295 1.0 51.02592478735312 51.02733163029711 -0.0014068429439930696
1.0 0.017453292519943295 1.5 79.72870294062808 79.62455004770781 0.10415289292026841
1.0 0.017453292519943295 2.0 124.47389381991294 124.31096335197326 0.16293046793968813
1.0 0.017453292519943295 2.5 197.368773526737 197.03914866961787 0.32962485711911427
1.0 0.017453292519943295 3.0 251.6491621979539 251.21234278349084 0.4368194144630593