0.5 0.017453292519943295 0.0 72.34581374529535 72.33759721770252 0.008216527592821876
0.5 0.017453292519943295 0.5 64.05548886649835 64.13512423768027 -0.07963537118192221
0.5 0.017453292519943295 1.0 55.119993504175135 54.97280224052203 0.14719126365310586
0.5 0.017453292519943295 1.5 100.4042568891262 100.58781149637706 -0.18355460725085493
0.5 0.017453292519943295 2.0 163.86663575188894 162.9484350745875 0.918200677301428
0.5 0.017453292519943295 2.5 226.26145686513786 225.02898152044685 1.2324753446910108
0.5 0.017453292519943295 3.0 318.796162997966 317.29219297422117 1.5039700237448415
0.5 0.017453292519943295 0.0 72.36466314795149 72.36106081573733 0.0036023322141574
0.5 0.017453292519943295 0.5 62.558109428613136 62.57537480677978 -0.0172653781666412
0.5 0.017453292519943295 1.0 58.26931416611305 57.98546771905679 0.2838464470562556
0.5 0.017453292519943295 1.5 92.20661810386736 91.5903650793766 0.61625302449076
0.5 0.017453292519943295 2.0 143.03610063641167 142.11476817875067 0.9213324576610091
0.5 0.017453292519943295 2.5 217.58977157872536 216.77090367671804 0.8188679020073266
0.5 0.017453292519943295 3.0 304.4251766416557 301.56386030530257 2.861316336353127
0.5 0.017453292519943295 0.0 72.38352030303749 72.38068805216878 0.002832250868706865
0.5 0.017453292519943295 0.5 61.88499232548235 62.048613313950604 -0.1636209884682529
0.5 0.017453292519943295 1.0 58.15134146782449 57.97727534707476 0.17406612074972827
0.5 0.017453292519943295 1.5 91.28073734602799 90.79590401772745 0.4848333283005388
0.5 0.017453292519943295 2.0 142.18957587824585 141.55162290920003 0.6379529690458128
0.5 0.017453292519943295 2.5 223.91160743770894 222.04259232619967 1.8690151115092704
0.5 0.017453292519943295 3.0 300.5045554405855 299.1115057472976 1.3930496932878782
0.5 0.017453292519943295 0.0 72.34779220922657 72.34428058478048 0.0035116244460908774
0.5 0.017453292519943295 0.5 65.20648742028926 65.22550763357168 -0.019020213282416876
0.5 0.017453292519943295 1.0 54.711543246929 54.51978287067157 0.19176037625742737
0.5 0.017453292519943295 1.5 93.88083418260105 93.47183868975604 0.40899549284500836
0.5 0.017453292519943295 2.0 152.49603526811558 151.49044031522305 1.0055949528925225
0.5 0.017453292519943295 2.5 228.84830245544927 227.6567864390166 1.1915160164326721
0.5 0.017453292519943295 3.0 291.1318877466037 289.48058631444025 1.65130143216345
0.5 0.017453292519943295 0.0 72.38858492966774 72.3847330813912 0.0038518482765397266
0.5 0.017453292519943295 0.5 64.63567217349939 64.65591915114203 -0.020246977642642605
0.5 0.017453292519943295 1.0 54.93115826166888 54.69548461053416 0.23567365113471794
0.5 0.017453292519943295 1.5 94.03285754602796 93.46728197027586 0.5655755757520922
0.5 0.017453292519943295 2.0 152.26834381145952 151.13385076673237 1.1344930447271508
0.5 0.017453292519943295 2.5 216.05460942532855 214.42057222075204 1.634037204576515
0.5 0.017453292519943295 3.0 288.6696408720592 286.95571396668646 1.7139269053727162
0.5 0.017453292519943295 0.0 72.40297152366804 72.40382707188122 -0.0008555482131811232
0.5 0.017453292519943295 0.5 63.12067224278877 63.137537173090244 -0.01686493030147318
0.5 0.017453292519943295 1.0 56.16259641350808 56.048263045998404 0.11433336750967982
0.5 0.017453292519943295 1.5 98.56558464091222 97.99561549440867 0.5699691465035528
0.5 0.017453292519943295 2.0 145.76556469323282 145.00667882333104 0.7588858699017749
0.5 0.017453292519943295 2.5 242.1266253204379 240.67013657508585 1.4564887453520612
0.5 0.017453292519943295 3.0 314.71899936955606 313.1332034673087 1.5857959022473551
0.5 0.017453292519943295 0.0 72.34932922112499 72.34734423241663 0.0019849887083580597
0.5 0.017453292519943295 0.5 62.89013155727699 63.00398456510002 -0.11385300782303176
0.5 0.017453292519943295 1.0 56.57498277693334 56.42727305128107 0.1477097256522697
0.5 0.017453292519943295 1.5 94.71768688523788 94.14149447453048 0.5761924107074066
0.5 0.017453292519943295 2.0 156.57485697388216 155.69977604400296 0.8750809298792035
0.5 0.017453292519943295 2.5 212.311559969725 211.16580626739804 1.1457537023269708
0.5 0.017453292519943295 3.0 337.10394603902023 335.3804654273392 1.7234806116810546
0.5 0.017453292519943295 0.0 72.28518102914423 72.2819555063088 0.003225522835421657
0.5 0.017453292519943295 0.5 63.87822733317976 63.732207047688554 0.14602028549120405
0.5 0.017453292519943295 1.0 58.109794093628445 57.91105446428154 0.19873962934690326
0.5 0.017453292519943295 1.5 91.99581616246827 91.84909331366275 0.1467228488055241
0.5 0.017453292519943295 2.0 143.2300109476385 142.61710057925663 0.6129103683818755
0.5 0.017453292519943295 2.5 211.57875164473026 210.5481868342272 1.0305648105030514
0.5 0.017453292519943295 3.0 303.7130758073637 301.50141281504295 2.2116629923207256
0.5 0.017453292519943295 0.0 72.476184915293 72.4766778242047 -0.000492908911695622
0.5 0.017453292519943295 0.5 64.2388481067578 64.2750137166232 -0.03616560986540662
0.5 0.017453292519943295 1.0 56.14326830451772 55.98509882520847 0.15816947930925096
0.5 0.017453292519943295 1.5 89.80626510279222 89.49643214083856 0.30983296195365995
0.5 0.017453292519943295 2.0 147.20896178600515 146.29568075823937 0.9132810277657768
0.5 0.017453292519943295 2.5 208.360070724186 207.30271143982898 1.0573592843570054
0.5 0.017453292519943295 3.0 281.41599263252823 280.23151256112277 1.18448007140546
0.5 0.017453292519943295 0.0 72.4054642003301 72.40040952147454 0.0050546788555578814
0.5 0.017453292519943295 0.5 62.387128742407945 62.468223558795074 -0.08109481638712879
0.5 0.017453292519943295 1.0 55.15194653189157 55.085306080097 0.06664045179456934
0.5 0.017453292519943295 1.5 91.04524117369357 90.51998502762859 0.5252561460649758
0.5 0.017453292519943295 2.0 158.21816877673345 157.5872063433948 0.6309624333386523
0.5 0.017453292519943295 2.5 225.2411771699117 223.91636572330174 1.3248114466099707
0.5 0.017453292519943295 3.0 288.4194372227547 286.8574893385295 1.5619478842252192